Time [d]	S_in [perMille]
1
-1 0.00
1 10
2 10
3 10
4 10
5 10
6 10
7 10
8 10
9 10
10 10
11 10
12 10
13 10
14 10
15 10
16 10
17 10
18 10
19 10
20 10
21 10
22 10
23 10
24 10
25 10
26 10
27 10
28 10
29 10
30 10
31 10
32 10
33 10
34 10
35 10
36 10
37 10
38 10
39 10
40 10
41 10
42 10
43 10
44 10
45 10
46 10
47 10
48 10
49 10
50 10
51 10
52 10
53 10
54 10
55 10
56 10
57 10
58 10
59 10
60 10
61 10
62 10
63 10
64 10
65 10
66 10
67 10
68 10
69 10
70 10
71 10
72 10
73 10
74 10
75 10
76 10
77 10
78 10
79 10
80 10
81 10
82 10
83 10
84 10
85 10
86 10
87 10
88 10
89 10
90 10
91 10
92 10
93 10
94 10
95 10
96 10
97 10
98 10
99 10
100 10
101 10
102 10
103 10
104 10
105 10
106 10
107 10
108 10
109 10
110 10
111 10
112 10
113 10
114 10
115 10
116 10
117 10
118 10
119 10
120 10
121 0.1
122 0.1
123 0.1
124 0.1
125 0.1
126 0.1
127 0.1
128 0.1
129 0.1
130 0.1
131 0.1
132 0.1
133 0.1
134 0.1
135 0.1
136 0.1
137 0.1
138 0.1
139 0.1
140 0.1
141 0.1
142 0.1
143 0.1
144 0.1
145 0.1
146 0.1
147 0.1
148 0.1
149 0.1
150 0.1
151 0.1
152 0.1
153 0.1
154 0.1
155 0.1
156 0.1
157 0.1
158 0.1
159 0.1
160 0.1
161 0.1
162 0.1
163 0.1
164 0.1
165 0.1
166 0.1
167 0.1
168 0.1
169 0.1
170 0.1
171 0.1
172 0.1
173 0.1
174 0.1
175 0.1
176 0.1
177 0.1
178 0.1
179 0.1
180 0.1
181 0.1
182 0.1
183 0.1
184 0.1
185 0.1
186 0.1
187 0.1
188 0.1
189 0.1
190 0.1
191 0.1
192 0.1
193 0.1
194 0.1
195 0.1
196 0.1
197 0.1
198 0.1
199 0.1
200 0.1
201 0.1
202 0.1
203 0.1
204 0.1
205 0.1
206 0.1
207 0.1
208 0.1
209 0.1
210 0.1
211 0.1
212 0.1
213 0.1
214 0.1
215 0.1
216 0.1
217 0.1
218 0.1
219 0.1
220 0.1
221 0.1
222 0.1
223 0.1
224 0.1
225 0.1
226 0.1
227 0.1
228 0.1
229 0.1
230 0.1
231 0.1
232 0.1
233 0.1
234 0.1
235 0.1
236 0.1
237 0.1
238 0.1
239 0.1
240 0.1
241 0.1
242 0.1
243 0.1
244 0.1
245 0.1
246 0.1
247 0.1
248 0.1
249 0.1
250 0.1
251 0.1
252 0.1
253 0.1
254 0.1
255 0.1
256 0.1
257 0.1
258 0.1
259 0.1
260 0.1
261 0.1
262 0.1
263 0.1
264 0.1
265 0.1
266 0.1
267 0.1
268 0.1
269 0.1
270 0.1
271 0.1
272 0.1
273 0.1
274 0.1
275 0.1
276 0.1
277 0.1
278 0.1
279 0.1
280 0.1
281 0.1
282 0.1
283 0.1
284 0.1
285 0.1
286 0.1
287 0.1
288 0.1
289 0.1
290 0.1
291 0.1
292 0.1
293 0.1
294 0.1
295 0.1
296 0.1
297 0.1
298 0.1
299 0.1
300 0.1
301 0.1
302 0.1
303 0.1
304 0.1
305 0.1
306 0.1
307 0.1
308 0.1
309 0.1
310 0.1
311 0.1
312 0.1
313 0.1
314 0.1
315 0.1
316 0.1
317 0.1
318 0.1
319 0.1
320 0.1
321 0.1
322 0.1
323 0.1
324 0.1
325 0.1
326 0.1
327 0.1
328 0.1
329 0.1
330 0.1
331 0.1
332 0.1
333 0.1
334 0.1
335 10
336 10
337 10
338 10
339 10
340 10
341 10
342 10
343 10
344 10
345 10
346 10
347 10
348 10
349 10
350 10
351 10
352 10
353 10
354 10
355 10
356 10
357 10
358 10
359 10
360 10
361 10
362 10
363 10
364 10
365 10
366 10
367 10
368 10
369 10
370 10
371 10
372 10
373 10
374 10
375 10
376 10
377 10
378 10
379 10
380 10
381 10
382 10
383 10
384 10
385 10
386 10
387 10
388 10
389 10
390 10
391 10
392 10
393 10
394 10
395 10
396 10
397 10
398 10
399 10
400 10
401 10
402 10
403 10
404 10
405 10
406 10
407 10
408 10
409 10
410 10
411 10
412 10
413 10
414 10
415 10
416 10
417 10
418 10
419 10
420 10
421 10
422 10
423 10
424 10
425 10
426 10
427 10
428 10
429 10
430 10
431 10
432 10
433 10
434 10
435 10
436 10
437 10
438 10
439 10
440 10
441 10
442 10
443 10
444 10
445 10
446 10
447 10
448 10
449 10
450 10
451 10
452 10
453 10
454 10
455 10
456 10
457 10
458 10
459 10
460 10
461 10
462 10
463 10
464 10
465 10
466 10
467 10
468 10
469 10
470 10
471 10
472 10
473 10
474 10
475 10
476 10
477 10
478 10
479 10
480 10
481 10
482 10
483 10
484 10
485 10
486 10
487 0.1
488 0.1
489 0.1
490 0.1
491 0.1
492 0.1
493 0.1
494 0.1
495 0.1
496 0.1
497 0.1
498 0.1
499 0.1
500 0.1
501 0.1
502 0.1
503 0.1
504 0.1
505 0.1
506 0.1
507 0.1
508 0.1
509 0.1
510 0.1
511 0.1
512 0.1
513 0.1
514 0.1
515 0.1
516 0.1
517 0.1
518 0.1
519 0.1
520 0.1
521 0.1
522 0.1
523 0.1
524 0.1
525 0.1
526 0.1
527 0.1
528 0.1
529 0.1
530 0.1
531 0.1
532 0.1
533 0.1
534 0.1
535 0.1
536 0.1
537 0.1
538 0.1
539 0.1
540 0.1
541 0.1
542 0.1
543 0.1
544 0.1
545 0.1
546 0.1
547 0.1
548 0.1
549 0.1
550 0.1
551 0.1
552 0.1
553 0.1
554 0.1
555 0.1
556 0.1
557 0.1
558 0.1
559 0.1
560 0.1
561 0.1
562 0.1
563 0.1
564 0.1
565 0.1
566 0.1
567 0.1
568 0.1
569 0.1
570 0.1
571 0.1
572 0.1
573 0.1
574 0.1
575 0.1
576 0.1
577 0.1
578 0.1
579 0.1
580 0.1
581 0.1
582 0.1
583 0.1
584 0.1
585 0.1
586 0.1
587 0.1
588 0.1
589 0.1
590 0.1
591 0.1
592 0.1
593 0.1
594 0.1
595 0.1
596 0.1
597 0.1
598 0.1
599 0.1
600 0.1
601 0.1
602 0.1
603 0.1
604 0.1
605 0.1
606 0.1
607 0.1
608 0.1
609 0.1
610 0.1
611 0.1
612 0.1
613 0.1
614 0.1
615 0.1
616 0.1
617 0.1
618 0.1
619 0.1
620 0.1
621 0.1
622 0.1
623 0.1
624 0.1
625 0.1
626 0.1
627 0.1
628 0.1
629 0.1
630 0.1
631 0.1
632 0.1
633 0.1
634 0.1
635 0.1
636 0.1
637 0.1
638 0.1
639 0.1
640 0.1
641 0.1
642 0.1
643 0.1
644 0.1
645 0.1
646 0.1
647 0.1
648 0.1
649 0.1
650 0.1
651 0.1
652 0.1
653 0.1
654 0.1
655 0.1
656 0.1
657 0.1
658 0.1
659 0.1
660 0.1
661 0.1
662 0.1
663 0.1
664 0.1
665 0.1
666 0.1
667 0.1
668 0.1
669 0.1
670 0.1
671 0.1
672 0.1
673 0.1
674 0.1
675 0.1
676 0.1
677 0.1
678 0.1
679 0.1
680 0.1
681 0.1
682 0.1
683 0.1
684 0.1
685 0.1
686 0.1
687 0.1
688 0.1
689 0.1
690 0.1
691 0.1
692 0.1
693 0.1
694 0.1
695 0.1
696 0.1
697 0.1
698 0.1
699 0.1
700 0.1
701 10
702 10
703 10
704 10
705 10
706 10
707 10
708 10
709 10
710 10
711 10
712 10
713 10
714 10
715 10
716 10
717 10
718 10
719 10
720 10
721 10
722 10
723 10
724 10
725 10
726 10
727 10
728 10
729 10
730 10
731 10
732 10
733 10
734 10
735 10
736 10
737 10
738 10
739 10
740 10
741 10
742 10
743 10
744 10
745 10
746 10
747 10
748 10
749 10
750 10
751 10
752 10
753 10
754 10
755 10
756 10
757 10
758 10
759 10
760 10
761 10
762 10
763 10
764 10
765 10
766 10
767 10
768 10
769 10
770 10
771 10
772 10
773 10
774 10
775 10
776 10
777 10
778 10
779 10
780 10
781 10
782 10
783 10
784 10
785 10
786 10
787 10
788 10
789 10
790 10
791 10
792 10
793 10
794 10
795 10
796 10
797 10
798 10
799 10
800 10
801 10
802 10
803 10
804 10
805 10
806 10
807 10
808 10
809 10
810 10
811 10
812 10
813 10
814 10
815 10
816 10
817 10
818 10
819 10
820 10
821 10
822 10
823 10
824 10
825 10
826 10
827 10
828 10
829 10
830 10
831 10
832 10
833 10
834 10
835 10
836 10
837 10
838 10
839 10
840 10
841 10
842 10
843 10
844 10
845 10
846 10
847 10
848 10
849 10
850 10
851 10
852 0.1
853 0.1
854 0.1
855 0.1
856 0.1
857 0.1
858 0.1
859 0.1
860 0.1
861 0.1
862 0.1
863 0.1
864 0.1
865 0.1
866 0.1
867 0.1
868 0.1
869 0.1
870 0.1
871 0.1
872 0.1
873 0.1
874 0.1
875 0.1
876 0.1
877 0.1
878 0.1
879 0.1
880 0.1
881 0.1
882 0.1
883 0.1
884 0.1
885 0.1
886 0.1
887 0.1
888 0.1
889 0.1
890 0.1
891 0.1
892 0.1
893 0.1
894 0.1
895 0.1
896 0.1
897 0.1
898 0.1
899 0.1
900 0.1
901 0.1
902 0.1
903 0.1
904 0.1
905 0.1
906 0.1
907 0.1
908 0.1
909 0.1
910 0.1
911 0.1
912 0.1
913 0.1
914 0.1
915 0.1
916 0.1
917 0.1
918 0.1
919 0.1
920 0.1
921 0.1
922 0.1
923 0.1
924 0.1
925 0.1
926 0.1
927 0.1
928 0.1
929 0.1
930 0.1
931 0.1
932 0.1
933 0.1
934 0.1
935 0.1
936 0.1
937 0.1
938 0.1
939 0.1
940 0.1
941 0.1
942 0.1
943 0.1
944 0.1
945 0.1
946 0.1
947 0.1
948 0.1
949 0.1
950 0.1
951 0.1
952 0.1
953 0.1
954 0.1
955 0.1
956 0.1
957 0.1
958 0.1
959 0.1
960 0.1
961 0.1
962 0.1
963 0.1
964 0.1
965 0.1
966 0.1
967 0.1
968 0.1
969 0.1
970 0.1
971 0.1
972 0.1
973 0.1
974 0.1
975 0.1
976 0.1
977 0.1
978 0.1
979 0.1
980 0.1
981 0.1
982 0.1
983 0.1
984 0.1
985 0.1
986 0.1
987 0.1
988 0.1
989 0.1
990 0.1
991 0.1
992 0.1
993 0.1
994 0.1
995 0.1
996 0.1
997 0.1
998 0.1
999 0.1
1000 0.1
1001 0.1
1002 0.1
1003 0.1
1004 0.1
1005 0.1
1006 0.1
1007 0.1
1008 0.1
1009 0.1
1010 0.1
1011 0.1
1012 0.1
1013 0.1
1014 0.1
1015 0.1
1016 0.1
1017 0.1
1018 0.1
1019 0.1
1020 0.1
1021 0.1
1022 0.1
1023 0.1
1024 0.1
1025 0.1
1026 0.1
1027 0.1
1028 0.1
1029 0.1
1030 0.1
1031 0.1
1032 0.1
1033 0.1
1034 0.1
1035 0.1
1036 0.1
1037 0.1
1038 0.1
1039 0.1
1040 0.1
1041 0.1
1042 0.1
1043 0.1
1044 0.1
1045 0.1
1046 0.1
1047 0.1
1048 0.1
1049 0.1
1050 0.1
1051 0.1
1052 0.1
1053 0.1
1054 0.1
1055 0.1
1056 0.1
1057 0.1
1058 0.1
1059 0.1
1060 0.1
1061 0.1
1062 0.1
1063 0.1
1064 0.1
1065 0.1
1066 10
1067 10
1068 10
1069 10
1070 10
1071 10
1072 10
1073 10
1074 10
1075 10
1076 10
1077 10
1078 10
1079 10
1080 10
1081 10
1082 10
1083 10
1084 10
1085 10
1086 10
1087 10
1088 10
1089 10
1090 10
1091 10
1092 10
1093 10
1094 10
1095 10
1096 10
1097 10
1098 10
1099 10
1100 10
1101 10
1102 10
1103 10
1104 10
1105 10
1106 10
1107 10
1108 10
1109 10
1110 10
1111 10
1112 10
1113 10
1114 10
1115 10
1116 10
1117 10
1118 10
1119 10
1120 10
1121 10
1122 10
1123 10
1124 10
1125 10
1126 10
1127 10
1128 10
1129 10
1130 10
1131 10
1132 10
1133 10
1134 10
1135 10
1136 10
1137 10
1138 10
1139 10
1140 10
1141 10
1142 10
1143 10
1144 10
1145 10
1146 10
1147 10
1148 10
1149 10
1150 10
1151 10
1152 10
1153 10
1154 10
1155 10
1156 10
1157 10
1158 10
1159 10
1160 10
1161 10
1162 10
1163 10
1164 10
1165 10
1166 10
1167 10
1168 10
1169 10
1170 10
1171 10
1172 10
1173 10
1174 10
1175 10
1176 10
1177 10
1178 10
1179 10
1180 10
1181 10
1182 10
1183 10
1184 10
1185 10
1186 10
1187 10
1188 10
1189 10
1190 10
1191 10
1192 10
1193 10
1194 10
1195 10
1196 10
1197 10
1198 10
1199 10
1200 10
1201 10
1202 10
1203 10
1204 10
1205 10
1206 10
1207 10
1208 10
1209 10
1210 10
1211 10
1212 10
1213 10
1214 10
1215 10
1216 10
1217 0.1
1218 0.1
1219 0.1
1220 0.1
1221 0.1
1222 0.1
1223 0.1
1224 0.1
1225 0.1
1226 0.1
1227 0.1
1228 0.1
1229 0.1
1230 0.1
1231 0.1
1232 0.1
1233 0.1
1234 0.1
1235 0.1
1236 0.1
1237 0.1
1238 0.1
1239 0.1
1240 0.1
1241 0.1
1242 0.1
1243 0.1
1244 0.1
1245 0.1
1246 0.1
1247 0.1
1248 0.1
1249 0.1
1250 0.1
1251 0.1
1252 0.1
1253 0.1
1254 0.1
1255 0.1
1256 0.1
1257 0.1
1258 0.1
1259 0.1
1260 0.1
1261 0.1
1262 0.1
1263 0.1
1264 0.1
1265 0.1
1266 0.1
1267 0.1
1268 0.1
1269 0.1
1270 0.1
1271 0.1
1272 0.1
1273 0.1
1274 0.1
1275 0.1
1276 0.1
1277 0.1
1278 0.1
1279 0.1
1280 0.1
1281 0.1
1282 0.1
1283 0.1
1284 0.1
1285 0.1
1286 0.1
1287 0.1
1288 0.1
1289 0.1
1290 0.1
1291 0.1
1292 0.1
1293 0.1
1294 0.1
1295 0.1
1296 0.1
1297 0.1
1298 0.1
1299 0.1
1300 0.1
1301 0.1
1302 0.1
1303 0.1
1304 0.1
1305 0.1
1306 0.1
1307 0.1
1308 0.1
1309 0.1
1310 0.1
1311 0.1
1312 0.1
1313 0.1
1314 0.1
1315 0.1
1316 0.1
1317 0.1
1318 0.1
1319 0.1
1320 0.1
1321 0.1
1322 0.1
1323 0.1
1324 0.1
1325 0.1
1326 0.1
1327 0.1
1328 0.1
1329 0.1
1330 0.1
1331 0.1
1332 0.1
1333 0.1
1334 0.1
1335 0.1
1336 0.1
1337 0.1
1338 0.1
1339 0.1
1340 0.1
1341 0.1
1342 0.1
1343 0.1
1344 0.1
1345 0.1
1346 0.1
1347 0.1
1348 0.1
1349 0.1
1350 0.1
1351 0.1
1352 0.1
1353 0.1
1354 0.1
1355 0.1
1356 0.1
1357 0.1
1358 0.1
1359 0.1
1360 0.1
1361 0.1
1362 0.1
1363 0.1
1364 0.1
1365 0.1
1366 0.1
1367 0.1
1368 0.1
1369 0.1
1370 0.1
1371 0.1
1372 0.1
1373 0.1
1374 0.1
1375 0.1
1376 0.1
1377 0.1
1378 0.1
1379 0.1
1380 0.1
1381 0.1
1382 0.1
1383 0.1
1384 0.1
1385 0.1
1386 0.1
1387 0.1
1388 0.1
1389 0.1
1390 0.1
1391 0.1
1392 0.1
1393 0.1
1394 0.1
1395 0.1
1396 0.1
1397 0.1
1398 0.1
1399 0.1
1400 0.1
1401 0.1
1402 0.1
1403 0.1
1404 0.1
1405 0.1
1406 0.1
1407 0.1
1408 0.1
1409 0.1
1410 0.1
1411 0.1
1412 0.1
1413 0.1
1414 0.1
1415 0.1
1416 0.1
1417 0.1
1418 0.1
1419 0.1
1420 0.1
1421 0.1
1422 0.1
1423 0.1
1424 0.1
1425 0.1
1426 0.1
1427 0.1
1428 0.1
1429 0.1
1430 0.1
1431 10
1432 10
1433 10
1434 10
1435 10
1436 10
1437 10
1438 10
1439 10
1440 10
1441 10
1442 10
1443 10
1444 10
1445 10
1446 10
1447 10
1448 10
1449 10
1450 10
1451 10
1452 10
1453 10
1454 10
1455 10
1456 10
1457 10
1458 10
1459 10
1460 10
1461 10
1462 10
1463 10
1464 10
1465 10
1466 10
1467 10
1468 10
1469 10
1470 10
1471 10
1472 10
1473 10
1474 10
1475 10
1476 10
1477 10
1478 10
1479 10
1480 10
1481 10
1482 10
1483 10
1484 10
1485 10
1486 10
1487 10
1488 10
1489 10
1490 10
1491 10
1492 10
1493 10
1494 10
1495 10
1496 10
1497 10
1498 10
1499 10
1500 10
1501 10
1502 10
1503 10
1504 10
1505 10
1506 10
1507 10
1508 10
1509 10
1510 10
1511 10
1512 10
1513 10
1514 10
1515 10
1516 10
1517 10
1518 10
1519 10
1520 10
1521 10
1522 10
1523 10
1524 10
1525 10
1526 10
1527 10
1528 10
1529 10
1530 10
1531 10
1532 10
1533 10
1534 10
1535 10
1536 10
1537 10
1538 10
1539 10
1540 10
1541 10
1542 10
1543 10
1544 10
1545 10
1546 10
1547 10
1548 10
1549 10
1550 10
1551 10
1552 10
1553 10
1554 10
1555 10
1556 10
1557 10
1558 10
1559 10
1560 10
1561 10
1562 10
1563 10
1564 10
1565 10
1566 10
1567 10
1568 10
1569 10
1570 10
1571 10
1572 10
1573 10
1574 10
1575 10
1576 10
1577 10
1578 10
1579 10
1580 10
1581 10
1582 0.1
1583 0.1
1584 0.1
1585 0.1
1586 0.1
1587 0.1
1588 0.1
1589 0.1
1590 0.1
1591 0.1
1592 0.1
1593 0.1
1594 0.1
1595 0.1
1596 0.1
1597 0.1
1598 0.1
1599 0.1
1600 0.1
1601 0.1
1602 0.1
1603 0.1
1604 0.1
1605 0.1
1606 0.1
1607 0.1
1608 0.1
1609 0.1
1610 0.1
1611 0.1
1612 0.1
1613 0.1
1614 0.1
1615 0.1
1616 0.1
1617 0.1
1618 0.1
1619 0.1
1620 0.1
1621 0.1
1622 0.1
1623 0.1
1624 0.1
1625 0.1
1626 0.1
1627 0.1
1628 0.1
1629 0.1
1630 0.1
1631 0.1
1632 0.1
1633 0.1
1634 0.1
1635 0.1
1636 0.1
1637 0.1
1638 0.1
1639 0.1
1640 0.1
1641 0.1
1642 0.1
1643 0.1
1644 0.1
1645 0.1
1646 0.1
1647 0.1
1648 0.1
1649 0.1
1650 0.1
1651 0.1
1652 0.1
1653 0.1
1654 0.1
1655 0.1
1656 0.1
1657 0.1
1658 0.1
1659 0.1
1660 0.1
1661 0.1
1662 0.1
1663 0.1
1664 0.1
1665 0.1
1666 0.1
1667 0.1
1668 0.1
1669 0.1
1670 0.1
1671 0.1
1672 0.1
1673 0.1
1674 0.1
1675 0.1
1676 0.1
1677 0.1
1678 0.1
1679 0.1
1680 0.1
1681 0.1
1682 0.1
1683 0.1
1684 0.1
1685 0.1
1686 0.1
1687 0.1
1688 0.1
1689 0.1
1690 0.1
1691 0.1
1692 0.1
1693 0.1
1694 0.1
1695 0.1
1696 0.1
1697 0.1
1698 0.1
1699 0.1
1700 0.1
1701 0.1
1702 0.1
1703 0.1
1704 0.1
1705 0.1
1706 0.1
1707 0.1
1708 0.1
1709 0.1
1710 0.1
1711 0.1
1712 0.1
1713 0.1
1714 0.1
1715 0.1
1716 0.1
1717 0.1
1718 0.1
1719 0.1
1720 0.1
1721 0.1
1722 0.1
1723 0.1
1724 0.1
1725 0.1
1726 0.1
1727 0.1
1728 0.1
1729 0.1
1730 0.1
1731 0.1
1732 0.1
1733 0.1
1734 0.1
1735 0.1
1736 0.1
1737 0.1
1738 0.1
1739 0.1
1740 0.1
1741 0.1
1742 0.1
1743 0.1
1744 0.1
1745 0.1
1746 0.1
1747 0.1
1748 0.1
1749 0.1
1750 0.1
1751 0.1
1752 0.1
1753 0.1
1754 0.1
1755 0.1
1756 0.1
1757 0.1
1758 0.1
1759 0.1
1760 0.1
1761 0.1
1762 0.1
1763 0.1
1764 0.1
1765 0.1
1766 0.1
1767 0.1
1768 0.1
1769 0.1
1770 0.1
1771 0.1
1772 0.1
1773 0.1
1774 0.1
1775 0.1
1776 0.1
1777 0.1
1778 0.1
1779 0.1
1780 0.1
1781 0.1
1782 0.1
1783 0.1
1784 0.1
1785 0.1
1786 0.1
1787 0.1
1788 0.1
1789 0.1
1790 0.1
1791 0.1
1792 0.1
1793 0.1
1794 0.1
1795 0.1
1796 10
1797 10
1798 10
1799 10
1800 10
1801 10
1802 10
1803 10
1804 10
1805 10
1806 10
1807 10
1808 10
1809 10
1810 10
1811 10
1812 10
1813 10
1814 10
1815 10
1816 10
1817 10
1818 10
1819 10
1820 10
1821 10
1822 10
1823 10
1824 10
1825 10
1826 10
1827 10
1828 10
1829 10
1830 10
1831 10
1832 10
1833 10
1834 10
1835 10
1836 10
1837 10
1838 10
1839 10
1840 10
1841 10
1842 10
1843 10
1844 10
1845 10
1846 10
1847 10
1848 10
1849 10
1850 10
1851 10
1852 10
1853 10
1854 10
1855 10
1856 10
1857 10
1858 10
1859 10
1860 10
1861 10
1862 10
1863 10
1864 10
1865 10
1866 10
1867 10
1868 10
1869 10
1870 10
1871 10
1872 10
1873 10
1874 10
1875 10
1876 10
1877 10
1878 10
1879 10
1880 10
1881 10
1882 10
1883 10
1884 10
1885 10
1886 10
1887 10
1888 10
1889 10
1890 10
1891 10
1892 10
1893 10
1894 10
1895 10
1896 10
1897 10
1898 10
1899 10
1900 10
1901 10
1902 10
1903 10
1904 10
1905 10
1906 10
1907 10
1908 10
1909 10
1910 10
1911 10
1912 10
1913 10
1914 10
1915 10
1916 10
1917 10
1918 10
1919 10
1920 10
1921 10
1922 10
1923 10
1924 10
1925 10
1926 10
1927 10
1928 10
1929 10
1930 10
1931 10
1932 10
1933 10
1934 10
1935 10
1936 10
1937 10
1938 10
1939 10
1940 10
1941 10
1942 10
1943 10
1944 10
1945 10
1946 10
1947 10
1948 0.1
1949 0.1
1950 0.1
1951 0.1
1952 0.1
1953 0.1
1954 0.1
1955 0.1
1956 0.1
1957 0.1
1958 0.1
1959 0.1
1960 0.1
1961 0.1
1962 0.1
1963 0.1
1964 0.1
1965 0.1
1966 0.1
1967 0.1
1968 0.1
1969 0.1
1970 0.1
1971 0.1
1972 0.1
1973 0.1
1974 0.1
1975 0.1
1976 0.1
1977 0.1
1978 0.1
1979 0.1
1980 0.1
1981 0.1
1982 0.1
1983 0.1
1984 0.1
1985 0.1
1986 0.1
1987 0.1
1988 0.1
1989 0.1
1990 0.1
1991 0.1
1992 0.1
1993 0.1
1994 0.1
1995 0.1
1996 0.1
1997 0.1
1998 0.1
1999 0.1
2000 0.1
2001 0.1
2002 0.1
2003 0.1
2004 0.1
2005 0.1
2006 0.1
2007 0.1
2008 0.1
2009 0.1
2010 0.1
2011 0.1
2012 0.1
2013 0.1
2014 0.1
2015 0.1
2016 0.1
2017 0.1
2018 0.1
2019 0.1
2020 0.1
2021 0.1
2022 0.1
2023 0.1
2024 0.1
2025 0.1
2026 0.1
2027 0.1
2028 0.1
2029 0.1
2030 0.1
2031 0.1
2032 0.1
2033 0.1
2034 0.1
2035 0.1
2036 0.1
2037 0.1
2038 0.1
2039 0.1
2040 0.1
2041 0.1
2042 0.1
2043 0.1
2044 0.1
2045 0.1
2046 0.1
2047 0.1
2048 0.1
2049 0.1
2050 0.1
2051 0.1
2052 0.1
2053 0.1
2054 0.1
2055 0.1
2056 0.1
2057 0.1
2058 0.1
2059 0.1
2060 0.1
2061 0.1
2062 0.1
2063 0.1
2064 0.1
2065 0.1
2066 0.1
2067 0.1
2068 0.1
2069 0.1
2070 0.1
2071 0.1
2072 0.1
2073 0.1
2074 0.1
2075 0.1
2076 0.1
2077 0.1
2078 0.1
2079 0.1
2080 0.1
2081 0.1
2082 0.1
2083 0.1
2084 0.1
2085 0.1
2086 0.1
2087 0.1
2088 0.1
2089 0.1
2090 0.1
2091 0.1
2092 0.1
2093 0.1
2094 0.1
2095 0.1
2096 0.1
2097 0.1
2098 0.1
2099 0.1
2100 0.1
2101 0.1
2102 0.1
2103 0.1
2104 0.1
2105 0.1
2106 0.1
2107 0.1
2108 0.1
2109 0.1
2110 0.1
2111 0.1
2112 0.1
2113 0.1
2114 0.1
2115 0.1
2116 0.1
2117 0.1
2118 0.1
2119 0.1
2120 0.1
2121 0.1
2122 0.1
2123 0.1
2124 0.1
2125 0.1
2126 0.1
2127 0.1
2128 0.1
2129 0.1
2130 0.1
2131 0.1
2132 0.1
2133 0.1
2134 0.1
2135 0.1
2136 0.1
2137 0.1
2138 0.1
2139 0.1
2140 0.1
2141 0.1
2142 0.1
2143 0.1
2144 0.1
2145 0.1
2146 0.1
2147 0.1
2148 0.1
2149 0.1
2150 0.1
2151 0.1
2152 0.1
2153 0.1
2154 0.1
2155 0.1
2156 0.1
2157 0.1
2158 0.1
2159 0.1
2160 0.1
2161 0.1
2162 10
2163 10
2164 10
2165 10
2166 10
2167 10
2168 10
2169 10
2170 10
2171 10
2172 10
2173 10
2174 10
2175 10
2176 10
2177 10
2178 10
2179 10
2180 10
2181 10
2182 10
2183 10
2184 10
2185 10
2186 10
2187 10
2188 10
2189 10
2190 10
2191 10
2192 10
2193 10
2194 10
2195 10
2196 10
2197 10
2198 10
2199 10
2200 10
2201 10
2202 10
2203 10
2204 10
2205 10
2206 10
2207 10
2208 10
2209 10
2210 10
2211 10
2212 10
2213 10
2214 10
2215 10
2216 10
2217 10
2218 10
2219 10
2220 10
2221 10
2222 10
2223 10
2224 10
2225 10
2226 10
2227 10
2228 10
2229 10
2230 10
2231 10
2232 10
2233 10
2234 10
2235 10
2236 10
2237 10
2238 10
2239 10
2240 10
2241 10
2242 10
2243 10
2244 10
2245 10
2246 10
2247 10
2248 10
2249 10
2250 10
2251 10
2252 10
2253 10
2254 10
2255 10
2256 10
2257 10
2258 10
2259 10
2260 10
2261 10
2262 10
2263 10
2264 10
2265 10
2266 10
2267 10
2268 10
2269 10
2270 10
2271 10
2272 10
2273 10
2274 10
2275 10
2276 10
2277 10
2278 10
2279 10
2280 10
2281 10
2282 10
2283 10
2284 10
2285 10
2286 10
2287 10
2288 10
2289 10
2290 10
2291 10
2292 10
2293 10
2294 10
2295 10
2296 10
2297 10
2298 10
2299 10
2300 10
2301 10
2302 10
2303 10
2304 10
2305 10
2306 10
2307 10
2308 10
2309 10
2310 10
2311 10
2312 10
2313 0.1
2314 0.1
2315 0.1
2316 0.1
2317 0.1
2318 0.1
2319 0.1
2320 0.1
2321 0.1
2322 0.1
2323 0.1
2324 0.1
2325 0.1
2326 0.1
2327 0.1
2328 0.1
2329 0.1
2330 0.1
2331 0.1
2332 0.1
2333 0.1
2334 0.1
2335 0.1
2336 0.1
2337 0.1
2338 0.1
2339 0.1
2340 0.1
2341 0.1
2342 0.1
2343 0.1
2344 0.1
2345 0.1
2346 0.1
2347 0.1
2348 0.1
2349 0.1
2350 0.1
2351 0.1
2352 0.1
2353 0.1
2354 0.1
2355 0.1
2356 0.1
2357 0.1
2358 0.1
2359 0.1
2360 0.1
2361 0.1
2362 0.1
2363 0.1
2364 0.1
2365 0.1
2366 0.1
2367 0.1
2368 0.1
2369 0.1
2370 0.1
2371 0.1
2372 0.1
2373 0.1
2374 0.1
2375 0.1
2376 0.1
2377 0.1
2378 0.1
2379 0.1
2380 0.1
2381 0.1
2382 0.1
2383 0.1
2384 0.1
2385 0.1
2386 0.1
2387 0.1
2388 0.1
2389 0.1
2390 0.1
2391 0.1
2392 0.1
2393 0.1
2394 0.1
2395 0.1
2396 0.1
2397 0.1
2398 0.1
2399 0.1
2400 0.1
2401 0.1
2402 0.1
2403 0.1
2404 0.1
2405 0.1
2406 0.1
2407 0.1
2408 0.1
2409 0.1
2410 0.1
2411 0.1
2412 0.1
2413 0.1
2414 0.1
2415 0.1
2416 0.1
2417 0.1
2418 0.1
2419 0.1
2420 0.1
2421 0.1
2422 0.1
2423 0.1
2424 0.1
2425 0.1
2426 0.1
2427 0.1
2428 0.1
2429 0.1
2430 0.1
2431 0.1
2432 0.1
2433 0.1
2434 0.1
2435 0.1
2436 0.1
2437 0.1
2438 0.1
2439 0.1
2440 0.1
2441 0.1
2442 0.1
2443 0.1
2444 0.1
2445 0.1
2446 0.1
2447 0.1
2448 0.1
2449 0.1
2450 0.1
2451 0.1
2452 0.1
2453 0.1
2454 0.1
2455 0.1
2456 0.1
2457 0.1
2458 0.1
2459 0.1
2460 0.1
2461 0.1
2462 0.1
2463 0.1
2464 0.1
2465 0.1
2466 0.1
2467 0.1
2468 0.1
2469 0.1
2470 0.1
2471 0.1
2472 0.1
2473 0.1
2474 0.1
2475 0.1
2476 0.1
2477 0.1
2478 0.1
2479 0.1
2480 0.1
2481 0.1
2482 0.1
2483 0.1
2484 0.1
2485 0.1
2486 0.1
2487 0.1
2488 0.1
2489 0.1
2490 0.1
2491 0.1
2492 0.1
2493 0.1
2494 0.1
2495 0.1
2496 0.1
2497 0.1
2498 0.1
2499 0.1
2500 0.1
2501 0.1
2502 0.1
2503 0.1
2504 0.1
2505 0.1
2506 0.1
2507 0.1
2508 0.1
2509 0.1
2510 0.1
2511 0.1
2512 0.1
2513 0.1
2514 0.1
2515 0.1
2516 0.1
2517 0.1
2518 0.1
2519 0.1
2520 0.1
2521 0.1
2522 0.1
2523 0.1
2524 0.1
2525 0.1
2526 0.1
2527 10
2528 10
2529 10
2530 10
2531 10
2532 10
2533 10
2534 10
2535 10
2536 10
2537 10
2538 10
2539 10
2540 10
2541 10
2542 10
2543 10
2544 10
2545 10
2546 10
2547 10
2548 10
2549 10
2550 10
2551 10
2552 10
2553 10
2554 10
2555 10
2556 10
2557 10
2558 10
2559 10
2560 10
2561 10
2562 10
2563 10
2564 10
2565 10
2566 10
2567 10
2568 10
2569 10
2570 10
2571 10
2572 10
2573 10
2574 10
2575 10
2576 10
2577 10
2578 10
2579 10
2580 10
2581 10
2582 10
2583 10
2584 10
2585 10
2586 10
2587 10
2588 10
2589 10
2590 10
2591 10
2592 10
2593 10
2594 10
2595 10
2596 10
2597 10
2598 10
2599 10
2600 10
2601 10
2602 10
2603 10
2604 10
2605 10
2606 10
2607 10
2608 10
2609 10
2610 10
2611 10
2612 10
2613 10
2614 10
2615 10
2616 10
2617 10
2618 10
2619 10
2620 10
2621 10
2622 10
2623 10
2624 10
2625 10
2626 10
2627 10
2628 10
2629 10
2630 10
2631 10
2632 10
2633 10
2634 10
2635 10
2636 10
2637 10
2638 10
2639 10
2640 10
2641 10
2642 10
2643 10
2644 10
2645 10
2646 10
2647 10
2648 10
2649 10
2650 10
2651 10
2652 10
2653 10
2654 10
2655 10
2656 10
2657 10
2658 10
2659 10
2660 10
2661 10
2662 10
2663 10
2664 10
2665 10
2666 10
2667 10
2668 10
2669 10
2670 10
2671 10
2672 10
2673 10
2674 10
2675 10
2676 10
2677 10
2678 0.1
2679 0.1
2680 0.1
2681 0.1
2682 0.1
2683 0.1
2684 0.1
2685 0.1
2686 0.1
2687 0.1
2688 0.1
2689 0.1
2690 0.1
2691 0.1
2692 0.1
2693 0.1
2694 0.1
2695 0.1
2696 0.1
2697 0.1
2698 0.1
2699 0.1
2700 0.1
2701 0.1
2702 0.1
2703 0.1
2704 0.1
2705 0.1
2706 0.1
2707 0.1
2708 0.1
2709 0.1
2710 0.1
2711 0.1
2712 0.1
2713 0.1
2714 0.1
2715 0.1
2716 0.1
2717 0.1
2718 0.1
2719 0.1
2720 0.1
2721 0.1
2722 0.1
2723 0.1
2724 0.1
2725 0.1
2726 0.1
2727 0.1
2728 0.1
2729 0.1
2730 0.1
2731 0.1
2732 0.1
2733 0.1
2734 0.1
2735 0.1
2736 0.1
2737 0.1
2738 0.1
2739 0.1
2740 0.1
2741 0.1
2742 0.1
2743 0.1
2744 0.1
2745 0.1
2746 0.1
2747 0.1
2748 0.1
2749 0.1
2750 0.1
2751 0.1
2752 0.1
2753 0.1
2754 0.1
2755 0.1
2756 0.1
2757 0.1
2758 0.1
2759 0.1
2760 0.1
2761 0.1
2762 0.1
2763 0.1
2764 0.1
2765 0.1
2766 0.1
2767 0.1
2768 0.1
2769 0.1
2770 0.1
2771 0.1
2772 0.1
2773 0.1
2774 0.1
2775 0.1
2776 0.1
2777 0.1
2778 0.1
2779 0.1
2780 0.1
2781 0.1
2782 0.1
2783 0.1
2784 0.1
2785 0.1
2786 0.1
2787 0.1
2788 0.1
2789 0.1
2790 0.1
2791 0.1
2792 0.1
2793 0.1
2794 0.1
2795 0.1
2796 0.1
2797 0.1
2798 0.1
2799 0.1
2800 0.1
2801 0.1
2802 0.1
2803 0.1
2804 0.1
2805 0.1
2806 0.1
2807 0.1
2808 0.1
2809 0.1
2810 0.1
2811 0.1
2812 0.1
2813 0.1
2814 0.1
2815 0.1
2816 0.1
2817 0.1
2818 0.1
2819 0.1
2820 0.1
2821 0.1
2822 0.1
2823 0.1
2824 0.1
2825 0.1
2826 0.1
2827 0.1
2828 0.1
2829 0.1
2830 0.1
2831 0.1
2832 0.1
2833 0.1
2834 0.1
2835 0.1
2836 0.1
2837 0.1
2838 0.1
2839 0.1
2840 0.1
2841 0.1
2842 0.1
2843 0.1
2844 0.1
2845 0.1
2846 0.1
2847 0.1
2848 0.1
2849 0.1
2850 0.1
2851 0.1
2852 0.1
2853 0.1
2854 0.1
2855 0.1
2856 0.1
2857 0.1
2858 0.1
2859 0.1
2860 0.1
2861 0.1
2862 0.1
2863 0.1
2864 0.1
2865 0.1
2866 0.1
2867 0.1
2868 0.1
2869 0.1
2870 0.1
2871 0.1
2872 0.1
2873 0.1
2874 0.1
2875 0.1
2876 0.1
2877 0.1
2878 0.1
2879 0.1
2880 0.1
2881 0.1
2882 0.1
2883 0.1
2884 0.1
2885 0.1
2886 0.1
2887 0.1
2888 0.1
2889 0.1
2890 0.1
2891 0.1
2892 10
2893 10
2894 10
2895 10
2896 10
2897 10
2898 10
2899 10
2900 10
2901 10
2902 10
2903 10
2904 10
2905 10
2906 10
2907 10
2908 10
2909 10
2910 10
2911 10
2912 10
2913 10
2914 10
2915 10
2916 10
2917 10
2918 10
2919 10
2920 10
2921 10
2922 10
2923 10
2924 10
2925 10
2926 10
2927 10
2928 10
2929 10
2930 10
2931 10
2932 10
2933 10
2934 10
2935 10
2936 10
2937 10
2938 10
2939 10
2940 10
2941 10
2942 10
2943 10
2944 10
2945 10
2946 10
2947 10
2948 10
2949 10
2950 10
2951 10
2952 10
2953 10
2954 10
2955 10
2956 10
2957 10
2958 10
2959 10
2960 10
2961 10
2962 10
2963 10
2964 10
2965 10
2966 10
2967 10
2968 10
2969 10
2970 10
2971 10
2972 10
2973 10
2974 10
2975 10
2976 10
2977 10
2978 10
2979 10
2980 10
2981 10
2982 10
2983 10
2984 10
2985 10
2986 10
2987 10
2988 10
2989 10
2990 10
2991 10
2992 10
2993 10
2994 10
2995 10
2996 10
2997 10
2998 10
2999 10
3000 10
3001 10
3002 10
3003 10
3004 10
3005 10
3006 10
3007 10
3008 10
3009 10
3010 10
3011 10
3012 10
3013 10
3014 10
3015 10
3016 10
3017 10
3018 10
3019 10
3020 10
3021 10
3022 10
3023 10
3024 10
3025 10
3026 10
3027 10
3028 10
3029 10
3030 10
3031 10
3032 10
3033 10
3034 10
3035 10
3036 10
3037 10
3038 10
3039 10
3040 10
3041 10
3042 10
3043 0.1
3044 0.1
3045 0.1
3046 0.1
3047 0.1
3048 0.1
3049 0.1
3050 0.1
3051 0.1
3052 0.1
3053 0.1
3054 0.1
3055 0.1
3056 0.1
3057 0.1
3058 0.1
3059 0.1
3060 0.1
3061 0.1
3062 0.1
3063 0.1
3064 0.1
3065 0.1
3066 0.1
3067 0.1
3068 0.1
3069 0.1
3070 0.1
3071 0.1
3072 0.1
3073 0.1
3074 0.1
3075 0.1
3076 0.1
3077 0.1
3078 0.1
3079 0.1
3080 0.1
3081 0.1
3082 0.1
3083 0.1
3084 0.1
3085 0.1
3086 0.1
3087 0.1
3088 0.1
3089 0.1
3090 0.1
3091 0.1
3092 0.1
3093 0.1
3094 0.1
3095 0.1
3096 0.1
3097 0.1
3098 0.1
3099 0.1
3100 0.1
3101 0.1
3102 0.1
3103 0.1
3104 0.1
3105 0.1
3106 0.1
3107 0.1
3108 0.1
3109 0.1
3110 0.1
3111 0.1
3112 0.1
3113 0.1
3114 0.1
3115 0.1
3116 0.1
3117 0.1
3118 0.1
3119 0.1
3120 0.1
3121 0.1
3122 0.1
3123 0.1
3124 0.1
3125 0.1
3126 0.1
3127 0.1
3128 0.1
3129 0.1
3130 0.1
3131 0.1
3132 0.1
3133 0.1
3134 0.1
3135 0.1
3136 0.1
3137 0.1
3138 0.1
3139 0.1
3140 0.1
3141 0.1
3142 0.1
3143 0.1
3144 0.1
3145 0.1
3146 0.1
3147 0.1
3148 0.1
3149 0.1
3150 0.1
3151 0.1
3152 0.1
3153 0.1
3154 0.1
3155 0.1
3156 0.1
3157 0.1
3158 0.1
3159 0.1
3160 0.1
3161 0.1
3162 0.1
3163 0.1
3164 0.1
3165 0.1
3166 0.1
3167 0.1
3168 0.1
3169 0.1
3170 0.1
3171 0.1
3172 0.1
3173 0.1
3174 0.1
3175 0.1
3176 0.1
3177 0.1
3178 0.1
3179 0.1
3180 0.1
3181 0.1
3182 0.1
3183 0.1
3184 0.1
3185 0.1
3186 0.1
3187 0.1
3188 0.1
3189 0.1
3190 0.1
3191 0.1
3192 0.1
3193 0.1
3194 0.1
3195 0.1
3196 0.1
3197 0.1
3198 0.1
3199 0.1
3200 0.1
3201 0.1
3202 0.1
3203 0.1
3204 0.1
3205 0.1
3206 0.1
3207 0.1
3208 0.1
3209 0.1
3210 0.1
3211 0.1
3212 0.1
3213 0.1
3214 0.1
3215 0.1
3216 0.1
3217 0.1
3218 0.1
3219 0.1
3220 0.1
3221 0.1
3222 0.1
3223 0.1
3224 0.1
3225 0.1
3226 0.1
3227 0.1
3228 0.1
3229 0.1
3230 0.1
3231 0.1
3232 0.1
3233 0.1
3234 0.1
3235 0.1
3236 0.1
3237 0.1
3238 0.1
3239 0.1
3240 0.1
3241 0.1
3242 0.1
3243 0.1
3244 0.1
3245 0.1
3246 0.1
3247 0.1
3248 0.1
3249 0.1
3250 0.1
3251 0.1
3252 0.1
3253 0.1
3254 0.1
3255 0.1
3256 0.1
3257 10
3258 10
3259 10
3260 10
3261 10
3262 10
3263 10
3264 10
3265 10
3266 10
3267 10
3268 10
3269 10
3270 10
3271 10
3272 10
3273 10
3274 10
3275 10
3276 10
3277 10
3278 10
3279 10
3280 10
3281 10
3282 10
3283 10
3284 10
3285 10
3286 10
3287 10
3288 10
3289 10
3290 10
3291 10
3292 10
3293 10
3294 10
3295 10
3296 10
3297 10
3298 10
3299 10
3300 10
3301 10
3302 10
3303 10
3304 10
3305 10
3306 10
3307 10
3308 10
3309 10
3310 10
3311 10
3312 10
3313 10
3314 10
3315 10
3316 10
3317 10
3318 10
3319 10
3320 10
3321 10
3322 10
3323 10
3324 10
3325 10
3326 10
3327 10
3328 10
3329 10
3330 10
3331 10
3332 10
3333 10
3334 10
3335 10
3336 10
3337 10
3338 10
3339 10
3340 10
3341 10
3342 10
3343 10
3344 10
3345 10
3346 10
3347 10
3348 10
3349 10
3350 10
3351 10
3352 10
3353 10
3354 10
3355 10
3356 10
3357 10
3358 10
3359 10
3360 10
3361 10
3362 10
3363 10
3364 10
3365 10
3366 10
3367 10
3368 10
3369 10
3370 10
3371 10
3372 10
3373 10
3374 10
3375 10
3376 10
3377 10
3378 10
3379 10
3380 10
3381 10
3382 10
3383 10
3384 10
3385 10
3386 10
3387 10
3388 10
3389 10
3390 10
3391 10
3392 10
3393 10
3394 10
3395 10
3396 10
3397 10
3398 10
3399 10
3400 10
3401 10
3402 10
3403 10
3404 10
3405 10
3406 10
3407 10
3408 10
3409 0.1
3410 0.1
3411 0.1
3412 0.1
3413 0.1
3414 0.1
3415 0.1
3416 0.1
3417 0.1
3418 0.1
3419 0.1
3420 0.1
3421 0.1
3422 0.1
3423 0.1
3424 0.1
3425 0.1
3426 0.1
3427 0.1
3428 0.1
3429 0.1
3430 0.1
3431 0.1
3432 0.1
3433 0.1
3434 0.1
3435 0.1
3436 0.1
3437 0.1
3438 0.1
3439 0.1
3440 0.1
3441 0.1
3442 0.1
3443 0.1
3444 0.1
3445 0.1
3446 0.1
3447 0.1
3448 0.1
3449 0.1
3450 0.1
3451 0.1
3452 0.1
3453 0.1
3454 0.1
3455 0.1
3456 0.1
3457 0.1
3458 0.1
3459 0.1
3460 0.1
3461 0.1
3462 0.1
3463 0.1
3464 0.1
3465 0.1
3466 0.1
3467 0.1
3468 0.1
3469 0.1
3470 0.1
3471 0.1
3472 0.1
3473 0.1
3474 0.1
3475 0.1
3476 0.1
3477 0.1
3478 0.1
3479 0.1
3480 0.1
3481 0.1
3482 0.1
3483 0.1
3484 0.1
3485 0.1
3486 0.1
3487 0.1
3488 0.1
3489 0.1
3490 0.1
3491 0.1
3492 0.1
3493 0.1
3494 0.1
3495 0.1
3496 0.1
3497 0.1
3498 0.1
3499 0.1
3500 0.1
3501 0.1
3502 0.1
3503 0.1
3504 0.1
3505 0.1
3506 0.1
3507 0.1
3508 0.1
3509 0.1
3510 0.1
3511 0.1
3512 0.1
3513 0.1
3514 0.1
3515 0.1
3516 0.1
3517 0.1
3518 0.1
3519 0.1
3520 0.1
3521 0.1
3522 0.1
3523 0.1
3524 0.1
3525 0.1
3526 0.1
3527 0.1
3528 0.1
3529 0.1
3530 0.1
3531 0.1
3532 0.1
3533 0.1
3534 0.1
3535 0.1
3536 0.1
3537 0.1
3538 0.1
3539 0.1
3540 0.1
3541 0.1
3542 0.1
3543 0.1
3544 0.1
3545 0.1
3546 0.1
3547 0.1
3548 0.1
3549 0.1
3550 0.1
3551 0.1
3552 0.1
3553 0.1
3554 0.1
3555 0.1
3556 0.1
3557 0.1
3558 0.1
3559 0.1
3560 0.1
3561 0.1
3562 0.1
3563 0.1
3564 0.1
3565 0.1
3566 0.1
3567 0.1
3568 0.1
3569 0.1
3570 0.1
3571 0.1
3572 0.1
3573 0.1
3574 0.1
3575 0.1
3576 0.1
3577 0.1
3578 0.1
3579 0.1
3580 0.1
3581 0.1
3582 0.1
3583 0.1
3584 0.1
3585 0.1
3586 0.1
3587 0.1
3588 0.1
3589 0.1
3590 0.1
3591 0.1
3592 0.1
3593 0.1
3594 0.1
3595 0.1
3596 0.1
3597 0.1
3598 0.1
3599 0.1
3600 0.1
3601 0.1
3602 0.1
3603 0.1
3604 0.1
3605 0.1
3606 0.1
3607 0.1
3608 0.1
3609 0.1
3610 0.1
3611 0.1
3612 0.1
3613 0.1
3614 0.1
3615 0.1
3616 0.1
3617 0.1
3618 0.1
3619 0.1
3620 0.1
3621 0.1
3622 0.1
3623 10
3624 10
3625 10
3626 10
3627 10
3628 10
3629 10
3630 10
3631 10
3632 10
3633 10
3634 10
3635 10
3636 10
3637 10
3638 10
3639 10
3640 10
3641 10
3642 10
3643 10
3644 10
3645 10
3646 10
3647 10
3648 10
3649 10
3650 10
3651 10
3652 10
3653 10
3654 10
3655 10
3656 10
3657 10
3658 10
3659 10
3660 10
3661 10
3662 10
3663 10
3664 10
3665 10
3666 10
3667 10
3668 10
3669 10
3670 10
3671 10
3672 10
3673 10
3674 10
3675 10
3676 10
3677 10
3678 10
3679 10
3680 10
3681 10
3682 10
3683 10
3684 10
3685 10
3686 10
3687 10
3688 10
3689 10
3690 10
3691 10
3692 10
3693 10
3694 10
3695 10
3696 10
3697 10
3698 10
3699 10
3700 10
3701 10
3702 10
3703 10
3704 10
3705 10
3706 10
3707 10
3708 10
3709 10
3710 10
3711 10
3712 10
3713 10
3714 10
3715 10
3716 10
3717 10
3718 10
3719 10
3720 10
3721 10
3722 10
3723 10
3724 10
3725 10
3726 10
3727 10
3728 10
3729 10
3730 10
3731 10
3732 10
3733 10
3734 10
3735 10
3736 10
3737 10
3738 10
3739 10
3740 10
3741 10
3742 10
3743 10
3744 10
3745 10
3746 10
3747 10
3748 10
3749 10
3750 10
3751 10
3752 10
3753 10
3754 10
3755 10
3756 10
3757 10
3758 10
3759 10
3760 10
3761 10
3762 10
3763 10
3764 10
3765 10
3766 10
3767 10
3768 10
3769 10
3770 10
3771 10
3772 10
3773 10
3774 0.1
3775 0.1
3776 0.1
3777 0.1
3778 0.1
3779 0.1
3780 0.1
3781 0.1
3782 0.1
3783 0.1
3784 0.1
3785 0.1
3786 0.1
3787 0.1
3788 0.1
3789 0.1
3790 0.1
3791 0.1
3792 0.1
3793 0.1
3794 0.1
3795 0.1
3796 0.1
3797 0.1
3798 0.1
3799 0.1
3800 0.1
3801 0.1
3802 0.1
3803 0.1
3804 0.1
3805 0.1
3806 0.1
3807 0.1
3808 0.1
3809 0.1
3810 0.1
3811 0.1
3812 0.1
3813 0.1
3814 0.1
3815 0.1
3816 0.1
3817 0.1
3818 0.1
3819 0.1
3820 0.1
3821 0.1
3822 0.1
3823 0.1
3824 0.1
3825 0.1
3826 0.1
3827 0.1
3828 0.1
3829 0.1
3830 0.1
3831 0.1
3832 0.1
3833 0.1
3834 0.1
3835 0.1
3836 0.1
3837 0.1
3838 0.1
3839 0.1
3840 0.1
3841 0.1
3842 0.1
3843 0.1
3844 0.1
3845 0.1
3846 0.1
3847 0.1
3848 0.1
3849 0.1
3850 0.1
3851 0.1
3852 0.1
3853 0.1
3854 0.1
3855 0.1
3856 0.1
3857 0.1
3858 0.1
3859 0.1
3860 0.1
3861 0.1
3862 0.1
3863 0.1
3864 0.1
3865 0.1
3866 0.1
3867 0.1
3868 0.1
3869 0.1
3870 0.1
3871 0.1
3872 0.1
3873 0.1
3874 0.1
3875 0.1
3876 0.1
3877 0.1
3878 0.1
3879 0.1
3880 0.1
3881 0.1
3882 0.1
3883 0.1
3884 0.1
3885 0.1
3886 0.1
3887 0.1
3888 0.1
3889 0.1
3890 0.1
3891 0.1
3892 0.1
3893 0.1
3894 0.1
3895 0.1
3896 0.1
3897 0.1
3898 0.1
3899 0.1
3900 0.1
3901 0.1
3902 0.1
3903 0.1
3904 0.1
3905 0.1
3906 0.1
3907 0.1
3908 0.1
3909 0.1
3910 0.1
3911 0.1
3912 0.1
3913 0.1
3914 0.1
3915 0.1
3916 0.1
3917 0.1
3918 0.1
3919 0.1
3920 0.1
3921 0.1
3922 0.1
3923 0.1
3924 0.1
3925 0.1
3926 0.1
3927 0.1
3928 0.1
3929 0.1
3930 0.1
3931 0.1
3932 0.1
3933 0.1
3934 0.1
3935 0.1
3936 0.1
3937 0.1
3938 0.1
3939 0.1
3940 0.1
3941 0.1
3942 0.1
3943 0.1
3944 0.1
3945 0.1
3946 0.1
3947 0.1
3948 0.1
3949 0.1
3950 0.1
3951 0.1
3952 0.1
3953 0.1
3954 0.1
3955 0.1
3956 0.1
3957 0.1
3958 0.1
3959 0.1
3960 0.1
3961 0.1
3962 0.1
3963 0.1
3964 0.1
3965 0.1
3966 0.1
3967 0.1
3968 0.1
3969 0.1
3970 0.1
3971 0.1
3972 0.1
3973 0.1
3974 0.1
3975 0.1
3976 0.1
3977 0.1
3978 0.1
3979 0.1
3980 0.1
3981 0.1
3982 0.1
3983 0.1
3984 0.1
3985 0.1
3986 0.1
3987 0.1
3988 10
3989 10
3990 10
3991 10
3992 10
3993 10
3994 10
3995 10
3996 10
3997 10
3998 10
3999 10
4000 10
4001 10
4002 10
4003 10
4004 10
4005 10
4006 10
4007 10
4008 10
4009 10
4010 10
4011 10
4012 10
4013 10
4014 10
4015 10
4016 10
4017 10
4018 10
4019 10
4020 10
4021 10
4022 10
4023 10
4024 10
4025 10
4026 10
4027 10
4028 10
4029 10
4030 10
4031 10
4032 10
4033 10
4034 10
4035 10
4036 10
4037 10
4038 10
4039 10
4040 10
4041 10
4042 10
4043 10
4044 10
4045 10
4046 10
4047 10
4048 10
4049 10
4050 10
4051 10
4052 10
4053 10
4054 10
4055 10
4056 10
4057 10
4058 10
4059 10
4060 10
4061 10
4062 10
4063 10
4064 10
4065 10
4066 10
4067 10
4068 10
4069 10
4070 10
4071 10
4072 10
4073 10
4074 10
4075 10
4076 10
4077 10
4078 10
4079 10
4080 10
4081 10
4082 10
4083 10
4084 10
4085 10
4086 10
4087 10
4088 10
4089 10
4090 10
4091 10
4092 10
4093 10
4094 10
4095 10
4096 10
4097 10
4098 10
4099 10
4100 10
4101 10
4102 10
4103 10
4104 10
4105 10
4106 10
4107 10
4108 10
4109 10
4110 10
4111 10
4112 10
4113 10
4114 10
4115 10
4116 10
4117 10
4118 10
4119 10
4120 10
4121 10
4122 10
4123 10
4124 10
4125 10
4126 10
4127 10
4128 10
4129 10
4130 10
4131 10
4132 10
4133 10
4134 10
4135 10
4136 10
4137 10
4138 10
4139 0.1
4140 0.1
4141 0.1
4142 0.1
4143 0.1
4144 0.1
4145 0.1
4146 0.1
4147 0.1
4148 0.1
4149 0.1
4150 0.1
4151 0.1
4152 0.1
4153 0.1
4154 0.1
4155 0.1
4156 0.1
4157 0.1
4158 0.1
4159 0.1
4160 0.1
4161 0.1
4162 0.1
4163 0.1
4164 0.1
4165 0.1
4166 0.1
4167 0.1
4168 0.1
4169 0.1
4170 0.1
4171 0.1
4172 0.1
4173 0.1
4174 0.1
4175 0.1
4176 0.1
4177 0.1
4178 0.1
4179 0.1
4180 0.1
4181 0.1
4182 0.1
4183 0.1
4184 0.1
4185 0.1
4186 0.1
4187 0.1
4188 0.1
4189 0.1
4190 0.1
4191 0.1
4192 0.1
4193 0.1
4194 0.1
4195 0.1
4196 0.1
4197 0.1
4198 0.1
4199 0.1
4200 0.1
4201 0.1
4202 0.1
4203 0.1
4204 0.1
4205 0.1
4206 0.1
4207 0.1
4208 0.1
4209 0.1
4210 0.1
4211 0.1
4212 0.1
4213 0.1
4214 0.1
4215 0.1
4216 0.1
4217 0.1
4218 0.1
4219 0.1
4220 0.1
4221 0.1
4222 0.1
4223 0.1
4224 0.1
4225 0.1
4226 0.1
4227 0.1
4228 0.1
4229 0.1
4230 0.1
4231 0.1
4232 0.1
4233 0.1
4234 0.1
4235 0.1
4236 0.1
4237 0.1
4238 0.1
4239 0.1
4240 0.1
4241 0.1
4242 0.1
4243 0.1
4244 0.1
4245 0.1
4246 0.1
4247 0.1
4248 0.1
4249 0.1
4250 0.1
4251 0.1
4252 0.1
4253 0.1
4254 0.1
4255 0.1
4256 0.1
4257 0.1
4258 0.1
4259 0.1
4260 0.1
4261 0.1
4262 0.1
4263 0.1
4264 0.1
4265 0.1
4266 0.1
4267 0.1
4268 0.1
4269 0.1
4270 0.1
4271 0.1
4272 0.1
4273 0.1
4274 0.1
4275 0.1
4276 0.1
4277 0.1
4278 0.1
4279 0.1
4280 0.1
4281 0.1
4282 0.1
4283 0.1
4284 0.1
4285 0.1
4286 0.1
4287 0.1
4288 0.1
4289 0.1
4290 0.1
4291 0.1
4292 0.1
4293 0.1
4294 0.1
4295 0.1
4296 0.1
4297 0.1
4298 0.1
4299 0.1
4300 0.1
4301 0.1
4302 0.1
4303 0.1
4304 0.1
4305 0.1
4306 0.1
4307 0.1
4308 0.1
4309 0.1
4310 0.1
4311 0.1
4312 0.1
4313 0.1
4314 0.1
4315 0.1
4316 0.1
4317 0.1
4318 0.1
4319 0.1
4320 0.1
4321 0.1
4322 0.1
4323 0.1
4324 0.1
4325 0.1
4326 0.1
4327 0.1
4328 0.1
4329 0.1
4330 0.1
4331 0.1
4332 0.1
4333 0.1
4334 0.1
4335 0.1
4336 0.1
4337 0.1
4338 0.1
4339 0.1
4340 0.1
4341 0.1
4342 0.1
4343 0.1
4344 0.1
4345 0.1
4346 0.1
4347 0.1
4348 0.1
4349 0.1
4350 0.1
4351 0.1
4352 0.1
4353 10
4354 10
4355 10
4356 10
4357 10
4358 10
4359 10
4360 10
4361 10
4362 10
4363 10
4364 10
4365 10
4366 10
4367 10
4368 10
4369 10
4370 10
4371 10
4372 10
4373 10
4374 10
4375 10
4376 10
4377 10
4378 10
4379 10
4380 10
4381 10
4382 10
4383 10
4384 10
4385 10
4386 10
4387 10
4388 10
4389 10
4390 10
4391 10
4392 10
4393 10
4394 10
4395 10
4396 10
4397 10
4398 10
4399 10
4400 10
4401 10
4402 10
4403 10
4404 10
4405 10
4406 10
4407 10
4408 10
4409 10
4410 10
4411 10
4412 10
4413 10
4414 10
4415 10
4416 10
4417 10
4418 10
4419 10
4420 10
4421 10
4422 10
4423 10
4424 10
4425 10
4426 10
4427 10
4428 10
4429 10
4430 10
4431 10
4432 10
4433 10
4434 10
4435 10
4436 10
4437 10
4438 10
4439 10
4440 10
4441 10
4442 10
4443 10
4444 10
4445 10
4446 10
4447 10
4448 10
4449 10
4450 10
4451 10
4452 10
4453 10
4454 10
4455 10
4456 10
4457 10
4458 10
4459 10
4460 10
4461 10
4462 10
4463 10
4464 10
4465 10
4466 10
4467 10
4468 10
4469 10
4470 10
4471 10
4472 10
4473 10
4474 10
4475 10
4476 10
4477 10
4478 10
4479 10
4480 10
4481 10
4482 10
4483 10
4484 10
4485 10
4486 10
4487 10
4488 10
4489 10
4490 10
4491 10
4492 10
4493 10
4494 10
4495 10
4496 10
4497 10
4498 10
4499 10
4500 10
4501 10
4502 10
4503 10
4504 0.1
4505 0.1
4506 0.1
4507 0.1
4508 0.1
4509 0.1
4510 0.1
4511 0.1
4512 0.1
4513 0.1
4514 0.1
4515 0.1
4516 0.1
4517 0.1
4518 0.1
4519 0.1
4520 0.1
4521 0.1
4522 0.1
4523 0.1
4524 0.1
4525 0.1
4526 0.1
4527 0.1
4528 0.1
4529 0.1
4530 0.1
4531 0.1
4532 0.1
4533 0.1
4534 0.1
4535 0.1
4536 0.1
4537 0.1
4538 0.1
4539 0.1
4540 0.1
4541 0.1
4542 0.1
4543 0.1
4544 0.1
4545 0.1
4546 0.1
4547 0.1
4548 0.1
4549 0.1
4550 0.1
4551 0.1
4552 0.1
4553 0.1
4554 0.1
4555 0.1
4556 0.1
4557 0.1
4558 0.1
4559 0.1
4560 0.1
4561 0.1
4562 0.1
4563 0.1
4564 0.1
4565 0.1
4566 0.1
4567 0.1
4568 0.1
4569 0.1
4570 0.1
4571 0.1
4572 0.1
4573 0.1
4574 0.1
4575 0.1
4576 0.1
4577 0.1
4578 0.1
4579 0.1
4580 0.1
4581 0.1
4582 0.1
4583 0.1
4584 0.1
4585 0.1
4586 0.1
4587 0.1
4588 0.1
4589 0.1
4590 0.1
4591 0.1
4592 0.1
4593 0.1
4594 0.1
4595 0.1
4596 0.1
4597 0.1
4598 0.1
4599 0.1
4600 0.1
4601 0.1
4602 0.1
4603 0.1
4604 0.1
4605 0.1
4606 0.1
4607 0.1
4608 0.1
4609 0.1
4610 0.1
4611 0.1
4612 0.1
4613 0.1
4614 0.1
4615 0.1
4616 0.1
4617 0.1
4618 0.1
4619 0.1
4620 0.1
4621 0.1
4622 0.1
4623 0.1
4624 0.1
4625 0.1
4626 0.1
4627 0.1
4628 0.1
4629 0.1
4630 0.1
4631 0.1
4632 0.1
4633 0.1
4634 0.1
4635 0.1
4636 0.1
4637 0.1
4638 0.1
4639 0.1
4640 0.1
4641 0.1
4642 0.1
4643 0.1
4644 0.1
4645 0.1
4646 0.1
4647 0.1
4648 0.1
4649 0.1
4650 0.1
4651 0.1
4652 0.1
4653 0.1
4654 0.1
4655 0.1
4656 0.1
4657 0.1
4658 0.1
4659 0.1
4660 0.1
4661 0.1
4662 0.1
4663 0.1
4664 0.1
4665 0.1
4666 0.1
4667 0.1
4668 0.1
4669 0.1
4670 0.1
4671 0.1
4672 0.1
4673 0.1
4674 0.1
4675 0.1
4676 0.1
4677 0.1
4678 0.1
4679 0.1
4680 0.1
4681 0.1
4682 0.1
4683 0.1
4684 0.1
4685 0.1
4686 0.1
4687 0.1
4688 0.1
4689 0.1
4690 0.1
4691 0.1
4692 0.1
4693 0.1
4694 0.1
4695 0.1
4696 0.1
4697 0.1
4698 0.1
4699 0.1
4700 0.1
4701 0.1
4702 0.1
4703 0.1
4704 0.1
4705 0.1
4706 0.1
4707 0.1
4708 0.1
4709 0.1
4710 0.1
4711 0.1
4712 0.1
4713 0.1
4714 0.1
4715 0.1
4716 0.1
4717 0.1
4718 10
4719 10
4720 10
4721 10
4722 10
4723 10
4724 10
4725 10
4726 10
4727 10
4728 10
4729 10
4730 10
4731 10
4732 10
4733 10
4734 10
4735 10
4736 10
4737 10
4738 10
4739 10
4740 10
4741 10
4742 10
4743 10
4744 10
4745 10
4746 10
4747 10
4748 10
4749 10
4750 10
4751 10
4752 10
4753 10
4754 10
4755 10
4756 10
4757 10
4758 10
4759 10
4760 10
4761 10
4762 10
4763 10
4764 10
4765 10
4766 10
4767 10
4768 10
4769 10
4770 10
4771 10
4772 10
4773 10
4774 10
4775 10
4776 10
4777 10
4778 10
4779 10
4780 10
4781 10
4782 10
4783 10
4784 10
4785 10
4786 10
4787 10
4788 10
4789 10
4790 10
4791 10
4792 10
4793 10
4794 10
4795 10
4796 10
4797 10
4798 10
4799 10
4800 10
4801 10
4802 10
4803 10
4804 10
4805 10
4806 10
4807 10
4808 10
4809 10
4810 10
4811 10
4812 10
4813 10
4814 10
4815 10
4816 10
4817 10
4818 10
4819 10
4820 10
4821 10
4822 10
4823 10
4824 10
4825 10
4826 10
4827 10
4828 10
4829 10
4830 10
4831 10
4832 10
4833 10
4834 10
4835 10
4836 10
4837 10
4838 10
4839 10
4840 10
4841 10
4842 10
4843 10
4844 10
4845 10
4846 10
4847 10
4848 10
4849 10
4850 10
4851 10
4852 10
4853 10
4854 10
4855 10
4856 10
4857 10
4858 10
4859 10
4860 10
4861 10
4862 10
4863 10
4864 10
4865 10
4866 10
4867 10
4868 10
4869 10
4870 0.1
4871 0.1
4872 0.1
4873 0.1
4874 0.1
4875 0.1
4876 0.1
4877 0.1
4878 0.1
4879 0.1
4880 0.1
4881 0.1
4882 0.1
4883 0.1
4884 0.1
4885 0.1
4886 0.1
4887 0.1
4888 0.1
4889 0.1
4890 0.1
4891 0.1
4892 0.1
4893 0.1
4894 0.1
4895 0.1
4896 0.1
4897 0.1
4898 0.1
4899 0.1
4900 0.1
4901 0.1
4902 0.1
4903 0.1
4904 0.1
4905 0.1
4906 0.1
4907 0.1
4908 0.1
4909 0.1
4910 0.1
4911 0.1
4912 0.1
4913 0.1
4914 0.1
4915 0.1
4916 0.1
4917 0.1
4918 0.1
4919 0.1
4920 0.1
4921 0.1
4922 0.1
4923 0.1
4924 0.1
4925 0.1
4926 0.1
4927 0.1
4928 0.1
4929 0.1
4930 0.1
4931 0.1
4932 0.1
4933 0.1
4934 0.1
4935 0.1
4936 0.1
4937 0.1
4938 0.1
4939 0.1
4940 0.1
4941 0.1
4942 0.1
4943 0.1
4944 0.1
4945 0.1
4946 0.1
4947 0.1
4948 0.1
4949 0.1
4950 0.1
4951 0.1
4952 0.1
4953 0.1
4954 0.1
4955 0.1
4956 0.1
4957 0.1
4958 0.1
4959 0.1
4960 0.1
4961 0.1
4962 0.1
4963 0.1
4964 0.1
4965 0.1
4966 0.1
4967 0.1
4968 0.1
4969 0.1
4970 0.1
4971 0.1
4972 0.1
4973 0.1
4974 0.1
4975 0.1
4976 0.1
4977 0.1
4978 0.1
4979 0.1
4980 0.1
4981 0.1
4982 0.1
4983 0.1
4984 0.1
4985 0.1
4986 0.1
4987 0.1
4988 0.1
4989 0.1
4990 0.1
4991 0.1
4992 0.1
4993 0.1
4994 0.1
4995 0.1
4996 0.1
4997 0.1
4998 0.1
4999 0.1
5000 0.1
5001 0.1
5002 0.1
5003 0.1
5004 0.1
5005 0.1
5006 0.1
5007 0.1
5008 0.1
5009 0.1
5010 0.1
5011 0.1
5012 0.1
5013 0.1
5014 0.1
5015 0.1
5016 0.1
5017 0.1
5018 0.1
5019 0.1
5020 0.1
5021 0.1
5022 0.1
5023 0.1
5024 0.1
5025 0.1
5026 0.1
5027 0.1
5028 0.1
5029 0.1
5030 0.1
5031 0.1
5032 0.1
5033 0.1
5034 0.1
5035 0.1
5036 0.1
5037 0.1
5038 0.1
5039 0.1
5040 0.1
5041 0.1
5042 0.1
5043 0.1
5044 0.1
5045 0.1
5046 0.1
5047 0.1
5048 0.1
5049 0.1
5050 0.1
5051 0.1
5052 0.1
5053 0.1
5054 0.1
5055 0.1
5056 0.1
5057 0.1
5058 0.1
5059 0.1
5060 0.1
5061 0.1
5062 0.1
5063 0.1
5064 0.1
5065 0.1
5066 0.1
5067 0.1
5068 0.1
5069 0.1
5070 0.1
5071 0.1
5072 0.1
5073 0.1
5074 0.1
5075 0.1
5076 0.1
5077 0.1
5078 0.1
5079 0.1
5080 0.1
5081 0.1
5082 0.1
5083 0.1
5084 10
5085 10
5086 10
5087 10
5088 10
5089 10
5090 10
5091 10
5092 10
5093 10
5094 10
5095 10
5096 10
5097 10
5098 10
5099 10
5100 10
5101 10
5102 10
5103 10
5104 10
5105 10
5106 10
5107 10
5108 10
5109 10
5110 10
5111 10
5112 10
5113 10
5114 10
5115 10
5116 10
5117 10
5118 10
5119 10
5120 10
5121 10
5122 10
5123 10
5124 10
5125 10
5126 10
5127 10
5128 10
5129 10
5130 10
5131 10
5132 10
5133 10
5134 10
5135 10
5136 10
5137 10
5138 10
5139 10
5140 10
5141 10
5142 10
5143 10
5144 10
5145 10
5146 10
5147 10
5148 10
5149 10
5150 10
5151 10
5152 10
5153 10
5154 10
5155 10
5156 10
5157 10
5158 10
5159 10
5160 10
5161 10
5162 10
5163 10
5164 10
5165 10
5166 10
5167 10
5168 10
5169 10
5170 10
5171 10
5172 10
5173 10
5174 10
5175 10
5176 10
5177 10
5178 10
5179 10
5180 10
5181 10
5182 10
5183 10
5184 10
5185 10
5186 10
5187 10
5188 10
5189 10
5190 10
5191 10
5192 10
5193 10
5194 10
5195 10
5196 10
5197 10
5198 10
5199 10
5200 10
5201 10
5202 10
5203 10
5204 10
5205 10
5206 10
5207 10
5208 10
5209 10
5210 10
5211 10
5212 10
5213 10
5214 10
5215 10
5216 10
5217 10
5218 10
5219 10
5220 10
5221 10
5222 10
5223 10
5224 10
5225 10
5226 10
5227 10
5228 10
5229 10
5230 10
5231 10
5232 10
5233 10
5234 10
5235 0.1
5236 0.1
5237 0.1
5238 0.1
5239 0.1
5240 0.1
5241 0.1
5242 0.1
5243 0.1
5244 0.1
5245 0.1
5246 0.1
5247 0.1
5248 0.1
5249 0.1
5250 0.1
5251 0.1
5252 0.1
5253 0.1
5254 0.1
5255 0.1
5256 0.1
5257 0.1
5258 0.1
5259 0.1
5260 0.1
5261 0.1
5262 0.1
5263 0.1
5264 0.1
5265 0.1
5266 0.1
5267 0.1
5268 0.1
5269 0.1
5270 0.1
5271 0.1
5272 0.1
5273 0.1
5274 0.1
5275 0.1
5276 0.1
5277 0.1
5278 0.1
5279 0.1
5280 0.1
5281 0.1
5282 0.1
5283 0.1
5284 0.1
5285 0.1
5286 0.1
5287 0.1
5288 0.1
5289 0.1
5290 0.1
5291 0.1
5292 0.1
5293 0.1
5294 0.1
5295 0.1
5296 0.1
5297 0.1
5298 0.1
5299 0.1
5300 0.1
5301 0.1
5302 0.1
5303 0.1
5304 0.1
5305 0.1
5306 0.1
5307 0.1
5308 0.1
5309 0.1
5310 0.1
5311 0.1
5312 0.1
5313 0.1
5314 0.1
5315 0.1
5316 0.1
5317 0.1
5318 0.1
5319 0.1
5320 0.1
5321 0.1
5322 0.1
5323 0.1
5324 0.1
5325 0.1
5326 0.1
5327 0.1
5328 0.1
5329 0.1
5330 0.1
5331 0.1
5332 0.1
5333 0.1
5334 0.1
5335 0.1
5336 0.1
5337 0.1
5338 0.1
5339 0.1
5340 0.1
5341 0.1
5342 0.1
5343 0.1
5344 0.1
5345 0.1
5346 0.1
5347 0.1
5348 0.1
5349 0.1
5350 0.1
5351 0.1
5352 0.1
5353 0.1
5354 0.1
5355 0.1
5356 0.1
5357 0.1
5358 0.1
5359 0.1
5360 0.1
5361 0.1
5362 0.1
5363 0.1
5364 0.1
5365 0.1
5366 0.1
5367 0.1
5368 0.1
5369 0.1
5370 0.1
5371 0.1
5372 0.1
5373 0.1
5374 0.1
5375 0.1
5376 0.1
5377 0.1
5378 0.1
5379 0.1
5380 0.1
5381 0.1
5382 0.1
5383 0.1
5384 0.1
5385 0.1
5386 0.1
5387 0.1
5388 0.1
5389 0.1
5390 0.1
5391 0.1
5392 0.1
5393 0.1
5394 0.1
5395 0.1
5396 0.1
5397 0.1
5398 0.1
5399 0.1
5400 0.1
5401 0.1
5402 0.1
5403 0.1
5404 0.1
5405 0.1
5406 0.1
5407 0.1
5408 0.1
5409 0.1
5410 0.1
5411 0.1
5412 0.1
5413 0.1
5414 0.1
5415 0.1
5416 0.1
5417 0.1
5418 0.1
5419 0.1
5420 0.1
5421 0.1
5422 0.1
5423 0.1
5424 0.1
5425 0.1
5426 0.1
5427 0.1
5428 0.1
5429 0.1
5430 0.1
5431 0.1
5432 0.1
5433 0.1
5434 0.1
5435 0.1
5436 0.1
5437 0.1
5438 0.1
5439 0.1
5440 0.1
5441 0.1
5442 0.1
5443 0.1
5444 0.1
5445 0.1
5446 0.1
5447 0.1
5448 0.1
5449 10
5450 10
5451 10
5452 10
5453 10
5454 10
5455 10
5456 10
5457 10
5458 10
5459 10
5460 10
5461 10
5462 10
5463 10
5464 10
5465 10
5466 10
5467 10
5468 10
5469 10
5470 10
5471 10
5472 10
5473 10
5474 10
5475 10
5476 10
5477 10
5478 10
5479 10
5480 10
5481 10
5482 10
5483 10
5484 10
5485 10
5486 10
5487 10
5488 10
5489 10
5490 10
5491 10
5492 10
5493 10
5494 10
5495 10
5496 10
5497 10
5498 10
5499 10
5500 10
5501 10
5502 10
5503 10
5504 10
5505 10
5506 10
5507 10
5508 10
5509 10
5510 10
5511 10
5512 10
5513 10
5514 10
5515 10
5516 10
5517 10
5518 10
5519 10
5520 10
5521 10
5522 10
5523 10
5524 10
5525 10
5526 10
5527 10
5528 10
5529 10
5530 10
5531 10
5532 10
5533 10
5534 10
5535 10
5536 10
5537 10
5538 10
5539 10
5540 10
5541 10
5542 10
5543 10
5544 10
5545 10
5546 10
5547 10
5548 10
5549 10
5550 10
5551 10
5552 10
5553 10
5554 10
5555 10
5556 10
5557 10
5558 10
5559 10
5560 10
5561 10
5562 10
5563 10
5564 10
5565 10
5566 10
5567 10
5568 10
5569 10
5570 10
5571 10
5572 10
5573 10
5574 10
5575 10
5576 10
5577 10
5578 10
5579 10
5580 10
5581 10
5582 10
5583 10
5584 10
5585 10
5586 10
5587 10
5588 10
5589 10
5590 10
5591 10
5592 10
5593 10
5594 10
5595 10
5596 10
5597 10
5598 10
5599 10
5600 0.1
5601 0.1
5602 0.1
5603 0.1
5604 0.1
5605 0.1
5606 0.1
5607 0.1
5608 0.1
5609 0.1
5610 0.1
5611 0.1
5612 0.1
5613 0.1
5614 0.1
5615 0.1
5616 0.1
5617 0.1
5618 0.1
5619 0.1
5620 0.1
5621 0.1
5622 0.1
5623 0.1
5624 0.1
5625 0.1
5626 0.1
5627 0.1
5628 0.1
5629 0.1
5630 0.1
5631 0.1
5632 0.1
5633 0.1
5634 0.1
5635 0.1
5636 0.1
5637 0.1
5638 0.1
5639 0.1
5640 0.1
5641 0.1
5642 0.1
5643 0.1
5644 0.1
5645 0.1
5646 0.1
5647 0.1
5648 0.1
5649 0.1
5650 0.1
5651 0.1
5652 0.1
5653 0.1
5654 0.1
5655 0.1
5656 0.1
5657 0.1
5658 0.1
5659 0.1
5660 0.1
5661 0.1
5662 0.1
5663 0.1
5664 0.1
5665 0.1
5666 0.1
5667 0.1
5668 0.1
5669 0.1
5670 0.1
5671 0.1
5672 0.1
5673 0.1
5674 0.1
5675 0.1
5676 0.1
5677 0.1
5678 0.1
5679 0.1
5680 0.1
5681 0.1
5682 0.1
5683 0.1
5684 0.1
5685 0.1
5686 0.1
5687 0.1
5688 0.1
5689 0.1
5690 0.1
5691 0.1
5692 0.1
5693 0.1
5694 0.1
5695 0.1
5696 0.1
5697 0.1
5698 0.1
5699 0.1
5700 0.1
5701 0.1
5702 0.1
5703 0.1
5704 0.1
5705 0.1
5706 0.1
5707 0.1
5708 0.1
5709 0.1
5710 0.1
5711 0.1
5712 0.1
5713 0.1
5714 0.1
5715 0.1
5716 0.1
5717 0.1
5718 0.1
5719 0.1
5720 0.1
5721 0.1
5722 0.1
5723 0.1
5724 0.1
5725 0.1
5726 0.1
5727 0.1
5728 0.1
5729 0.1
5730 0.1
5731 0.1
5732 0.1
5733 0.1
5734 0.1
5735 0.1
5736 0.1
5737 0.1
5738 0.1
5739 0.1
5740 0.1
5741 0.1
5742 0.1
5743 0.1
5744 0.1
5745 0.1
5746 0.1
5747 0.1
5748 0.1
5749 0.1
5750 0.1
5751 0.1
5752 0.1
5753 0.1
5754 0.1
5755 0.1
5756 0.1
5757 0.1
5758 0.1
5759 0.1
5760 0.1
5761 0.1
5762 0.1
5763 0.1
5764 0.1
5765 0.1
5766 0.1
5767 0.1
5768 0.1
5769 0.1
5770 0.1
5771 0.1
5772 0.1
5773 0.1
5774 0.1
5775 0.1
5776 0.1
5777 0.1
5778 0.1
5779 0.1
5780 0.1
5781 0.1
5782 0.1
5783 0.1
5784 0.1
5785 0.1
5786 0.1
5787 0.1
5788 0.1
5789 0.1
5790 0.1
5791 0.1
5792 0.1
5793 0.1
5794 0.1
5795 0.1
5796 0.1
5797 0.1
5798 0.1
5799 0.1
5800 0.1
5801 0.1
5802 0.1
5803 0.1
5804 0.1
5805 0.1
5806 0.1
5807 0.1
5808 0.1
5809 0.1
5810 0.1
5811 0.1
5812 0.1
5813 0.1
5814 10
5815 10
5816 10
5817 10
5818 10
5819 10
5820 10
5821 10
5822 10
5823 10
5824 10
5825 10
5826 10
5827 10
5828 10
5829 10
5830 10
5831 10
5832 10
5833 10
5834 10
5835 10
5836 10
5837 10
5838 10
5839 10
5840 10
5841 10
5842 10
5843 10
5844 10
5845 10
5846 10
5847 10
5848 10
5849 10
5850 10
5851 10
5852 10
5853 10
5854 10
5855 10
5856 10
5857 10
5858 10
5859 10
5860 10
5861 10
5862 10
5863 10
5864 10
5865 10
5866 10
5867 10
5868 10
5869 10
5870 10
5871 10
5872 10
5873 10
5874 10
5875 10
5876 10
5877 10
5878 10
5879 10
5880 10
5881 10
5882 10
5883 10
5884 10
5885 10
5886 10
5887 10
5888 10
5889 10
5890 10
5891 10
5892 10
5893 10
5894 10
5895 10
5896 10
5897 10
5898 10
5899 10
5900 10
5901 10
5902 10
5903 10
5904 10
5905 10
5906 10
5907 10
5908 10
5909 10
5910 10
5911 10
5912 10
5913 10
5914 10
5915 10
5916 10
5917 10
5918 10
5919 10
5920 10
5921 10
5922 10
5923 10
5924 10
5925 10
5926 10
5927 10
5928 10
5929 10
5930 10
5931 10
5932 10
5933 10
5934 10
5935 10
5936 10
5937 10
5938 10
5939 10
5940 10
5941 10
5942 10
5943 10
5944 10
5945 10
5946 10
5947 10
5948 10
5949 10
5950 10
5951 10
5952 10
5953 10
5954 10
5955 10
5956 10
5957 10
5958 10
5959 10
5960 10
5961 10
5962 10
5963 10
5964 10
5965 0.1
5966 0.1
5967 0.1
5968 0.1
5969 0.1
5970 0.1
5971 0.1
5972 0.1
5973 0.1
5974 0.1
5975 0.1
5976 0.1
5977 0.1
5978 0.1
5979 0.1
5980 0.1
5981 0.1
5982 0.1
5983 0.1
5984 0.1
5985 0.1
5986 0.1
5987 0.1
5988 0.1
5989 0.1
5990 0.1
5991 0.1
5992 0.1
5993 0.1
5994 0.1
5995 0.1
5996 0.1
5997 0.1
5998 0.1
5999 0.1
6000 0.1
6001 0.1
6002 0.1
6003 0.1
6004 0.1
6005 0.1
6006 0.1
6007 0.1
6008 0.1
6009 0.1
6010 0.1
6011 0.1
6012 0.1
6013 0.1
6014 0.1
6015 0.1
6016 0.1
6017 0.1
6018 0.1
6019 0.1
6020 0.1
6021 0.1
6022 0.1
6023 0.1
6024 0.1
6025 0.1
6026 0.1
6027 0.1
6028 0.1
6029 0.1
6030 0.1
6031 0.1
6032 0.1
6033 0.1
6034 0.1
6035 0.1
6036 0.1
6037 0.1
6038 0.1
6039 0.1
6040 0.1
6041 0.1
6042 0.1
6043 0.1
6044 0.1
6045 0.1
6046 0.1
6047 0.1
6048 0.1
6049 0.1
6050 0.1
6051 0.1
6052 0.1
6053 0.1
6054 0.1
6055 0.1
6056 0.1
6057 0.1
6058 0.1
6059 0.1
6060 0.1
6061 0.1
6062 0.1
6063 0.1
6064 0.1
6065 0.1
6066 0.1
6067 0.1
6068 0.1
6069 0.1
6070 0.1
6071 0.1
6072 0.1
6073 0.1
6074 0.1
6075 0.1
6076 0.1
6077 0.1
6078 0.1
6079 0.1
6080 0.1
6081 0.1
6082 0.1
6083 0.1
6084 0.1
6085 0.1
6086 0.1
6087 0.1
6088 0.1
6089 0.1
6090 0.1
6091 0.1
6092 0.1
6093 0.1
6094 0.1
6095 0.1
6096 0.1
6097 0.1
6098 0.1
6099 0.1
6100 0.1
6101 0.1
6102 0.1
6103 0.1
6104 0.1
6105 0.1
6106 0.1
6107 0.1
6108 0.1
6109 0.1
6110 0.1
6111 0.1
6112 0.1
6113 0.1
6114 0.1
6115 0.1
6116 0.1
6117 0.1
6118 0.1
6119 0.1
6120 0.1
6121 0.1
6122 0.1
6123 0.1
6124 0.1
6125 0.1
6126 0.1
6127 0.1
6128 0.1
6129 0.1
6130 0.1
6131 0.1
6132 0.1
6133 0.1
6134 0.1
6135 0.1
6136 0.1
6137 0.1
6138 0.1
6139 0.1
6140 0.1
6141 0.1
6142 0.1
6143 0.1
6144 0.1
6145 0.1
6146 0.1
6147 0.1
6148 0.1
6149 0.1
6150 0.1
6151 0.1
6152 0.1
6153 0.1
6154 0.1
6155 0.1
6156 0.1
6157 0.1
6158 0.1
6159 0.1
6160 0.1
6161 0.1
6162 0.1
6163 0.1
6164 0.1
6165 0.1
6166 0.1
6167 0.1
6168 0.1
6169 0.1
6170 0.1
6171 0.1
6172 0.1
6173 0.1
6174 0.1
6175 0.1
6176 0.1
6177 0.1
6178 0.1
6179 10
6180 10
6181 10
6182 10
6183 10
6184 10
6185 10
6186 10
6187 10
6188 10
6189 10
6190 10
6191 10
6192 10
6193 10
6194 10
6195 10
6196 10
6197 10
6198 10
6199 10
6200 10
6201 10
6202 10
6203 10
6204 10
6205 10
6206 10
6207 10
6208 10
6209 10
6210 10
6211 10
6212 10
6213 10
6214 10
6215 10
6216 10
6217 10
6218 10
6219 10
6220 10
6221 10
6222 10
6223 10
6224 10
6225 10
6226 10
6227 10
6228 10
6229 10
6230 10
6231 10
6232 10
6233 10
6234 10
6235 10
6236 10
6237 10
6238 10
6239 10
6240 10
6241 10
6242 10
6243 10
6244 10
6245 10
6246 10
6247 10
6248 10
6249 10
6250 10
6251 10
6252 10
6253 10
6254 10
6255 10
6256 10
6257 10
6258 10
6259 10
6260 10
6261 10
6262 10
6263 10
6264 10
6265 10
6266 10
6267 10
6268 10
6269 10
6270 10
6271 10
6272 10
6273 10
6274 10
6275 10
6276 10
6277 10
6278 10
6279 10
6280 10
6281 10
6282 10
6283 10
6284 10
6285 10
6286 10
6287 10
6288 10
6289 10
6290 10
6291 10
6292 10
6293 10
6294 10
6295 10
6296 10
6297 10
6298 10
6299 10
6300 10
6301 10
6302 10
6303 10
6304 10
6305 10
6306 10
6307 10
6308 10
6309 10
6310 10
6311 10
6312 10
6313 10
6314 10
6315 10
6316 10
6317 10
6318 10
6319 10
6320 10
6321 10
6322 10
6323 10
6324 10
6325 10
6326 10
6327 10
6328 10
6329 10
6330 10
6331 0.1
6332 0.1
6333 0.1
6334 0.1
6335 0.1
6336 0.1
6337 0.1
6338 0.1
6339 0.1
6340 0.1
6341 0.1
6342 0.1
6343 0.1
6344 0.1
6345 0.1
6346 0.1
6347 0.1
6348 0.1
6349 0.1
6350 0.1
6351 0.1
6352 0.1
6353 0.1
6354 0.1
6355 0.1
6356 0.1
6357 0.1
6358 0.1
6359 0.1
6360 0.1
6361 0.1
6362 0.1
6363 0.1
6364 0.1
6365 0.1
6366 0.1
6367 0.1
6368 0.1
6369 0.1
6370 0.1
6371 0.1
6372 0.1
6373 0.1
6374 0.1
6375 0.1
6376 0.1
6377 0.1
6378 0.1
6379 0.1
6380 0.1
6381 0.1
6382 0.1
6383 0.1
6384 0.1
6385 0.1
6386 0.1
6387 0.1
6388 0.1
6389 0.1
6390 0.1
6391 0.1
6392 0.1
6393 0.1
6394 0.1
6395 0.1
6396 0.1
6397 0.1
6398 0.1
6399 0.1
6400 0.1
6401 0.1
6402 0.1
6403 0.1
6404 0.1
6405 0.1
6406 0.1
6407 0.1
6408 0.1
6409 0.1
6410 0.1
6411 0.1
6412 0.1
6413 0.1
6414 0.1
6415 0.1
6416 0.1
6417 0.1
6418 0.1
6419 0.1
6420 0.1
6421 0.1
6422 0.1
6423 0.1
6424 0.1
6425 0.1
6426 0.1
6427 0.1
6428 0.1
6429 0.1
6430 0.1
6431 0.1
6432 0.1
6433 0.1
6434 0.1
6435 0.1
6436 0.1
6437 0.1
6438 0.1
6439 0.1
6440 0.1
6441 0.1
6442 0.1
6443 0.1
6444 0.1
6445 0.1
6446 0.1
6447 0.1
6448 0.1
6449 0.1
6450 0.1
6451 0.1
6452 0.1
6453 0.1
6454 0.1
6455 0.1
6456 0.1
6457 0.1
6458 0.1
6459 0.1
6460 0.1
6461 0.1
6462 0.1
6463 0.1
6464 0.1
6465 0.1
6466 0.1
6467 0.1
6468 0.1
6469 0.1
6470 0.1
6471 0.1
6472 0.1
6473 0.1
6474 0.1
6475 0.1
6476 0.1
6477 0.1
6478 0.1
6479 0.1
6480 0.1
6481 0.1
6482 0.1
6483 0.1
6484 0.1
6485 0.1
6486 0.1
6487 0.1
6488 0.1
6489 0.1
6490 0.1
6491 0.1
6492 0.1
6493 0.1
6494 0.1
6495 0.1
6496 0.1
6497 0.1
6498 0.1
6499 0.1
6500 0.1
6501 0.1
6502 0.1
6503 0.1
6504 0.1
6505 0.1
6506 0.1
6507 0.1
6508 0.1
6509 0.1
6510 0.1
6511 0.1
6512 0.1
6513 0.1
6514 0.1
6515 0.1
6516 0.1
6517 0.1
6518 0.1
6519 0.1
6520 0.1
6521 0.1
6522 0.1
6523 0.1
6524 0.1
6525 0.1
6526 0.1
6527 0.1
6528 0.1
6529 0.1
6530 0.1
6531 0.1
6532 0.1
6533 0.1
6534 0.1
6535 0.1
6536 0.1
6537 0.1
6538 0.1
6539 0.1
6540 0.1
6541 0.1
6542 0.1
6543 0.1
6544 0.1
6545 10
6546 10
6547 10
6548 10
6549 10
6550 10
6551 10
6552 10
6553 10
6554 10
6555 10
6556 10
6557 10
6558 10
6559 10
6560 10
6561 10
6562 10
6563 10
6564 10
6565 10
6566 10
6567 10
6568 10
6569 10
6570 10
6571 10
6572 10
6573 10
6574 10
6575 10
6576 10
6577 10
6578 10
6579 10
6580 10
6581 10
6582 10
6583 10
6584 10
6585 10
6586 10
6587 10
6588 10
6589 10
6590 10
6591 10
6592 10
6593 10
6594 10
6595 10
6596 10
6597 10
6598 10
6599 10
6600 10
6601 10
6602 10
6603 10
6604 10
6605 10
6606 10
6607 10
6608 10
6609 10
6610 10
6611 10
6612 10
6613 10
6614 10
6615 10
6616 10
6617 10
6618 10
6619 10
6620 10
6621 10
6622 10
6623 10
6624 10
6625 10
6626 10
6627 10
6628 10
6629 10
6630 10
6631 10
6632 10
6633 10
6634 10
6635 10
6636 10
6637 10
6638 10
6639 10
6640 10
6641 10
6642 10
6643 10
6644 10
6645 10
6646 10
6647 10
6648 10
6649 10
6650 10
6651 10
6652 10
6653 10
6654 10
6655 10
6656 10
6657 10
6658 10
6659 10
6660 10
6661 10
6662 10
6663 10
6664 10
6665 10
6666 10
6667 10
6668 10
6669 10
6670 10
6671 10
6672 10
6673 10
6674 10
6675 10
6676 10
6677 10
6678 10
6679 10
6680 10
6681 10
6682 10
6683 10
6684 10
6685 10
6686 10
6687 10
6688 10
6689 10
6690 10
6691 10
6692 10
6693 10
6694 10
6695 10
6696 0.1
6697 0.1
6698 0.1
6699 0.1
6700 0.1
6701 0.1
6702 0.1
6703 0.1
6704 0.1
6705 0.1
6706 0.1
6707 0.1
6708 0.1
6709 0.1
6710 0.1
6711 0.1
6712 0.1
6713 0.1
6714 0.1
6715 0.1
6716 0.1
6717 0.1
6718 0.1
6719 0.1
6720 0.1
6721 0.1
6722 0.1
6723 0.1
6724 0.1
6725 0.1
6726 0.1
6727 0.1
6728 0.1
6729 0.1
6730 0.1
6731 0.1
6732 0.1
6733 0.1
6734 0.1
6735 0.1
6736 0.1
6737 0.1
6738 0.1
6739 0.1
6740 0.1
6741 0.1
6742 0.1
6743 0.1
6744 0.1
6745 0.1
6746 0.1
6747 0.1
6748 0.1
6749 0.1
6750 0.1
6751 0.1
6752 0.1
6753 0.1
6754 0.1
6755 0.1
6756 0.1
6757 0.1
6758 0.1
6759 0.1
6760 0.1
6761 0.1
6762 0.1
6763 0.1
6764 0.1
6765 0.1
6766 0.1
6767 0.1
6768 0.1
6769 0.1
6770 0.1
6771 0.1
6772 0.1
6773 0.1
6774 0.1
6775 0.1
6776 0.1
6777 0.1
6778 0.1
6779 0.1
6780 0.1
6781 0.1
6782 0.1
6783 0.1
6784 0.1
6785 0.1
6786 0.1
6787 0.1
6788 0.1
6789 0.1
6790 0.1
6791 0.1
6792 0.1
6793 0.1
6794 0.1
6795 0.1
6796 0.1
6797 0.1
6798 0.1
6799 0.1
6800 0.1
6801 0.1
6802 0.1
6803 0.1
6804 0.1
6805 0.1
6806 0.1
6807 0.1
6808 0.1
6809 0.1
6810 0.1
6811 0.1
6812 0.1
6813 0.1
6814 0.1
6815 0.1
6816 0.1
6817 0.1
6818 0.1
6819 0.1
6820 0.1
6821 0.1
6822 0.1
6823 0.1
6824 0.1
6825 0.1
6826 0.1
6827 0.1
6828 0.1
6829 0.1
6830 0.1
6831 0.1
6832 0.1
6833 0.1
6834 0.1
6835 0.1
6836 0.1
6837 0.1
6838 0.1
6839 0.1
6840 0.1
6841 0.1
6842 0.1
6843 0.1
6844 0.1
6845 0.1
6846 0.1
6847 0.1
6848 0.1
6849 0.1
6850 0.1
6851 0.1
6852 0.1
6853 0.1
6854 0.1
6855 0.1
6856 0.1
6857 0.1
6858 0.1
6859 0.1
6860 0.1
6861 0.1
6862 0.1
6863 0.1
6864 0.1
6865 0.1
6866 0.1
6867 0.1
6868 0.1
6869 0.1
6870 0.1
6871 0.1
6872 0.1
6873 0.1
6874 0.1
6875 0.1
6876 0.1
6877 0.1
6878 0.1
6879 0.1
6880 0.1
6881 0.1
6882 0.1
6883 0.1
6884 0.1
6885 0.1
6886 0.1
6887 0.1
6888 0.1
6889 0.1
6890 0.1
6891 0.1
6892 0.1
6893 0.1
6894 0.1
6895 0.1
6896 0.1
6897 0.1
6898 0.1
6899 0.1
6900 0.1
6901 0.1
6902 0.1
6903 0.1
6904 0.1
6905 0.1
6906 0.1
6907 0.1
6908 0.1
6909 0.1
6910 10
6911 10
6912 10
6913 10
6914 10
6915 10
6916 10
6917 10
6918 10
6919 10
6920 10
6921 10
6922 10
6923 10
6924 10
6925 10
6926 10
6927 10
6928 10
6929 10
6930 10
6931 10
6932 10
6933 10
6934 10
6935 10
6936 10
6937 10
6938 10
6939 10
6940 10
6941 10
6942 10
6943 10
6944 10
6945 10
6946 10
6947 10
6948 10
6949 10
6950 10
6951 10
6952 10
6953 10
6954 10
6955 10
6956 10
6957 10
6958 10
6959 10
6960 10
6961 10
6962 10
6963 10
6964 10
6965 10
6966 10
6967 10
6968 10
6969 10
6970 10
6971 10
6972 10
6973 10
6974 10
6975 10
6976 10
6977 10
6978 10
6979 10
6980 10
6981 10
6982 10
6983 10
6984 10
6985 10
6986 10
6987 10
6988 10
6989 10
6990 10
6991 10
6992 10
6993 10
6994 10
6995 10
6996 10
6997 10
6998 10
6999 10
7000 10
7001 10
7002 10
7003 10
7004 10
7005 10
7006 10
7007 10
7008 10
7009 10
7010 10
7011 10
7012 10
7013 10
7014 10
7015 10
7016 10
7017 10
7018 10
7019 10
7020 10
7021 10
7022 10
7023 10
7024 10
7025 10
7026 10
7027 10
7028 10
7029 10
7030 10
7031 10
7032 10
7033 10
7034 10
7035 10
7036 10
7037 10
7038 10
7039 10
7040 10
7041 10
7042 10
7043 10
7044 10
7045 10
7046 10
7047 10
7048 10
7049 10
7050 10
7051 10
7052 10
7053 10
7054 10
7055 10
7056 10
7057 10
7058 10
7059 10
7060 10
7061 0.1
7062 0.1
7063 0.1
7064 0.1
7065 0.1
7066 0.1
7067 0.1
7068 0.1
7069 0.1
7070 0.1
7071 0.1
7072 0.1
7073 0.1
7074 0.1
7075 0.1
7076 0.1
7077 0.1
7078 0.1
7079 0.1
7080 0.1
7081 0.1
7082 0.1
7083 0.1
7084 0.1
7085 0.1
7086 0.1
7087 0.1
7088 0.1
7089 0.1
7090 0.1
7091 0.1
7092 0.1
7093 0.1
7094 0.1
7095 0.1
7096 0.1
7097 0.1
7098 0.1
7099 0.1
7100 0.1
7101 0.1
7102 0.1
7103 0.1
7104 0.1
7105 0.1
7106 0.1
7107 0.1
7108 0.1
7109 0.1
7110 0.1
7111 0.1
7112 0.1
7113 0.1
7114 0.1
7115 0.1
7116 0.1
7117 0.1
7118 0.1
7119 0.1
7120 0.1
7121 0.1
7122 0.1
7123 0.1
7124 0.1
7125 0.1
7126 0.1
7127 0.1
7128 0.1
7129 0.1
7130 0.1
7131 0.1
7132 0.1
7133 0.1
7134 0.1
7135 0.1
7136 0.1
7137 0.1
7138 0.1
7139 0.1
7140 0.1
7141 0.1
7142 0.1
7143 0.1
7144 0.1
7145 0.1
7146 0.1
7147 0.1
7148 0.1
7149 0.1
7150 0.1
7151 0.1
7152 0.1
7153 0.1
7154 0.1
7155 0.1
7156 0.1
7157 0.1
7158 0.1
7159 0.1
7160 0.1
7161 0.1
7162 0.1
7163 0.1
7164 0.1
7165 0.1
7166 0.1
7167 0.1
7168 0.1
7169 0.1
7170 0.1
7171 0.1
7172 0.1
7173 0.1
7174 0.1
7175 0.1
7176 0.1
7177 0.1
7178 0.1
7179 0.1
7180 0.1
7181 0.1
7182 0.1
7183 0.1
7184 0.1
7185 0.1
7186 0.1
7187 0.1
7188 0.1
7189 0.1
7190 0.1
7191 0.1
7192 0.1
7193 0.1
7194 0.1
7195 0.1
7196 0.1
7197 0.1
7198 0.1
7199 0.1
7200 0.1
7201 0.1
7202 0.1
7203 0.1
7204 0.1
7205 0.1
7206 0.1
7207 0.1
7208 0.1
7209 0.1
7210 0.1
7211 0.1
7212 0.1
7213 0.1
7214 0.1
7215 0.1
7216 0.1
7217 0.1
7218 0.1
7219 0.1
7220 0.1
7221 0.1
7222 0.1
7223 0.1
7224 0.1
7225 0.1
7226 0.1
7227 0.1
7228 0.1
7229 0.1
7230 0.1
7231 0.1
7232 0.1
7233 0.1
7234 0.1
7235 0.1
7236 0.1
7237 0.1
7238 0.1
7239 0.1
7240 0.1
7241 0.1
7242 0.1
7243 0.1
7244 0.1
7245 0.1
7246 0.1
7247 0.1
7248 0.1
7249 0.1
7250 0.1
7251 0.1
7252 0.1
7253 0.1
7254 0.1
7255 0.1
7256 0.1
7257 0.1
7258 0.1
7259 0.1
7260 0.1
7261 0.1
7262 0.1
7263 0.1
7264 0.1
7265 0.1
7266 0.1
7267 0.1
7268 0.1
7269 0.1
7270 0.1
7271 0.1
7272 0.1
7273 0.1
7274 0.1
7275 10
7276 10
7277 10
7278 10
7279 10
7280 10
7281 10
7282 10
7283 10
7284 10
7285 10
7286 10
7287 10
7288 10
7289 10
7290 10
7291 10
7292 10
7293 10
7294 10
7295 10
7296 10
7297 10
7298 10
7299 10
7300 10
7301 10
7302 10
7303 10
7304 10
7305 10
7306 10
7307 10
7308 10
7309 10
7310 10
7311 10
7312 10
7313 10
7314 10
7315 10
7316 10
7317 10
7318 10
7319 10
7320 10
7321 10
7322 10
7323 10
7324 10
7325 10
7326 10
7327 10
7328 10
7329 10
7330 10
7331 10
7332 10
7333 10
7334 10
7335 10
7336 10
7337 10
7338 10
7339 10
7340 10
7341 10
7342 10
7343 10
7344 10
7345 10
7346 10
7347 10
7348 10
7349 10
7350 10
7351 10
7352 10
7353 10
7354 10
7355 10
7356 10
7357 10
7358 10
7359 10
7360 10
7361 10
7362 10
7363 10
7364 10
7365 10
7366 10
7367 10
7368 10
7369 10
7370 10
7371 10
7372 10
7373 10
7374 10
7375 10
7376 10
7377 10
7378 10
7379 10
7380 10
7381 10
7382 10
7383 10
7384 10
7385 10
7386 10
7387 10
7388 10
7389 10
7390 10
7391 10
7392 10
7393 10
7394 10
7395 10
7396 10
7397 10
7398 10
7399 10
7400 10
7401 10
7402 10
7403 10
7404 10
7405 10
7406 10
7407 10
7408 10
7409 10
7410 10
7411 10
7412 10
7413 10
7414 10
7415 10
7416 10
7417 10
7418 10
7419 10
7420 10
7421 10
7422 10
7423 10
7424 10
7425 10
7426 0.1
7427 0.1
7428 0.1
7429 0.1
7430 0.1
7431 0.1
7432 0.1
7433 0.1
7434 0.1
7435 0.1
7436 0.1
7437 0.1
7438 0.1
7439 0.1
7440 0.1
7441 0.1
7442 0.1
7443 0.1
7444 0.1
7445 0.1
7446 0.1
7447 0.1
7448 0.1
7449 0.1
7450 0.1
7451 0.1
7452 0.1
7453 0.1
7454 0.1
7455 0.1
7456 0.1
7457 0.1
7458 0.1
7459 0.1
7460 0.1
7461 0.1
7462 0.1
7463 0.1
7464 0.1
7465 0.1
7466 0.1
7467 0.1
7468 0.1
7469 0.1
7470 0.1
7471 0.1
7472 0.1
7473 0.1
7474 0.1
7475 0.1
7476 0.1
7477 0.1
7478 0.1
7479 0.1
7480 0.1
7481 0.1
7482 0.1
7483 0.1
7484 0.1
7485 0.1
7486 0.1
7487 0.1
7488 0.1
7489 0.1
7490 0.1
7491 0.1
7492 0.1
7493 0.1
7494 0.1
7495 0.1
7496 0.1
7497 0.1
7498 0.1
7499 0.1
7500 0.1
7501 0.1
7502 0.1
7503 0.1
7504 0.1
7505 0.1
7506 0.1
7507 0.1
7508 0.1
7509 0.1
7510 0.1
7511 0.1
7512 0.1
7513 0.1
7514 0.1
7515 0.1
7516 0.1
7517 0.1
7518 0.1
7519 0.1
7520 0.1
7521 0.1
7522 0.1
7523 0.1
7524 0.1
7525 0.1
7526 0.1
7527 0.1
7528 0.1
7529 0.1
7530 0.1
7531 0.1
7532 0.1
7533 0.1
7534 0.1
7535 0.1
7536 0.1
7537 0.1
7538 0.1
7539 0.1
7540 0.1
7541 0.1
7542 0.1
7543 0.1
7544 0.1
7545 0.1
7546 0.1
7547 0.1
7548 0.1
7549 0.1
7550 0.1
7551 0.1
7552 0.1
7553 0.1
7554 0.1
7555 0.1
7556 0.1
7557 0.1
7558 0.1
7559 0.1
7560 0.1
7561 0.1
7562 0.1
7563 0.1
7564 0.1
7565 0.1
7566 0.1
7567 0.1
7568 0.1
7569 0.1
7570 0.1
7571 0.1
7572 0.1
7573 0.1
7574 0.1
7575 0.1
7576 0.1
7577 0.1
7578 0.1
7579 0.1
7580 0.1
7581 0.1
7582 0.1
7583 0.1
7584 0.1
7585 0.1
7586 0.1
7587 0.1
7588 0.1
7589 0.1
7590 0.1
7591 0.1
7592 0.1
7593 0.1
7594 0.1
7595 0.1
7596 0.1
7597 0.1
7598 0.1
7599 0.1
7600 0.1
7601 0.1
7602 0.1
7603 0.1
7604 0.1
7605 0.1
7606 0.1
7607 0.1
7608 0.1
7609 0.1
7610 0.1
7611 0.1
7612 0.1
7613 0.1
7614 0.1
7615 0.1
7616 0.1
7617 0.1
7618 0.1
7619 0.1
7620 0.1
7621 0.1
7622 0.1
7623 0.1
7624 0.1
7625 0.1
7626 0.1
7627 0.1
7628 0.1
7629 0.1
7630 0.1
7631 0.1
7632 0.1
7633 0.1
7634 0.1
7635 0.1
7636 0.1
7637 0.1
7638 0.1
7639 0.1
7640 10
7641 10
7642 10
7643 10
7644 10
7645 10
7646 10
7647 10
7648 10
7649 10
7650 10
7651 10
7652 10
7653 10
7654 10
7655 10
7656 10
7657 10
7658 10
7659 10
7660 10
7661 10
7662 10
7663 10
7664 10
7665 10
7666 10
7667 10
7668 10
7669 10
