Time [d]	S_in [perMille]
1
-1 0.00
1 3.5
2 3.5
3 3.5
4 3.5
5 3.5
6 3.5
7 3.5
8 3.5
9 3.5
10 3.5
11 3.5
12 3.5
13 3.5
14 3.5
15 3.5
16 3.5
17 3.5
18 3.5
19 3.5
20 3.5
21 3.5
22 3.5
23 3.5
24 3.5
25 3.5
26 3.5
27 3.5
28 3.5
29 3.5
30 3.5
31 3.5
32 3.5
33 3.5
34 3.5
35 3.5
36 3.5
37 3.5
38 3.5
39 3.5
40 3.5
41 3.5
42 3.5
43 3.5
44 3.5
45 3.5
46 3.5
47 3.5
48 3.5
49 3.5
50 3.5
51 3.5
52 3.5
53 3.5
54 3.5
55 3.5
56 3.5
57 3.5
58 3.5
59 3.5
60 3.5
61 3.5
62 3.5
63 3.5
64 3.5
65 3.5
66 3.5
67 3.5
68 3.5
69 3.5
70 3.5
71 3.5
72 3.5
73 3.5
74 3.5
75 3.5
76 3.5
77 3.5
78 3.5
79 3.5
80 3.5
81 3.5
82 3.5
83 3.5
84 3.5
85 3.5
86 3.5
87 3.5
88 3.5
89 3.5
90 3.5
91 3.5
92 3.5
93 3.5
94 3.5
95 3.5
96 3.5
97 3.5
98 3.5
99 3.5
100 3.5
101 3.5
102 3.5
103 3.5
104 3.5
105 3.5
106 3.5
107 3.5
108 3.5
109 3.5
110 3.5
111 3.5
112 3.5
113 3.5
114 3.5
115 3.5
116 3.5
117 3.5
118 3.5
119 3.5
120 3.5
121 0.1
122 0.1
123 0.1
124 0.1
125 0.1
126 0.1
127 0.1
128 0.1
129 0.1
130 0.1
131 0.1
132 0.1
133 0.1
134 0.1
135 0.1
136 0.1
137 0.1
138 0.1
139 0.1
140 0.1
141 0.1
142 0.1
143 0.1
144 0.1
145 0.1
146 0.1
147 0.1
148 0.1
149 0.1
150 0.1
151 0.1
152 0.1
153 0.1
154 0.1
155 0.1
156 0.1
157 0.1
158 0.1
159 0.1
160 0.1
161 0.1
162 0.1
163 0.1
164 0.1
165 0.1
166 0.1
167 0.1
168 0.1
169 0.1
170 0.1
171 0.1
172 0.1
173 0.1
174 0.1
175 0.1
176 0.1
177 0.1
178 0.1
179 0.1
180 0.1
181 0.1
182 0.1
183 0.1
184 0.1
185 0.1
186 0.1
187 0.1
188 0.1
189 0.1
190 0.1
191 0.1
192 0.1
193 0.1
194 0.1
195 0.1
196 0.1
197 0.1
198 0.1
199 0.1
200 0.1
201 0.1
202 0.1
203 0.1
204 0.1
205 0.1
206 0.1
207 0.1
208 0.1
209 0.1
210 0.1
211 0.1
212 0.1
213 0.1
214 0.1
215 0.1
216 0.1
217 0.1
218 0.1
219 0.1
220 0.1
221 0.1
222 0.1
223 0.1
224 0.1
225 0.1
226 0.1
227 0.1
228 0.1
229 0.1
230 0.1
231 0.1
232 0.1
233 0.1
234 0.1
235 0.1
236 0.1
237 0.1
238 0.1
239 0.1
240 0.1
241 0.1
242 0.1
243 0.1
244 0.1
245 0.1
246 0.1
247 0.1
248 0.1
249 0.1
250 0.1
251 0.1
252 0.1
253 0.1
254 0.1
255 0.1
256 0.1
257 0.1
258 0.1
259 0.1
260 0.1
261 0.1
262 0.1
263 0.1
264 0.1
265 0.1
266 0.1
267 0.1
268 0.1
269 0.1
270 0.1
271 0.1
272 0.1
273 0.1
274 0.1
275 0.1
276 0.1
277 0.1
278 0.1
279 0.1
280 0.1
281 0.1
282 0.1
283 0.1
284 0.1
285 0.1
286 0.1
287 0.1
288 0.1
289 0.1
290 0.1
291 0.1
292 0.1
293 0.1
294 0.1
295 0.1
296 0.1
297 0.1
298 0.1
299 0.1
300 0.1
301 0.1
302 0.1
303 0.1
304 0.1
305 0.1
306 0.1
307 0.1
308 0.1
309 0.1
310 0.1
311 0.1
312 0.1
313 0.1
314 0.1
315 0.1
316 0.1
317 0.1
318 0.1
319 0.1
320 0.1
321 0.1
322 0.1
323 0.1
324 0.1
325 0.1
326 0.1
327 0.1
328 0.1
329 0.1
330 0.1
331 0.1
332 0.1
333 0.1
334 0.1
335 3.5
336 3.5
337 3.5
338 3.5
339 3.5
340 3.5
341 3.5
342 3.5
343 3.5
344 3.5
345 3.5
346 3.5
347 3.5
348 3.5
349 3.5
350 3.5
351 3.5
352 3.5
353 3.5
354 3.5
355 3.5
356 3.5
357 3.5
358 3.5
359 3.5
360 3.5
361 3.5
362 3.5
363 3.5
364 3.5
365 3.5
366 3.5
367 3.5
368 3.5
369 3.5
370 3.5
371 3.5
372 3.5
373 3.5
374 3.5
375 3.5
376 3.5
377 3.5
378 3.5
379 3.5
380 3.5
381 3.5
382 3.5
383 3.5
384 3.5
385 3.5
386 3.5
387 3.5
388 3.5
389 3.5
390 3.5
391 3.5
392 3.5
393 3.5
394 3.5
395 3.5
396 3.5
397 3.5
398 3.5
399 3.5
400 3.5
401 3.5
402 3.5
403 3.5
404 3.5
405 3.5
406 3.5
407 3.5
408 3.5
409 3.5
410 3.5
411 3.5
412 3.5
413 3.5
414 3.5
415 3.5
416 3.5
417 3.5
418 3.5
419 3.5
420 3.5
421 3.5
422 3.5
423 3.5
424 3.5
425 3.5
426 3.5
427 3.5
428 3.5
429 3.5
430 3.5
431 3.5
432 3.5
433 3.5
434 3.5
435 3.5
436 3.5
437 3.5
438 3.5
439 3.5
440 3.5
441 3.5
442 3.5
443 3.5
444 3.5
445 3.5
446 3.5
447 3.5
448 3.5
449 3.5
450 3.5
451 3.5
452 3.5
453 3.5
454 3.5
455 3.5
456 3.5
457 3.5
458 3.5
459 3.5
460 3.5
461 3.5
462 3.5
463 3.5
464 3.5
465 3.5
466 3.5
467 3.5
468 3.5
469 3.5
470 3.5
471 3.5
472 3.5
473 3.5
474 3.5
475 3.5
476 3.5
477 3.5
478 3.5
479 3.5
480 3.5
481 3.5
482 3.5
483 3.5
484 3.5
485 3.5
486 3.5
487 0.1
488 0.1
489 0.1
490 0.1
491 0.1
492 0.1
493 0.1
494 0.1
495 0.1
496 0.1
497 0.1
498 0.1
499 0.1
500 0.1
501 0.1
502 0.1
503 0.1
504 0.1
505 0.1
506 0.1
507 0.1
508 0.1
509 0.1
510 0.1
511 0.1
512 0.1
513 0.1
514 0.1
515 0.1
516 0.1
517 0.1
518 0.1
519 0.1
520 0.1
521 0.1
522 0.1
523 0.1
524 0.1
525 0.1
526 0.1
527 0.1
528 0.1
529 0.1
530 0.1
531 0.1
532 0.1
533 0.1
534 0.1
535 0.1
536 0.1
537 0.1
538 0.1
539 0.1
540 0.1
541 0.1
542 0.1
543 0.1
544 0.1
545 0.1
546 0.1
547 0.1
548 0.1
549 0.1
550 0.1
551 0.1
552 0.1
553 0.1
554 0.1
555 0.1
556 0.1
557 0.1
558 0.1
559 0.1
560 0.1
561 0.1
562 0.1
563 0.1
564 0.1
565 0.1
566 0.1
567 0.1
568 0.1
569 0.1
570 0.1
571 0.1
572 0.1
573 0.1
574 0.1
575 0.1
576 0.1
577 0.1
578 0.1
579 0.1
580 0.1
581 0.1
582 0.1
583 0.1
584 0.1
585 0.1
586 0.1
587 0.1
588 0.1
589 0.1
590 0.1
591 0.1
592 0.1
593 0.1
594 0.1
595 0.1
596 0.1
597 0.1
598 0.1
599 0.1
600 0.1
601 0.1
602 0.1
603 0.1
604 0.1
605 0.1
606 0.1
607 0.1
608 0.1
609 0.1
610 0.1
611 0.1
612 0.1
613 0.1
614 0.1
615 0.1
616 0.1
617 0.1
618 0.1
619 0.1
620 0.1
621 0.1
622 0.1
623 0.1
624 0.1
625 0.1
626 0.1
627 0.1
628 0.1
629 0.1
630 0.1
631 0.1
632 0.1
633 0.1
634 0.1
635 0.1
636 0.1
637 0.1
638 0.1
639 0.1
640 0.1
641 0.1
642 0.1
643 0.1
644 0.1
645 0.1
646 0.1
647 0.1
648 0.1
649 0.1
650 0.1
651 0.1
652 0.1
653 0.1
654 0.1
655 0.1
656 0.1
657 0.1
658 0.1
659 0.1
660 0.1
661 0.1
662 0.1
663 0.1
664 0.1
665 0.1
666 0.1
667 0.1
668 0.1
669 0.1
670 0.1
671 0.1
672 0.1
673 0.1
674 0.1
675 0.1
676 0.1
677 0.1
678 0.1
679 0.1
680 0.1
681 0.1
682 0.1
683 0.1
684 0.1
685 0.1
686 0.1
687 0.1
688 0.1
689 0.1
690 0.1
691 0.1
692 0.1
693 0.1
694 0.1
695 0.1
696 0.1
697 0.1
698 0.1
699 0.1
700 0.1
701 3.5
702 3.5
703 3.5
704 3.5
705 3.5
706 3.5
707 3.5
708 3.5
709 3.5
710 3.5
711 3.5
712 3.5
713 3.5
714 3.5
715 3.5
716 3.5
717 3.5
718 3.5
719 3.5
720 3.5
721 3.5
722 3.5
723 3.5
724 3.5
725 3.5
726 3.5
727 3.5
728 3.5
729 3.5
730 3.5
731 3.5
732 3.5
733 3.5
734 3.5
735 3.5
736 3.5
737 3.5
738 3.5
739 3.5
740 3.5
741 3.5
742 3.5
743 3.5
744 3.5
745 3.5
746 3.5
747 3.5
748 3.5
749 3.5
750 3.5
751 3.5
752 3.5
753 3.5
754 3.5
755 3.5
756 3.5
757 3.5
758 3.5
759 3.5
760 3.5
761 3.5
762 3.5
763 3.5
764 3.5
765 3.5
766 3.5
767 3.5
768 3.5
769 3.5
770 3.5
771 3.5
772 3.5
773 3.5
774 3.5
775 3.5
776 3.5
777 3.5
778 3.5
779 3.5
780 3.5
781 3.5
782 3.5
783 3.5
784 3.5
785 3.5
786 3.5
787 3.5
788 3.5
789 3.5
790 3.5
791 3.5
792 3.5
793 3.5
794 3.5
795 3.5
796 3.5
797 3.5
798 3.5
799 3.5
800 3.5
801 3.5
802 3.5
803 3.5
804 3.5
805 3.5
806 3.5
807 3.5
808 3.5
809 3.5
810 3.5
811 3.5
812 3.5
813 3.5
814 3.5
815 3.5
816 3.5
817 3.5
818 3.5
819 3.5
820 3.5
821 3.5
822 3.5
823 3.5
824 3.5
825 3.5
826 3.5
827 3.5
828 3.5
829 3.5
830 3.5
831 3.5
832 3.5
833 3.5
834 3.5
835 3.5
836 3.5
837 3.5
838 3.5
839 3.5
840 3.5
841 3.5
842 3.5
843 3.5
844 3.5
845 3.5
846 3.5
847 3.5
848 3.5
849 3.5
850 3.5
851 3.5
852 0.1
853 0.1
854 0.1
855 0.1
856 0.1
857 0.1
858 0.1
859 0.1
860 0.1
861 0.1
862 0.1
863 0.1
864 0.1
865 0.1
866 0.1
867 0.1
868 0.1
869 0.1
870 0.1
871 0.1
872 0.1
873 0.1
874 0.1
875 0.1
876 0.1
877 0.1
878 0.1
879 0.1
880 0.1
881 0.1
882 0.1
883 0.1
884 0.1
885 0.1
886 0.1
887 0.1
888 0.1
889 0.1
890 0.1
891 0.1
892 0.1
893 0.1
894 0.1
895 0.1
896 0.1
897 0.1
898 0.1
899 0.1
900 0.1
901 0.1
902 0.1
903 0.1
904 0.1
905 0.1
906 0.1
907 0.1
908 0.1
909 0.1
910 0.1
911 0.1
912 0.1
913 0.1
914 0.1
915 0.1
916 0.1
917 0.1
918 0.1
919 0.1
920 0.1
921 0.1
922 0.1
923 0.1
924 0.1
925 0.1
926 0.1
927 0.1
928 0.1
929 0.1
930 0.1
931 0.1
932 0.1
933 0.1
934 0.1
935 0.1
936 0.1
937 0.1
938 0.1
939 0.1
940 0.1
941 0.1
942 0.1
943 0.1
944 0.1
945 0.1
946 0.1
947 0.1
948 0.1
949 0.1
950 0.1
951 0.1
952 0.1
953 0.1
954 0.1
955 0.1
956 0.1
957 0.1
958 0.1
959 0.1
960 0.1
961 0.1
962 0.1
963 0.1
964 0.1
965 0.1
966 0.1
967 0.1
968 0.1
969 0.1
970 0.1
971 0.1
972 0.1
973 0.1
974 0.1
975 0.1
976 0.1
977 0.1
978 0.1
979 0.1
980 0.1
981 0.1
982 0.1
983 0.1
984 0.1
985 0.1
986 0.1
987 0.1
988 0.1
989 0.1
990 0.1
991 0.1
992 0.1
993 0.1
994 0.1
995 0.1
996 0.1
997 0.1
998 0.1
999 0.1
1000 0.1
1001 0.1
1002 0.1
1003 0.1
1004 0.1
1005 0.1
1006 0.1
1007 0.1
1008 0.1
1009 0.1
1010 0.1
1011 0.1
1012 0.1
1013 0.1
1014 0.1
1015 0.1
1016 0.1
1017 0.1
1018 0.1
1019 0.1
1020 0.1
1021 0.1
1022 0.1
1023 0.1
1024 0.1
1025 0.1
1026 0.1
1027 0.1
1028 0.1
1029 0.1
1030 0.1
1031 0.1
1032 0.1
1033 0.1
1034 0.1
1035 0.1
1036 0.1
1037 0.1
1038 0.1
1039 0.1
1040 0.1
1041 0.1
1042 0.1
1043 0.1
1044 0.1
1045 0.1
1046 0.1
1047 0.1
1048 0.1
1049 0.1
1050 0.1
1051 0.1
1052 0.1
1053 0.1
1054 0.1
1055 0.1
1056 0.1
1057 0.1
1058 0.1
1059 0.1
1060 0.1
1061 0.1
1062 0.1
1063 0.1
1064 0.1
1065 0.1
1066 3.5
1067 3.5
1068 3.5
1069 3.5
1070 3.5
1071 3.5
1072 3.5
1073 3.5
1074 3.5
1075 3.5
1076 3.5
1077 3.5
1078 3.5
1079 3.5
1080 3.5
1081 3.5
1082 3.5
1083 3.5
1084 3.5
1085 3.5
1086 3.5
1087 3.5
1088 3.5
1089 3.5
1090 3.5
1091 3.5
1092 3.5
1093 3.5
1094 3.5
1095 3.5
1096 3.5
1097 3.5
1098 3.5
1099 3.5
1100 3.5
1101 3.5
1102 3.5
1103 3.5
1104 3.5
1105 3.5
1106 3.5
1107 3.5
1108 3.5
1109 3.5
1110 3.5
1111 3.5
1112 3.5
1113 3.5
1114 3.5
1115 3.5
1116 3.5
1117 3.5
1118 3.5
1119 3.5
1120 3.5
1121 3.5
1122 3.5
1123 3.5
1124 3.5
1125 3.5
1126 3.5
1127 3.5
1128 3.5
1129 3.5
1130 3.5
1131 3.5
1132 3.5
1133 3.5
1134 3.5
1135 3.5
1136 3.5
1137 3.5
1138 3.5
1139 3.5
1140 3.5
1141 3.5
1142 3.5
1143 3.5
1144 3.5
1145 3.5
1146 3.5
1147 3.5
1148 3.5
1149 3.5
1150 3.5
1151 3.5
1152 3.5
1153 3.5
1154 3.5
1155 3.5
1156 3.5
1157 3.5
1158 3.5
1159 3.5
1160 3.5
1161 3.5
1162 3.5
1163 3.5
1164 3.5
1165 3.5
1166 3.5
1167 3.5
1168 3.5
1169 3.5
1170 3.5
1171 3.5
1172 3.5
1173 3.5
1174 3.5
1175 3.5
1176 3.5
1177 3.5
1178 3.5
1179 3.5
1180 3.5
1181 3.5
1182 3.5
1183 3.5
1184 3.5
1185 3.5
1186 3.5
1187 3.5
1188 3.5
1189 3.5
1190 3.5
1191 3.5
1192 3.5
1193 3.5
1194 3.5
1195 3.5
1196 3.5
1197 3.5
1198 3.5
1199 3.5
1200 3.5
1201 3.5
1202 3.5
1203 3.5
1204 3.5
1205 3.5
1206 3.5
1207 3.5
1208 3.5
1209 3.5
1210 3.5
1211 3.5
1212 3.5
1213 3.5
1214 3.5
1215 3.5
1216 3.5
1217 0.1
1218 0.1
1219 0.1
1220 0.1
1221 0.1
1222 0.1
1223 0.1
1224 0.1
1225 0.1
1226 0.1
1227 0.1
1228 0.1
1229 0.1
1230 0.1
1231 0.1
1232 0.1
1233 0.1
1234 0.1
1235 0.1
1236 0.1
1237 0.1
1238 0.1
1239 0.1
1240 0.1
1241 0.1
1242 0.1
1243 0.1
1244 0.1
1245 0.1
1246 0.1
1247 0.1
1248 0.1
1249 0.1
1250 0.1
1251 0.1
1252 0.1
1253 0.1
1254 0.1
1255 0.1
1256 0.1
1257 0.1
1258 0.1
1259 0.1
1260 0.1
1261 0.1
1262 0.1
1263 0.1
1264 0.1
1265 0.1
1266 0.1
1267 0.1
1268 0.1
1269 0.1
1270 0.1
1271 0.1
1272 0.1
1273 0.1
1274 0.1
1275 0.1
1276 0.1
1277 0.1
1278 0.1
1279 0.1
1280 0.1
1281 0.1
1282 0.1
1283 0.1
1284 0.1
1285 0.1
1286 0.1
1287 0.1
1288 0.1
1289 0.1
1290 0.1
1291 0.1
1292 0.1
1293 0.1
1294 0.1
1295 0.1
1296 0.1
1297 0.1
1298 0.1
1299 0.1
1300 0.1
1301 0.1
1302 0.1
1303 0.1
1304 0.1
1305 0.1
1306 0.1
1307 0.1
1308 0.1
1309 0.1
1310 0.1
1311 0.1
1312 0.1
1313 0.1
1314 0.1
1315 0.1
1316 0.1
1317 0.1
1318 0.1
1319 0.1
1320 0.1
1321 0.1
1322 0.1
1323 0.1
1324 0.1
1325 0.1
1326 0.1
1327 0.1
1328 0.1
1329 0.1
1330 0.1
1331 0.1
1332 0.1
1333 0.1
1334 0.1
1335 0.1
1336 0.1
1337 0.1
1338 0.1
1339 0.1
1340 0.1
1341 0.1
1342 0.1
1343 0.1
1344 0.1
1345 0.1
1346 0.1
1347 0.1
1348 0.1
1349 0.1
1350 0.1
1351 0.1
1352 0.1
1353 0.1
1354 0.1
1355 0.1
1356 0.1
1357 0.1
1358 0.1
1359 0.1
1360 0.1
1361 0.1
1362 0.1
1363 0.1
1364 0.1
1365 0.1
1366 0.1
1367 0.1
1368 0.1
1369 0.1
1370 0.1
1371 0.1
1372 0.1
1373 0.1
1374 0.1
1375 0.1
1376 0.1
1377 0.1
1378 0.1
1379 0.1
1380 0.1
1381 0.1
1382 0.1
1383 0.1
1384 0.1
1385 0.1
1386 0.1
1387 0.1
1388 0.1
1389 0.1
1390 0.1
1391 0.1
1392 0.1
1393 0.1
1394 0.1
1395 0.1
1396 0.1
1397 0.1
1398 0.1
1399 0.1
1400 0.1
1401 0.1
1402 0.1
1403 0.1
1404 0.1
1405 0.1
1406 0.1
1407 0.1
1408 0.1
1409 0.1
1410 0.1
1411 0.1
1412 0.1
1413 0.1
1414 0.1
1415 0.1
1416 0.1
1417 0.1
1418 0.1
1419 0.1
1420 0.1
1421 0.1
1422 0.1
1423 0.1
1424 0.1
1425 0.1
1426 0.1
1427 0.1
1428 0.1
1429 0.1
1430 0.1
1431 3.5
1432 3.5
1433 3.5
1434 3.5
1435 3.5
1436 3.5
1437 3.5
1438 3.5
1439 3.5
1440 3.5
1441 3.5
1442 3.5
1443 3.5
1444 3.5
1445 3.5
1446 3.5
1447 3.5
1448 3.5
1449 3.5
1450 3.5
1451 3.5
1452 3.5
1453 3.5
1454 3.5
1455 3.5
1456 3.5
1457 3.5
1458 3.5
1459 3.5
1460 3.5
1461 3.5
1462 3.5
1463 3.5
1464 3.5
1465 3.5
1466 3.5
1467 3.5
1468 3.5
1469 3.5
1470 3.5
1471 3.5
1472 3.5
1473 3.5
1474 3.5
1475 3.5
1476 3.5
1477 3.5
1478 3.5
1479 3.5
1480 3.5
1481 3.5
1482 3.5
1483 3.5
1484 3.5
1485 3.5
1486 3.5
1487 3.5
1488 3.5
1489 3.5
1490 3.5
1491 3.5
1492 3.5
1493 3.5
1494 3.5
1495 3.5
1496 3.5
1497 3.5
1498 3.5
1499 3.5
1500 3.5
1501 3.5
1502 3.5
1503 3.5
1504 3.5
1505 3.5
1506 3.5
1507 3.5
1508 3.5
1509 3.5
1510 3.5
1511 3.5
1512 3.5
1513 3.5
1514 3.5
1515 3.5
1516 3.5
1517 3.5
1518 3.5
1519 3.5
1520 3.5
1521 3.5
1522 3.5
1523 3.5
1524 3.5
1525 3.5
1526 3.5
1527 3.5
1528 3.5
1529 3.5
1530 3.5
1531 3.5
1532 3.5
1533 3.5
1534 3.5
1535 3.5
1536 3.5
1537 3.5
1538 3.5
1539 3.5
1540 3.5
1541 3.5
1542 3.5
1543 3.5
1544 3.5
1545 3.5
1546 3.5
1547 3.5
1548 3.5
1549 3.5
1550 3.5
1551 3.5
1552 3.5
1553 3.5
1554 3.5
1555 3.5
1556 3.5
1557 3.5
1558 3.5
1559 3.5
1560 3.5
1561 3.5
1562 3.5
1563 3.5
1564 3.5
1565 3.5
1566 3.5
1567 3.5
1568 3.5
1569 3.5
1570 3.5
1571 3.5
1572 3.5
1573 3.5
1574 3.5
1575 3.5
1576 3.5
1577 3.5
1578 3.5
1579 3.5
1580 3.5
1581 3.5
1582 0.1
1583 0.1
1584 0.1
1585 0.1
1586 0.1
1587 0.1
1588 0.1
1589 0.1
1590 0.1
1591 0.1
1592 0.1
1593 0.1
1594 0.1
1595 0.1
1596 0.1
1597 0.1
1598 0.1
1599 0.1
1600 0.1
1601 0.1
1602 0.1
1603 0.1
1604 0.1
1605 0.1
1606 0.1
1607 0.1
1608 0.1
1609 0.1
1610 0.1
1611 0.1
1612 0.1
1613 0.1
1614 0.1
1615 0.1
1616 0.1
1617 0.1
1618 0.1
1619 0.1
1620 0.1
1621 0.1
1622 0.1
1623 0.1
1624 0.1
1625 0.1
1626 0.1
1627 0.1
1628 0.1
1629 0.1
1630 0.1
1631 0.1
1632 0.1
1633 0.1
1634 0.1
1635 0.1
1636 0.1
1637 0.1
1638 0.1
1639 0.1
1640 0.1
1641 0.1
1642 0.1
1643 0.1
1644 0.1
1645 0.1
1646 0.1
1647 0.1
1648 0.1
1649 0.1
1650 0.1
1651 0.1
1652 0.1
1653 0.1
1654 0.1
1655 0.1
1656 0.1
1657 0.1
1658 0.1
1659 0.1
1660 0.1
1661 0.1
1662 0.1
1663 0.1
1664 0.1
1665 0.1
1666 0.1
1667 0.1
1668 0.1
1669 0.1
1670 0.1
1671 0.1
1672 0.1
1673 0.1
1674 0.1
1675 0.1
1676 0.1
1677 0.1
1678 0.1
1679 0.1
1680 0.1
1681 0.1
1682 0.1
1683 0.1
1684 0.1
1685 0.1
1686 0.1
1687 0.1
1688 0.1
1689 0.1
1690 0.1
1691 0.1
1692 0.1
1693 0.1
1694 0.1
1695 0.1
1696 0.1
1697 0.1
1698 0.1
1699 0.1
1700 0.1
1701 0.1
1702 0.1
1703 0.1
1704 0.1
1705 0.1
1706 0.1
1707 0.1
1708 0.1
1709 0.1
1710 0.1
1711 0.1
1712 0.1
1713 0.1
1714 0.1
1715 0.1
1716 0.1
1717 0.1
1718 0.1
1719 0.1
1720 0.1
1721 0.1
1722 0.1
1723 0.1
1724 0.1
1725 0.1
1726 0.1
1727 0.1
1728 0.1
1729 0.1
1730 0.1
1731 0.1
1732 0.1
1733 0.1
1734 0.1
1735 0.1
1736 0.1
1737 0.1
1738 0.1
1739 0.1
1740 0.1
1741 0.1
1742 0.1
1743 0.1
1744 0.1
1745 0.1
1746 0.1
1747 0.1
1748 0.1
1749 0.1
1750 0.1
1751 0.1
1752 0.1
1753 0.1
1754 0.1
1755 0.1
1756 0.1
1757 0.1
1758 0.1
1759 0.1
1760 0.1
1761 0.1
1762 0.1
1763 0.1
1764 0.1
1765 0.1
1766 0.1
1767 0.1
1768 0.1
1769 0.1
1770 0.1
1771 0.1
1772 0.1
1773 0.1
1774 0.1
1775 0.1
1776 0.1
1777 0.1
1778 0.1
1779 0.1
1780 0.1
1781 0.1
1782 0.1
1783 0.1
1784 0.1
1785 0.1
1786 0.1
1787 0.1
1788 0.1
1789 0.1
1790 0.1
1791 0.1
1792 0.1
1793 0.1
1794 0.1
1795 0.1
1796 3.5
1797 3.5
1798 3.5
1799 3.5
1800 3.5
1801 3.5
1802 3.5
1803 3.5
1804 3.5
1805 3.5
1806 3.5
1807 3.5
1808 3.5
1809 3.5
1810 3.5
1811 3.5
1812 3.5
1813 3.5
1814 3.5
1815 3.5
1816 3.5
1817 3.5
1818 3.5
1819 3.5
1820 3.5
1821 3.5
1822 3.5
1823 3.5
1824 3.5
1825 3.5
1826 3.5
1827 3.5
1828 3.5
1829 3.5
1830 3.5
1831 3.5
1832 3.5
1833 3.5
1834 3.5
1835 3.5
1836 3.5
1837 3.5
1838 3.5
1839 3.5
1840 3.5
1841 3.5
1842 3.5
1843 3.5
1844 3.5
1845 3.5
1846 3.5
1847 3.5
1848 3.5
1849 3.5
1850 3.5
1851 3.5
1852 3.5
1853 3.5
1854 3.5
1855 3.5
1856 3.5
1857 3.5
1858 3.5
1859 3.5
1860 3.5
1861 3.5
1862 3.5
1863 3.5
1864 3.5
1865 3.5
1866 3.5
1867 3.5
1868 3.5
1869 3.5
1870 3.5
1871 3.5
1872 3.5
1873 3.5
1874 3.5
1875 3.5
1876 3.5
1877 3.5
1878 3.5
1879 3.5
1880 3.5
1881 3.5
1882 3.5
1883 3.5
1884 3.5
1885 3.5
1886 3.5
1887 3.5
1888 3.5
1889 3.5
1890 3.5
1891 3.5
1892 3.5
1893 3.5
1894 3.5
1895 3.5
1896 3.5
1897 3.5
1898 3.5
1899 3.5
1900 3.5
1901 3.5
1902 3.5
1903 3.5
1904 3.5
1905 3.5
1906 3.5
1907 3.5
1908 3.5
1909 3.5
1910 3.5
1911 3.5
1912 3.5
1913 3.5
1914 3.5
1915 3.5
1916 3.5
1917 3.5
1918 3.5
1919 3.5
1920 3.5
1921 3.5
1922 3.5
1923 3.5
1924 3.5
1925 3.5
1926 3.5
1927 3.5
1928 3.5
1929 3.5
1930 3.5
1931 3.5
1932 3.5
1933 3.5
1934 3.5
1935 3.5
1936 3.5
1937 3.5
1938 3.5
1939 3.5
1940 3.5
1941 3.5
1942 3.5
1943 3.5
1944 3.5
1945 3.5
1946 3.5
1947 3.5
1948 0.1
1949 0.1
1950 0.1
1951 0.1
1952 0.1
1953 0.1
1954 0.1
1955 0.1
1956 0.1
1957 0.1
1958 0.1
1959 0.1
1960 0.1
1961 0.1
1962 0.1
1963 0.1
1964 0.1
1965 0.1
1966 0.1
1967 0.1
1968 0.1
1969 0.1
1970 0.1
1971 0.1
1972 0.1
1973 0.1
1974 0.1
1975 0.1
1976 0.1
1977 0.1
1978 0.1
1979 0.1
1980 0.1
1981 0.1
1982 0.1
1983 0.1
1984 0.1
1985 0.1
1986 0.1
1987 0.1
1988 0.1
1989 0.1
1990 0.1
1991 0.1
1992 0.1
1993 0.1
1994 0.1
1995 0.1
1996 0.1
1997 0.1
1998 0.1
1999 0.1
2000 0.1
2001 0.1
2002 0.1
2003 0.1
2004 0.1
2005 0.1
2006 0.1
2007 0.1
2008 0.1
2009 0.1
2010 0.1
2011 0.1
2012 0.1
2013 0.1
2014 0.1
2015 0.1
2016 0.1
2017 0.1
2018 0.1
2019 0.1
2020 0.1
2021 0.1
2022 0.1
2023 0.1
2024 0.1
2025 0.1
2026 0.1
2027 0.1
2028 0.1
2029 0.1
2030 0.1
2031 0.1
2032 0.1
2033 0.1
2034 0.1
2035 0.1
2036 0.1
2037 0.1
2038 0.1
2039 0.1
2040 0.1
2041 0.1
2042 0.1
2043 0.1
2044 0.1
2045 0.1
2046 0.1
2047 0.1
2048 0.1
2049 0.1
2050 0.1
2051 0.1
2052 0.1
2053 0.1
2054 0.1
2055 0.1
2056 0.1
2057 0.1
2058 0.1
2059 0.1
2060 0.1
2061 0.1
2062 0.1
2063 0.1
2064 0.1
2065 0.1
2066 0.1
2067 0.1
2068 0.1
2069 0.1
2070 0.1
2071 0.1
2072 0.1
2073 0.1
2074 0.1
2075 0.1
2076 0.1
2077 0.1
2078 0.1
2079 0.1
2080 0.1
2081 0.1
2082 0.1
2083 0.1
2084 0.1
2085 0.1
2086 0.1
2087 0.1
2088 0.1
2089 0.1
2090 0.1
2091 0.1
2092 0.1
2093 0.1
2094 0.1
2095 0.1
2096 0.1
2097 0.1
2098 0.1
2099 0.1
2100 0.1
2101 0.1
2102 0.1
2103 0.1
2104 0.1
2105 0.1
2106 0.1
2107 0.1
2108 0.1
2109 0.1
2110 0.1
2111 0.1
2112 0.1
2113 0.1
2114 0.1
2115 0.1
2116 0.1
2117 0.1
2118 0.1
2119 0.1
2120 0.1
2121 0.1
2122 0.1
2123 0.1
2124 0.1
2125 0.1
2126 0.1
2127 0.1
2128 0.1
2129 0.1
2130 0.1
2131 0.1
2132 0.1
2133 0.1
2134 0.1
2135 0.1
2136 0.1
2137 0.1
2138 0.1
2139 0.1
2140 0.1
2141 0.1
2142 0.1
2143 0.1
2144 0.1
2145 0.1
2146 0.1
2147 0.1
2148 0.1
2149 0.1
2150 0.1
2151 0.1
2152 0.1
2153 0.1
2154 0.1
2155 0.1
2156 0.1
2157 0.1
2158 0.1
2159 0.1
2160 0.1
2161 0.1
2162 3.5
2163 3.5
2164 3.5
2165 3.5
2166 3.5
2167 3.5
2168 3.5
2169 3.5
2170 3.5
2171 3.5
2172 3.5
2173 3.5
2174 3.5
2175 3.5
2176 3.5
2177 3.5
2178 3.5
2179 3.5
2180 3.5
2181 3.5
2182 3.5
2183 3.5
2184 3.5
2185 3.5
2186 3.5
2187 3.5
2188 3.5
2189 3.5
2190 3.5
2191 3.5
2192 3.5
2193 3.5
2194 3.5
2195 3.5
2196 3.5
2197 3.5
2198 3.5
2199 3.5
2200 3.5
2201 3.5
2202 3.5
2203 3.5
2204 3.5
2205 3.5
2206 3.5
2207 3.5
2208 3.5
2209 3.5
2210 3.5
2211 3.5
2212 3.5
2213 3.5
2214 3.5
2215 3.5
2216 3.5
2217 3.5
2218 3.5
2219 3.5
2220 3.5
2221 3.5
2222 3.5
2223 3.5
2224 3.5
2225 3.5
2226 3.5
2227 3.5
2228 3.5
2229 3.5
2230 3.5
2231 3.5
2232 3.5
2233 3.5
2234 3.5
2235 3.5
2236 3.5
2237 3.5
2238 3.5
2239 3.5
2240 3.5
2241 3.5
2242 3.5
2243 3.5
2244 3.5
2245 3.5
2246 3.5
2247 3.5
2248 3.5
2249 3.5
2250 3.5
2251 3.5
2252 3.5
2253 3.5
2254 3.5
2255 3.5
2256 3.5
2257 3.5
2258 3.5
2259 3.5
2260 3.5
2261 3.5
2262 3.5
2263 3.5
2264 3.5
2265 3.5
2266 3.5
2267 3.5
2268 3.5
2269 3.5
2270 3.5
2271 3.5
2272 3.5
2273 3.5
2274 3.5
2275 3.5
2276 3.5
2277 3.5
2278 3.5
2279 3.5
2280 3.5
2281 3.5
2282 3.5
2283 3.5
2284 3.5
2285 3.5
2286 3.5
2287 3.5
2288 3.5
2289 3.5
2290 3.5
2291 3.5
2292 3.5
2293 3.5
2294 3.5
2295 3.5
2296 3.5
2297 3.5
2298 3.5
2299 3.5
2300 3.5
2301 3.5
2302 3.5
2303 3.5
2304 3.5
2305 3.5
2306 3.5
2307 3.5
2308 3.5
2309 3.5
2310 3.5
2311 3.5
2312 3.5
2313 0.1
2314 0.1
2315 0.1
2316 0.1
2317 0.1
2318 0.1
2319 0.1
2320 0.1
2321 0.1
2322 0.1
2323 0.1
2324 0.1
2325 0.1
2326 0.1
2327 0.1
2328 0.1
2329 0.1
2330 0.1
2331 0.1
2332 0.1
2333 0.1
2334 0.1
2335 0.1
2336 0.1
2337 0.1
2338 0.1
2339 0.1
2340 0.1
2341 0.1
2342 0.1
2343 0.1
2344 0.1
2345 0.1
2346 0.1
2347 0.1
2348 0.1
2349 0.1
2350 0.1
2351 0.1
2352 0.1
2353 0.1
2354 0.1
2355 0.1
2356 0.1
2357 0.1
2358 0.1
2359 0.1
2360 0.1
2361 0.1
2362 0.1
2363 0.1
2364 0.1
2365 0.1
2366 0.1
2367 0.1
2368 0.1
2369 0.1
2370 0.1
2371 0.1
2372 0.1
2373 0.1
2374 0.1
2375 0.1
2376 0.1
2377 0.1
2378 0.1
2379 0.1
2380 0.1
2381 0.1
2382 0.1
2383 0.1
2384 0.1
2385 0.1
2386 0.1
2387 0.1
2388 0.1
2389 0.1
2390 0.1
2391 0.1
2392 0.1
2393 0.1
2394 0.1
2395 0.1
2396 0.1
2397 0.1
2398 0.1
2399 0.1
2400 0.1
2401 0.1
2402 0.1
2403 0.1
2404 0.1
2405 0.1
2406 0.1
2407 0.1
2408 0.1
2409 0.1
2410 0.1
2411 0.1
2412 0.1
2413 0.1
2414 0.1
2415 0.1
2416 0.1
2417 0.1
2418 0.1
2419 0.1
2420 0.1
2421 0.1
2422 0.1
2423 0.1
2424 0.1
2425 0.1
2426 0.1
2427 0.1
2428 0.1
2429 0.1
2430 0.1
2431 0.1
2432 0.1
2433 0.1
2434 0.1
2435 0.1
2436 0.1
2437 0.1
2438 0.1
2439 0.1
2440 0.1
2441 0.1
2442 0.1
2443 0.1
2444 0.1
2445 0.1
2446 0.1
2447 0.1
2448 0.1
2449 0.1
2450 0.1
2451 0.1
2452 0.1
2453 0.1
2454 0.1
2455 0.1
2456 0.1
2457 0.1
2458 0.1
2459 0.1
2460 0.1
2461 0.1
2462 0.1
2463 0.1
2464 0.1
2465 0.1
2466 0.1
2467 0.1
2468 0.1
2469 0.1
2470 0.1
2471 0.1
2472 0.1
2473 0.1
2474 0.1
2475 0.1
2476 0.1
2477 0.1
2478 0.1
2479 0.1
2480 0.1
2481 0.1
2482 0.1
2483 0.1
2484 0.1
2485 0.1
2486 0.1
2487 0.1
2488 0.1
2489 0.1
2490 0.1
2491 0.1
2492 0.1
2493 0.1
2494 0.1
2495 0.1
2496 0.1
2497 0.1
2498 0.1
2499 0.1
2500 0.1
2501 0.1
2502 0.1
2503 0.1
2504 0.1
2505 0.1
2506 0.1
2507 0.1
2508 0.1
2509 0.1
2510 0.1
2511 0.1
2512 0.1
2513 0.1
2514 0.1
2515 0.1
2516 0.1
2517 0.1
2518 0.1
2519 0.1
2520 0.1
2521 0.1
2522 0.1
2523 0.1
2524 0.1
2525 0.1
2526 0.1
2527 3.5
2528 3.5
2529 3.5
2530 3.5
2531 3.5
2532 3.5
2533 3.5
2534 3.5
2535 3.5
2536 3.5
2537 3.5
2538 3.5
2539 3.5
2540 3.5
2541 3.5
2542 3.5
2543 3.5
2544 3.5
2545 3.5
2546 3.5
2547 3.5
2548 3.5
2549 3.5
2550 3.5
2551 3.5
2552 3.5
2553 3.5
2554 3.5
2555 3.5
2556 3.5
2557 3.5
2558 3.5
2559 3.5
2560 3.5
2561 3.5
2562 3.5
2563 3.5
2564 3.5
2565 3.5
2566 3.5
2567 3.5
2568 3.5
2569 3.5
2570 3.5
2571 3.5
2572 3.5
2573 3.5
2574 3.5
2575 3.5
2576 3.5
2577 3.5
2578 3.5
2579 3.5
2580 3.5
2581 3.5
2582 3.5
2583 3.5
2584 3.5
2585 3.5
2586 3.5
2587 3.5
2588 3.5
2589 3.5
2590 3.5
2591 3.5
2592 3.5
2593 3.5
2594 3.5
2595 3.5
2596 3.5
2597 3.5
2598 3.5
2599 3.5
2600 3.5
2601 3.5
2602 3.5
2603 3.5
2604 3.5
2605 3.5
2606 3.5
2607 3.5
2608 3.5
2609 3.5
2610 3.5
2611 3.5
2612 3.5
2613 3.5
2614 3.5
2615 3.5
2616 3.5
2617 3.5
2618 3.5
2619 3.5
2620 3.5
2621 3.5
2622 3.5
2623 3.5
2624 3.5
2625 3.5
2626 3.5
2627 3.5
2628 3.5
2629 3.5
2630 3.5
2631 3.5
2632 3.5
2633 3.5
2634 3.5
2635 3.5
2636 3.5
2637 3.5
2638 3.5
2639 3.5
2640 3.5
2641 3.5
2642 3.5
2643 3.5
2644 3.5
2645 3.5
2646 3.5
2647 3.5
2648 3.5
2649 3.5
2650 3.5
2651 3.5
2652 3.5
2653 3.5
2654 3.5
2655 3.5
2656 3.5
2657 3.5
2658 3.5
2659 3.5
2660 3.5
2661 3.5
2662 3.5
2663 3.5
2664 3.5
2665 3.5
2666 3.5
2667 3.5
2668 3.5
2669 3.5
2670 3.5
2671 3.5
2672 3.5
2673 3.5
2674 3.5
2675 3.5
2676 3.5
2677 3.5
2678 0.1
2679 0.1
2680 0.1
2681 0.1
2682 0.1
2683 0.1
2684 0.1
2685 0.1
2686 0.1
2687 0.1
2688 0.1
2689 0.1
2690 0.1
2691 0.1
2692 0.1
2693 0.1
2694 0.1
2695 0.1
2696 0.1
2697 0.1
2698 0.1
2699 0.1
2700 0.1
2701 0.1
2702 0.1
2703 0.1
2704 0.1
2705 0.1
2706 0.1
2707 0.1
2708 0.1
2709 0.1
2710 0.1
2711 0.1
2712 0.1
2713 0.1
2714 0.1
2715 0.1
2716 0.1
2717 0.1
2718 0.1
2719 0.1
2720 0.1
2721 0.1
2722 0.1
2723 0.1
2724 0.1
2725 0.1
2726 0.1
2727 0.1
2728 0.1
2729 0.1
2730 0.1
2731 0.1
2732 0.1
2733 0.1
2734 0.1
2735 0.1
2736 0.1
2737 0.1
2738 0.1
2739 0.1
2740 0.1
2741 0.1
2742 0.1
2743 0.1
2744 0.1
2745 0.1
2746 0.1
2747 0.1
2748 0.1
2749 0.1
2750 0.1
2751 0.1
2752 0.1
2753 0.1
2754 0.1
2755 0.1
2756 0.1
2757 0.1
2758 0.1
2759 0.1
2760 0.1
2761 0.1
2762 0.1
2763 0.1
2764 0.1
2765 0.1
2766 0.1
2767 0.1
2768 0.1
2769 0.1
2770 0.1
2771 0.1
2772 0.1
2773 0.1
2774 0.1
2775 0.1
2776 0.1
2777 0.1
2778 0.1
2779 0.1
2780 0.1
2781 0.1
2782 0.1
2783 0.1
2784 0.1
2785 0.1
2786 0.1
2787 0.1
2788 0.1
2789 0.1
2790 0.1
2791 0.1
2792 0.1
2793 0.1
2794 0.1
2795 0.1
2796 0.1
2797 0.1
2798 0.1
2799 0.1
2800 0.1
2801 0.1
2802 0.1
2803 0.1
2804 0.1
2805 0.1
2806 0.1
2807 0.1
2808 0.1
2809 0.1
2810 0.1
2811 0.1
2812 0.1
2813 0.1
2814 0.1
2815 0.1
2816 0.1
2817 0.1
2818 0.1
2819 0.1
2820 0.1
2821 0.1
2822 0.1
2823 0.1
2824 0.1
2825 0.1
2826 0.1
2827 0.1
2828 0.1
2829 0.1
2830 0.1
2831 0.1
2832 0.1
2833 0.1
2834 0.1
2835 0.1
2836 0.1
2837 0.1
2838 0.1
2839 0.1
2840 0.1
2841 0.1
2842 0.1
2843 0.1
2844 0.1
2845 0.1
2846 0.1
2847 0.1
2848 0.1
2849 0.1
2850 0.1
2851 0.1
2852 0.1
2853 0.1
2854 0.1
2855 0.1
2856 0.1
2857 0.1
2858 0.1
2859 0.1
2860 0.1
2861 0.1
2862 0.1
2863 0.1
2864 0.1
2865 0.1
2866 0.1
2867 0.1
2868 0.1
2869 0.1
2870 0.1
2871 0.1
2872 0.1
2873 0.1
2874 0.1
2875 0.1
2876 0.1
2877 0.1
2878 0.1
2879 0.1
2880 0.1
2881 0.1
2882 0.1
2883 0.1
2884 0.1
2885 0.1
2886 0.1
2887 0.1
2888 0.1
2889 0.1
2890 0.1
2891 0.1
2892 3.5
2893 3.5
2894 3.5
2895 3.5
2896 3.5
2897 3.5
2898 3.5
2899 3.5
2900 3.5
2901 3.5
2902 3.5
2903 3.5
2904 3.5
2905 3.5
2906 3.5
2907 3.5
2908 3.5
2909 3.5
2910 3.5
2911 3.5
2912 3.5
2913 3.5
2914 3.5
2915 3.5
2916 3.5
2917 3.5
2918 3.5
2919 3.5
2920 3.5
2921 3.5
2922 3.5
2923 3.5
2924 3.5
2925 3.5
2926 3.5
2927 3.5
2928 3.5
2929 3.5
2930 3.5
2931 3.5
2932 3.5
2933 3.5
2934 3.5
2935 3.5
2936 3.5
2937 3.5
2938 3.5
2939 3.5
2940 3.5
2941 3.5
2942 3.5
2943 3.5
2944 3.5
2945 3.5
2946 3.5
2947 3.5
2948 3.5
2949 3.5
2950 3.5
2951 3.5
2952 3.5
2953 3.5
2954 3.5
2955 3.5
2956 3.5
2957 3.5
2958 3.5
2959 3.5
2960 3.5
2961 3.5
2962 3.5
2963 3.5
2964 3.5
2965 3.5
2966 3.5
2967 3.5
2968 3.5
2969 3.5
2970 3.5
2971 3.5
2972 3.5
2973 3.5
2974 3.5
2975 3.5
2976 3.5
2977 3.5
2978 3.5
2979 3.5
2980 3.5
2981 3.5
2982 3.5
2983 3.5
2984 3.5
2985 3.5
2986 3.5
2987 3.5
2988 3.5
2989 3.5
2990 3.5
2991 3.5
2992 3.5
2993 3.5
2994 3.5
2995 3.5
2996 3.5
2997 3.5
2998 3.5
2999 3.5
3000 3.5
3001 3.5
3002 3.5
3003 3.5
3004 3.5
3005 3.5
3006 3.5
3007 3.5
3008 3.5
3009 3.5
3010 3.5
3011 3.5
3012 3.5
3013 3.5
3014 3.5
3015 3.5
3016 3.5
3017 3.5
3018 3.5
3019 3.5
3020 3.5
3021 3.5
3022 3.5
3023 3.5
3024 3.5
3025 3.5
3026 3.5
3027 3.5
3028 3.5
3029 3.5
3030 3.5
3031 3.5
3032 3.5
3033 3.5
3034 3.5
3035 3.5
3036 3.5
3037 3.5
3038 3.5
3039 3.5
3040 3.5
3041 3.5
3042 3.5
3043 0.1
3044 0.1
3045 0.1
3046 0.1
3047 0.1
3048 0.1
3049 0.1
3050 0.1
3051 0.1
3052 0.1
3053 0.1
3054 0.1
3055 0.1
3056 0.1
3057 0.1
3058 0.1
3059 0.1
3060 0.1
3061 0.1
3062 0.1
3063 0.1
3064 0.1
3065 0.1
3066 0.1
3067 0.1
3068 0.1
3069 0.1
3070 0.1
3071 0.1
3072 0.1
3073 0.1
3074 0.1
3075 0.1
3076 0.1
3077 0.1
3078 0.1
3079 0.1
3080 0.1
3081 0.1
3082 0.1
3083 0.1
3084 0.1
3085 0.1
3086 0.1
3087 0.1
3088 0.1
3089 0.1
3090 0.1
3091 0.1
3092 0.1
3093 0.1
3094 0.1
3095 0.1
3096 0.1
3097 0.1
3098 0.1
3099 0.1
3100 0.1
3101 0.1
3102 0.1
3103 0.1
3104 0.1
3105 0.1
3106 0.1
3107 0.1
3108 0.1
3109 0.1
3110 0.1
3111 0.1
3112 0.1
3113 0.1
3114 0.1
3115 0.1
3116 0.1
3117 0.1
3118 0.1
3119 0.1
3120 0.1
3121 0.1
3122 0.1
3123 0.1
3124 0.1
3125 0.1
3126 0.1
3127 0.1
3128 0.1
3129 0.1
3130 0.1
3131 0.1
3132 0.1
3133 0.1
3134 0.1
3135 0.1
3136 0.1
3137 0.1
3138 0.1
3139 0.1
3140 0.1
3141 0.1
3142 0.1
3143 0.1
3144 0.1
3145 0.1
3146 0.1
3147 0.1
3148 0.1
3149 0.1
3150 0.1
3151 0.1
3152 0.1
3153 0.1
3154 0.1
3155 0.1
3156 0.1
3157 0.1
3158 0.1
3159 0.1
3160 0.1
3161 0.1
3162 0.1
3163 0.1
3164 0.1
3165 0.1
3166 0.1
3167 0.1
3168 0.1
3169 0.1
3170 0.1
3171 0.1
3172 0.1
3173 0.1
3174 0.1
3175 0.1
3176 0.1
3177 0.1
3178 0.1
3179 0.1
3180 0.1
3181 0.1
3182 0.1
3183 0.1
3184 0.1
3185 0.1
3186 0.1
3187 0.1
3188 0.1
3189 0.1
3190 0.1
3191 0.1
3192 0.1
3193 0.1
3194 0.1
3195 0.1
3196 0.1
3197 0.1
3198 0.1
3199 0.1
3200 0.1
3201 0.1
3202 0.1
3203 0.1
3204 0.1
3205 0.1
3206 0.1
3207 0.1
3208 0.1
3209 0.1
3210 0.1
3211 0.1
3212 0.1
3213 0.1
3214 0.1
3215 0.1
3216 0.1
3217 0.1
3218 0.1
3219 0.1
3220 0.1
3221 0.1
3222 0.1
3223 0.1
3224 0.1
3225 0.1
3226 0.1
3227 0.1
3228 0.1
3229 0.1
3230 0.1
3231 0.1
3232 0.1
3233 0.1
3234 0.1
3235 0.1
3236 0.1
3237 0.1
3238 0.1
3239 0.1
3240 0.1
3241 0.1
3242 0.1
3243 0.1
3244 0.1
3245 0.1
3246 0.1
3247 0.1
3248 0.1
3249 0.1
3250 0.1
3251 0.1
3252 0.1
3253 0.1
3254 0.1
3255 0.1
3256 0.1
3257 3.5
3258 3.5
3259 3.5
3260 3.5
3261 3.5
3262 3.5
3263 3.5
3264 3.5
3265 3.5
3266 3.5
3267 3.5
3268 3.5
3269 3.5
3270 3.5
3271 3.5
3272 3.5
3273 3.5
3274 3.5
3275 3.5
3276 3.5
3277 3.5
3278 3.5
3279 3.5
3280 3.5
3281 3.5
3282 3.5
3283 3.5
3284 3.5
3285 3.5
3286 3.5
3287 3.5
3288 3.5
3289 3.5
3290 3.5
3291 3.5
3292 3.5
3293 3.5
3294 3.5
3295 3.5
3296 3.5
3297 3.5
3298 3.5
3299 3.5
3300 3.5
3301 3.5
3302 3.5
3303 3.5
3304 3.5
3305 3.5
3306 3.5
3307 3.5
3308 3.5
3309 3.5
3310 3.5
3311 3.5
3312 3.5
3313 3.5
3314 3.5
3315 3.5
3316 3.5
3317 3.5
3318 3.5
3319 3.5
3320 3.5
3321 3.5
3322 3.5
3323 3.5
3324 3.5
3325 3.5
3326 3.5
3327 3.5
3328 3.5
3329 3.5
3330 3.5
3331 3.5
3332 3.5
3333 3.5
3334 3.5
3335 3.5
3336 3.5
3337 3.5
3338 3.5
3339 3.5
3340 3.5
3341 3.5
3342 3.5
3343 3.5
3344 3.5
3345 3.5
3346 3.5
3347 3.5
3348 3.5
3349 3.5
3350 3.5
3351 3.5
3352 3.5
3353 3.5
3354 3.5
3355 3.5
3356 3.5
3357 3.5
3358 3.5
3359 3.5
3360 3.5
3361 3.5
3362 3.5
3363 3.5
3364 3.5
3365 3.5
3366 3.5
3367 3.5
3368 3.5
3369 3.5
3370 3.5
3371 3.5
3372 3.5
3373 3.5
3374 3.5
3375 3.5
3376 3.5
3377 3.5
3378 3.5
3379 3.5
3380 3.5
3381 3.5
3382 3.5
3383 3.5
3384 3.5
3385 3.5
3386 3.5
3387 3.5
3388 3.5
3389 3.5
3390 3.5
3391 3.5
3392 3.5
3393 3.5
3394 3.5
3395 3.5
3396 3.5
3397 3.5
3398 3.5
3399 3.5
3400 3.5
3401 3.5
3402 3.5
3403 3.5
3404 3.5
3405 3.5
3406 3.5
3407 3.5
3408 3.5
3409 0.1
3410 0.1
3411 0.1
3412 0.1
3413 0.1
3414 0.1
3415 0.1
3416 0.1
3417 0.1
3418 0.1
3419 0.1
3420 0.1
3421 0.1
3422 0.1
3423 0.1
3424 0.1
3425 0.1
3426 0.1
3427 0.1
3428 0.1
3429 0.1
3430 0.1
3431 0.1
3432 0.1
3433 0.1
3434 0.1
3435 0.1
3436 0.1
3437 0.1
3438 0.1
3439 0.1
3440 0.1
3441 0.1
3442 0.1
3443 0.1
3444 0.1
3445 0.1
3446 0.1
3447 0.1
3448 0.1
3449 0.1
3450 0.1
3451 0.1
3452 0.1
3453 0.1
3454 0.1
3455 0.1
3456 0.1
3457 0.1
3458 0.1
3459 0.1
3460 0.1
3461 0.1
3462 0.1
3463 0.1
3464 0.1
3465 0.1
3466 0.1
3467 0.1
3468 0.1
3469 0.1
3470 0.1
3471 0.1
3472 0.1
3473 0.1
3474 0.1
3475 0.1
3476 0.1
3477 0.1
3478 0.1
3479 0.1
3480 0.1
3481 0.1
3482 0.1
3483 0.1
3484 0.1
3485 0.1
3486 0.1
3487 0.1
3488 0.1
3489 0.1
3490 0.1
3491 0.1
3492 0.1
3493 0.1
3494 0.1
3495 0.1
3496 0.1
3497 0.1
3498 0.1
3499 0.1
3500 0.1
3501 0.1
3502 0.1
3503 0.1
3504 0.1
3505 0.1
3506 0.1
3507 0.1
3508 0.1
3509 0.1
3510 0.1
3511 0.1
3512 0.1
3513 0.1
3514 0.1
3515 0.1
3516 0.1
3517 0.1
3518 0.1
3519 0.1
3520 0.1
3521 0.1
3522 0.1
3523 0.1
3524 0.1
3525 0.1
3526 0.1
3527 0.1
3528 0.1
3529 0.1
3530 0.1
3531 0.1
3532 0.1
3533 0.1
3534 0.1
3535 0.1
3536 0.1
3537 0.1
3538 0.1
3539 0.1
3540 0.1
3541 0.1
3542 0.1
3543 0.1
3544 0.1
3545 0.1
3546 0.1
3547 0.1
3548 0.1
3549 0.1
3550 0.1
3551 0.1
3552 0.1
3553 0.1
3554 0.1
3555 0.1
3556 0.1
3557 0.1
3558 0.1
3559 0.1
3560 0.1
3561 0.1
3562 0.1
3563 0.1
3564 0.1
3565 0.1
3566 0.1
3567 0.1
3568 0.1
3569 0.1
3570 0.1
3571 0.1
3572 0.1
3573 0.1
3574 0.1
3575 0.1
3576 0.1
3577 0.1
3578 0.1
3579 0.1
3580 0.1
3581 0.1
3582 0.1
3583 0.1
3584 0.1
3585 0.1
3586 0.1
3587 0.1
3588 0.1
3589 0.1
3590 0.1
3591 0.1
3592 0.1
3593 0.1
3594 0.1
3595 0.1
3596 0.1
3597 0.1
3598 0.1
3599 0.1
3600 0.1
3601 0.1
3602 0.1
3603 0.1
3604 0.1
3605 0.1
3606 0.1
3607 0.1
3608 0.1
3609 0.1
3610 0.1
3611 0.1
3612 0.1
3613 0.1
3614 0.1
3615 0.1
3616 0.1
3617 0.1
3618 0.1
3619 0.1
3620 0.1
3621 0.1
3622 0.1
3623 3.5
3624 3.5
3625 3.5
3626 3.5
3627 3.5
3628 3.5
3629 3.5
3630 3.5
3631 3.5
3632 3.5
3633 3.5
3634 3.5
3635 3.5
3636 3.5
3637 3.5
3638 3.5
3639 3.5
3640 3.5
3641 3.5
3642 3.5
3643 3.5
3644 3.5
3645 3.5
3646 3.5
3647 3.5
3648 3.5
3649 3.5
3650 3.5
3651 3.5
3652 3.5
3653 3.5
3654 3.5
3655 3.5
3656 3.5
3657 3.5
3658 3.5
3659 3.5
3660 3.5
3661 3.5
3662 3.5
3663 3.5
3664 3.5
3665 3.5
3666 3.5
3667 3.5
3668 3.5
3669 3.5
3670 3.5
3671 3.5
3672 3.5
3673 3.5
3674 3.5
3675 3.5
3676 3.5
3677 3.5
3678 3.5
3679 3.5
3680 3.5
3681 3.5
3682 3.5
3683 3.5
3684 3.5
3685 3.5
3686 3.5
3687 3.5
3688 3.5
3689 3.5
3690 3.5
3691 3.5
3692 3.5
3693 3.5
3694 3.5
3695 3.5
3696 3.5
3697 3.5
3698 3.5
3699 3.5
3700 3.5
3701 3.5
3702 3.5
3703 3.5
3704 3.5
3705 3.5
3706 3.5
3707 3.5
3708 3.5
3709 3.5
3710 3.5
3711 3.5
3712 3.5
3713 3.5
3714 3.5
3715 3.5
3716 3.5
3717 3.5
3718 3.5
3719 3.5
3720 3.5
3721 3.5
3722 3.5
3723 3.5
3724 3.5
3725 3.5
3726 3.5
3727 3.5
3728 3.5
3729 3.5
3730 3.5
3731 3.5
3732 3.5
3733 3.5
3734 3.5
3735 3.5
3736 3.5
3737 3.5
3738 3.5
3739 3.5
3740 3.5
3741 3.5
3742 3.5
3743 3.5
3744 3.5
3745 3.5
3746 3.5
3747 3.5
3748 3.5
3749 3.5
3750 3.5
3751 3.5
3752 3.5
3753 3.5
3754 3.5
3755 3.5
3756 3.5
3757 3.5
3758 3.5
3759 3.5
3760 3.5
3761 3.5
3762 3.5
3763 3.5
3764 3.5
3765 3.5
3766 3.5
3767 3.5
3768 3.5
3769 3.5
3770 3.5
3771 3.5
3772 3.5
3773 3.5
3774 0.1
3775 0.1
3776 0.1
3777 0.1
3778 0.1
3779 0.1
3780 0.1
3781 0.1
3782 0.1
3783 0.1
3784 0.1
3785 0.1
3786 0.1
3787 0.1
3788 0.1
3789 0.1
3790 0.1
3791 0.1
3792 0.1
3793 0.1
3794 0.1
3795 0.1
3796 0.1
3797 0.1
3798 0.1
3799 0.1
3800 0.1
3801 0.1
3802 0.1
3803 0.1
3804 0.1
3805 0.1
3806 0.1
3807 0.1
3808 0.1
3809 0.1
3810 0.1
3811 0.1
3812 0.1
3813 0.1
3814 0.1
3815 0.1
3816 0.1
3817 0.1
3818 0.1
3819 0.1
3820 0.1
3821 0.1
3822 0.1
3823 0.1
3824 0.1
3825 0.1
3826 0.1
3827 0.1
3828 0.1
3829 0.1
3830 0.1
3831 0.1
3832 0.1
3833 0.1
3834 0.1
3835 0.1
3836 0.1
3837 0.1
3838 0.1
3839 0.1
3840 0.1
3841 0.1
3842 0.1
3843 0.1
3844 0.1
3845 0.1
3846 0.1
3847 0.1
3848 0.1
3849 0.1
3850 0.1
3851 0.1
3852 0.1
3853 0.1
3854 0.1
3855 0.1
3856 0.1
3857 0.1
3858 0.1
3859 0.1
3860 0.1
3861 0.1
3862 0.1
3863 0.1
3864 0.1
3865 0.1
3866 0.1
3867 0.1
3868 0.1
3869 0.1
3870 0.1
3871 0.1
3872 0.1
3873 0.1
3874 0.1
3875 0.1
3876 0.1
3877 0.1
3878 0.1
3879 0.1
3880 0.1
3881 0.1
3882 0.1
3883 0.1
3884 0.1
3885 0.1
3886 0.1
3887 0.1
3888 0.1
3889 0.1
3890 0.1
3891 0.1
3892 0.1
3893 0.1
3894 0.1
3895 0.1
3896 0.1
3897 0.1
3898 0.1
3899 0.1
3900 0.1
3901 0.1
3902 0.1
3903 0.1
3904 0.1
3905 0.1
3906 0.1
3907 0.1
3908 0.1
3909 0.1
3910 0.1
3911 0.1
3912 0.1
3913 0.1
3914 0.1
3915 0.1
3916 0.1
3917 0.1
3918 0.1
3919 0.1
3920 0.1
3921 0.1
3922 0.1
3923 0.1
3924 0.1
3925 0.1
3926 0.1
3927 0.1
3928 0.1
3929 0.1
3930 0.1
3931 0.1
3932 0.1
3933 0.1
3934 0.1
3935 0.1
3936 0.1
3937 0.1
3938 0.1
3939 0.1
3940 0.1
3941 0.1
3942 0.1
3943 0.1
3944 0.1
3945 0.1
3946 0.1
3947 0.1
3948 0.1
3949 0.1
3950 0.1
3951 0.1
3952 0.1
3953 0.1
3954 0.1
3955 0.1
3956 0.1
3957 0.1
3958 0.1
3959 0.1
3960 0.1
3961 0.1
3962 0.1
3963 0.1
3964 0.1
3965 0.1
3966 0.1
3967 0.1
3968 0.1
3969 0.1
3970 0.1
3971 0.1
3972 0.1
3973 0.1
3974 0.1
3975 0.1
3976 0.1
3977 0.1
3978 0.1
3979 0.1
3980 0.1
3981 0.1
3982 0.1
3983 0.1
3984 0.1
3985 0.1
3986 0.1
3987 0.1
3988 3.5
3989 3.5
3990 3.5
3991 3.5
3992 3.5
3993 3.5
3994 3.5
3995 3.5
3996 3.5
3997 3.5
3998 3.5
3999 3.5
4000 3.5
4001 3.5
4002 3.5
4003 3.5
4004 3.5
4005 3.5
4006 3.5
4007 3.5
4008 3.5
4009 3.5
4010 3.5
4011 3.5
4012 3.5
4013 3.5
4014 3.5
4015 3.5
4016 3.5
4017 3.5
4018 3.5
4019 3.5
4020 3.5
4021 3.5
4022 3.5
4023 3.5
4024 3.5
4025 3.5
4026 3.5
4027 3.5
4028 3.5
4029 3.5
4030 3.5
4031 3.5
4032 3.5
4033 3.5
4034 3.5
4035 3.5
4036 3.5
4037 3.5
4038 3.5
4039 3.5
4040 3.5
4041 3.5
4042 3.5
4043 3.5
4044 3.5
4045 3.5
4046 3.5
4047 3.5
4048 3.5
4049 3.5
4050 3.5
4051 3.5
4052 3.5
4053 3.5
4054 3.5
4055 3.5
4056 3.5
4057 3.5
4058 3.5
4059 3.5
4060 3.5
4061 3.5
4062 3.5
4063 3.5
4064 3.5
4065 3.5
4066 3.5
4067 3.5
4068 3.5
4069 3.5
4070 3.5
4071 3.5
4072 3.5
4073 3.5
4074 3.5
4075 3.5
4076 3.5
4077 3.5
4078 3.5
4079 3.5
4080 3.5
4081 3.5
4082 3.5
4083 3.5
4084 3.5
4085 3.5
4086 3.5
4087 3.5
4088 3.5
4089 3.5
4090 3.5
4091 3.5
4092 3.5
4093 3.5
4094 3.5
4095 3.5
4096 3.5
4097 3.5
4098 3.5
4099 3.5
4100 3.5
4101 3.5
4102 3.5
4103 3.5
4104 3.5
4105 3.5
4106 3.5
4107 3.5
4108 3.5
4109 3.5
4110 3.5
4111 3.5
4112 3.5
4113 3.5
4114 3.5
4115 3.5
4116 3.5
4117 3.5
4118 3.5
4119 3.5
4120 3.5
4121 3.5
4122 3.5
4123 3.5
4124 3.5
4125 3.5
4126 3.5
4127 3.5
4128 3.5
4129 3.5
4130 3.5
4131 3.5
4132 3.5
4133 3.5
4134 3.5
4135 3.5
4136 3.5
4137 3.5
4138 3.5
4139 0.1
4140 0.1
4141 0.1
4142 0.1
4143 0.1
4144 0.1
4145 0.1
4146 0.1
4147 0.1
4148 0.1
4149 0.1
4150 0.1
4151 0.1
4152 0.1
4153 0.1
4154 0.1
4155 0.1
4156 0.1
4157 0.1
4158 0.1
4159 0.1
4160 0.1
4161 0.1
4162 0.1
4163 0.1
4164 0.1
4165 0.1
4166 0.1
4167 0.1
4168 0.1
4169 0.1
4170 0.1
4171 0.1
4172 0.1
4173 0.1
4174 0.1
4175 0.1
4176 0.1
4177 0.1
4178 0.1
4179 0.1
4180 0.1
4181 0.1
4182 0.1
4183 0.1
4184 0.1
4185 0.1
4186 0.1
4187 0.1
4188 0.1
4189 0.1
4190 0.1
4191 0.1
4192 0.1
4193 0.1
4194 0.1
4195 0.1
4196 0.1
4197 0.1
4198 0.1
4199 0.1
4200 0.1
4201 0.1
4202 0.1
4203 0.1
4204 0.1
4205 0.1
4206 0.1
4207 0.1
4208 0.1
4209 0.1
4210 0.1
4211 0.1
4212 0.1
4213 0.1
4214 0.1
4215 0.1
4216 0.1
4217 0.1
4218 0.1
4219 0.1
4220 0.1
4221 0.1
4222 0.1
4223 0.1
4224 0.1
4225 0.1
4226 0.1
4227 0.1
4228 0.1
4229 0.1
4230 0.1
4231 0.1
4232 0.1
4233 0.1
4234 0.1
4235 0.1
4236 0.1
4237 0.1
4238 0.1
4239 0.1
4240 0.1
4241 0.1
4242 0.1
4243 0.1
4244 0.1
4245 0.1
4246 0.1
4247 0.1
4248 0.1
4249 0.1
4250 0.1
4251 0.1
4252 0.1
4253 0.1
4254 0.1
4255 0.1
4256 0.1
4257 0.1
4258 0.1
4259 0.1
4260 0.1
4261 0.1
4262 0.1
4263 0.1
4264 0.1
4265 0.1
4266 0.1
4267 0.1
4268 0.1
4269 0.1
4270 0.1
4271 0.1
4272 0.1
4273 0.1
4274 0.1
4275 0.1
4276 0.1
4277 0.1
4278 0.1
4279 0.1
4280 0.1
4281 0.1
4282 0.1
4283 0.1
4284 0.1
4285 0.1
4286 0.1
4287 0.1
4288 0.1
4289 0.1
4290 0.1
4291 0.1
4292 0.1
4293 0.1
4294 0.1
4295 0.1
4296 0.1
4297 0.1
4298 0.1
4299 0.1
4300 0.1
4301 0.1
4302 0.1
4303 0.1
4304 0.1
4305 0.1
4306 0.1
4307 0.1
4308 0.1
4309 0.1
4310 0.1
4311 0.1
4312 0.1
4313 0.1
4314 0.1
4315 0.1
4316 0.1
4317 0.1
4318 0.1
4319 0.1
4320 0.1
4321 0.1
4322 0.1
4323 0.1
4324 0.1
4325 0.1
4326 0.1
4327 0.1
4328 0.1
4329 0.1
4330 0.1
4331 0.1
4332 0.1
4333 0.1
4334 0.1
4335 0.1
4336 0.1
4337 0.1
4338 0.1
4339 0.1
4340 0.1
4341 0.1
4342 0.1
4343 0.1
4344 0.1
4345 0.1
4346 0.1
4347 0.1
4348 0.1
4349 0.1
4350 0.1
4351 0.1
4352 0.1
4353 3.5
4354 3.5
4355 3.5
4356 3.5
4357 3.5
4358 3.5
4359 3.5
4360 3.5
4361 3.5
4362 3.5
4363 3.5
4364 3.5
4365 3.5
4366 3.5
4367 3.5
4368 3.5
4369 3.5
4370 3.5
4371 3.5
4372 3.5
4373 3.5
4374 3.5
4375 3.5
4376 3.5
4377 3.5
4378 3.5
4379 3.5
4380 3.5
4381 3.5
4382 3.5
4383 3.5
4384 3.5
4385 3.5
4386 3.5
4387 3.5
4388 3.5
4389 3.5
4390 3.5
4391 3.5
4392 3.5
4393 3.5
4394 3.5
4395 3.5
4396 3.5
4397 3.5
4398 3.5
4399 3.5
4400 3.5
4401 3.5
4402 3.5
4403 3.5
4404 3.5
4405 3.5
4406 3.5
4407 3.5
4408 3.5
4409 3.5
4410 3.5
4411 3.5
4412 3.5
4413 3.5
4414 3.5
4415 3.5
4416 3.5
4417 3.5
4418 3.5
4419 3.5
4420 3.5
4421 3.5
4422 3.5
4423 3.5
4424 3.5
4425 3.5
4426 3.5
4427 3.5
4428 3.5
4429 3.5
4430 3.5
4431 3.5
4432 3.5
4433 3.5
4434 3.5
4435 3.5
4436 3.5
4437 3.5
4438 3.5
4439 3.5
4440 3.5
4441 3.5
4442 3.5
4443 3.5
4444 3.5
4445 3.5
4446 3.5
4447 3.5
4448 3.5
4449 3.5
4450 3.5
4451 3.5
4452 3.5
4453 3.5
4454 3.5
4455 3.5
4456 3.5
4457 3.5
4458 3.5
4459 3.5
4460 3.5
4461 3.5
4462 3.5
4463 3.5
4464 3.5
4465 3.5
4466 3.5
4467 3.5
4468 3.5
4469 3.5
4470 3.5
4471 3.5
4472 3.5
4473 3.5
4474 3.5
4475 3.5
4476 3.5
4477 3.5
4478 3.5
4479 3.5
4480 3.5
4481 3.5
4482 3.5
4483 3.5
4484 3.5
4485 3.5
4486 3.5
4487 3.5
4488 3.5
4489 3.5
4490 3.5
4491 3.5
4492 3.5
4493 3.5
4494 3.5
4495 3.5
4496 3.5
4497 3.5
4498 3.5
4499 3.5
4500 3.5
4501 3.5
4502 3.5
4503 3.5
4504 0.1
4505 0.1
4506 0.1
4507 0.1
4508 0.1
4509 0.1
4510 0.1
4511 0.1
4512 0.1
4513 0.1
4514 0.1
4515 0.1
4516 0.1
4517 0.1
4518 0.1
4519 0.1
4520 0.1
4521 0.1
4522 0.1
4523 0.1
4524 0.1
4525 0.1
4526 0.1
4527 0.1
4528 0.1
4529 0.1
4530 0.1
4531 0.1
4532 0.1
4533 0.1
4534 0.1
4535 0.1
4536 0.1
4537 0.1
4538 0.1
4539 0.1
4540 0.1
4541 0.1
4542 0.1
4543 0.1
4544 0.1
4545 0.1
4546 0.1
4547 0.1
4548 0.1
4549 0.1
4550 0.1
4551 0.1
4552 0.1
4553 0.1
4554 0.1
4555 0.1
4556 0.1
4557 0.1
4558 0.1
4559 0.1
4560 0.1
4561 0.1
4562 0.1
4563 0.1
4564 0.1
4565 0.1
4566 0.1
4567 0.1
4568 0.1
4569 0.1
4570 0.1
4571 0.1
4572 0.1
4573 0.1
4574 0.1
4575 0.1
4576 0.1
4577 0.1
4578 0.1
4579 0.1
4580 0.1
4581 0.1
4582 0.1
4583 0.1
4584 0.1
4585 0.1
4586 0.1
4587 0.1
4588 0.1
4589 0.1
4590 0.1
4591 0.1
4592 0.1
4593 0.1
4594 0.1
4595 0.1
4596 0.1
4597 0.1
4598 0.1
4599 0.1
4600 0.1
4601 0.1
4602 0.1
4603 0.1
4604 0.1
4605 0.1
4606 0.1
4607 0.1
4608 0.1
4609 0.1
4610 0.1
4611 0.1
4612 0.1
4613 0.1
4614 0.1
4615 0.1
4616 0.1
4617 0.1
4618 0.1
4619 0.1
4620 0.1
4621 0.1
4622 0.1
4623 0.1
4624 0.1
4625 0.1
4626 0.1
4627 0.1
4628 0.1
4629 0.1
4630 0.1
4631 0.1
4632 0.1
4633 0.1
4634 0.1
4635 0.1
4636 0.1
4637 0.1
4638 0.1
4639 0.1
4640 0.1
4641 0.1
4642 0.1
4643 0.1
4644 0.1
4645 0.1
4646 0.1
4647 0.1
4648 0.1
4649 0.1
4650 0.1
4651 0.1
4652 0.1
4653 0.1
4654 0.1
4655 0.1
4656 0.1
4657 0.1
4658 0.1
4659 0.1
4660 0.1
4661 0.1
4662 0.1
4663 0.1
4664 0.1
4665 0.1
4666 0.1
4667 0.1
4668 0.1
4669 0.1
4670 0.1
4671 0.1
4672 0.1
4673 0.1
4674 0.1
4675 0.1
4676 0.1
4677 0.1
4678 0.1
4679 0.1
4680 0.1
4681 0.1
4682 0.1
4683 0.1
4684 0.1
4685 0.1
4686 0.1
4687 0.1
4688 0.1
4689 0.1
4690 0.1
4691 0.1
4692 0.1
4693 0.1
4694 0.1
4695 0.1
4696 0.1
4697 0.1
4698 0.1
4699 0.1
4700 0.1
4701 0.1
4702 0.1
4703 0.1
4704 0.1
4705 0.1
4706 0.1
4707 0.1
4708 0.1
4709 0.1
4710 0.1
4711 0.1
4712 0.1
4713 0.1
4714 0.1
4715 0.1
4716 0.1
4717 0.1
4718 3.5
4719 3.5
4720 3.5
4721 3.5
4722 3.5
4723 3.5
4724 3.5
4725 3.5
4726 3.5
4727 3.5
4728 3.5
4729 3.5
4730 3.5
4731 3.5
4732 3.5
4733 3.5
4734 3.5
4735 3.5
4736 3.5
4737 3.5
4738 3.5
4739 3.5
4740 3.5
4741 3.5
4742 3.5
4743 3.5
4744 3.5
4745 3.5
4746 3.5
4747 3.5
4748 3.5
4749 3.5
4750 3.5
4751 3.5
4752 3.5
4753 3.5
4754 3.5
4755 3.5
4756 3.5
4757 3.5
4758 3.5
4759 3.5
4760 3.5
4761 3.5
4762 3.5
4763 3.5
4764 3.5
4765 3.5
4766 3.5
4767 3.5
4768 3.5
4769 3.5
4770 3.5
4771 3.5
4772 3.5
4773 3.5
4774 3.5
4775 3.5
4776 3.5
4777 3.5
4778 3.5
4779 3.5
4780 3.5
4781 3.5
4782 3.5
4783 3.5
4784 3.5
4785 3.5
4786 3.5
4787 3.5
4788 3.5
4789 3.5
4790 3.5
4791 3.5
4792 3.5
4793 3.5
4794 3.5
4795 3.5
4796 3.5
4797 3.5
4798 3.5
4799 3.5
4800 3.5
4801 3.5
4802 3.5
4803 3.5
4804 3.5
4805 3.5
4806 3.5
4807 3.5
4808 3.5
4809 3.5
4810 3.5
4811 3.5
4812 3.5
4813 3.5
4814 3.5
4815 3.5
4816 3.5
4817 3.5
4818 3.5
4819 3.5
4820 3.5
4821 3.5
4822 3.5
4823 3.5
4824 3.5
4825 3.5
4826 3.5
4827 3.5
4828 3.5
4829 3.5
4830 3.5
4831 3.5
4832 3.5
4833 3.5
4834 3.5
4835 3.5
4836 3.5
4837 3.5
4838 3.5
4839 3.5
4840 3.5
4841 3.5
4842 3.5
4843 3.5
4844 3.5
4845 3.5
4846 3.5
4847 3.5
4848 3.5
4849 3.5
4850 3.5
4851 3.5
4852 3.5
4853 3.5
4854 3.5
4855 3.5
4856 3.5
4857 3.5
4858 3.5
4859 3.5
4860 3.5
4861 3.5
4862 3.5
4863 3.5
4864 3.5
4865 3.5
4866 3.5
4867 3.5
4868 3.5
4869 3.5
4870 0.1
4871 0.1
4872 0.1
4873 0.1
4874 0.1
4875 0.1
4876 0.1
4877 0.1
4878 0.1
4879 0.1
4880 0.1
4881 0.1
4882 0.1
4883 0.1
4884 0.1
4885 0.1
4886 0.1
4887 0.1
4888 0.1
4889 0.1
4890 0.1
4891 0.1
4892 0.1
4893 0.1
4894 0.1
4895 0.1
4896 0.1
4897 0.1
4898 0.1
4899 0.1
4900 0.1
4901 0.1
4902 0.1
4903 0.1
4904 0.1
4905 0.1
4906 0.1
4907 0.1
4908 0.1
4909 0.1
4910 0.1
4911 0.1
4912 0.1
4913 0.1
4914 0.1
4915 0.1
4916 0.1
4917 0.1
4918 0.1
4919 0.1
4920 0.1
4921 0.1
4922 0.1
4923 0.1
4924 0.1
4925 0.1
4926 0.1
4927 0.1
4928 0.1
4929 0.1
4930 0.1
4931 0.1
4932 0.1
4933 0.1
4934 0.1
4935 0.1
4936 0.1
4937 0.1
4938 0.1
4939 0.1
4940 0.1
4941 0.1
4942 0.1
4943 0.1
4944 0.1
4945 0.1
4946 0.1
4947 0.1
4948 0.1
4949 0.1
4950 0.1
4951 0.1
4952 0.1
4953 0.1
4954 0.1
4955 0.1
4956 0.1
4957 0.1
4958 0.1
4959 0.1
4960 0.1
4961 0.1
4962 0.1
4963 0.1
4964 0.1
4965 0.1
4966 0.1
4967 0.1
4968 0.1
4969 0.1
4970 0.1
4971 0.1
4972 0.1
4973 0.1
4974 0.1
4975 0.1
4976 0.1
4977 0.1
4978 0.1
4979 0.1
4980 0.1
4981 0.1
4982 0.1
4983 0.1
4984 0.1
4985 0.1
4986 0.1
4987 0.1
4988 0.1
4989 0.1
4990 0.1
4991 0.1
4992 0.1
4993 0.1
4994 0.1
4995 0.1
4996 0.1
4997 0.1
4998 0.1
4999 0.1
5000 0.1
5001 0.1
5002 0.1
5003 0.1
5004 0.1
5005 0.1
5006 0.1
5007 0.1
5008 0.1
5009 0.1
5010 0.1
5011 0.1
5012 0.1
5013 0.1
5014 0.1
5015 0.1
5016 0.1
5017 0.1
5018 0.1
5019 0.1
5020 0.1
5021 0.1
5022 0.1
5023 0.1
5024 0.1
5025 0.1
5026 0.1
5027 0.1
5028 0.1
5029 0.1
5030 0.1
5031 0.1
5032 0.1
5033 0.1
5034 0.1
5035 0.1
5036 0.1
5037 0.1
5038 0.1
5039 0.1
5040 0.1
5041 0.1
5042 0.1
5043 0.1
5044 0.1
5045 0.1
5046 0.1
5047 0.1
5048 0.1
5049 0.1
5050 0.1
5051 0.1
5052 0.1
5053 0.1
5054 0.1
5055 0.1
5056 0.1
5057 0.1
5058 0.1
5059 0.1
5060 0.1
5061 0.1
5062 0.1
5063 0.1
5064 0.1
5065 0.1
5066 0.1
5067 0.1
5068 0.1
5069 0.1
5070 0.1
5071 0.1
5072 0.1
5073 0.1
5074 0.1
5075 0.1
5076 0.1
5077 0.1
5078 0.1
5079 0.1
5080 0.1
5081 0.1
5082 0.1
5083 0.1
5084 3.5
5085 3.5
5086 3.5
5087 3.5
5088 3.5
5089 3.5
5090 3.5
5091 3.5
5092 3.5
5093 3.5
5094 3.5
5095 3.5
5096 3.5
5097 3.5
5098 3.5
5099 3.5
5100 3.5
5101 3.5
5102 3.5
5103 3.5
5104 3.5
5105 3.5
5106 3.5
5107 3.5
5108 3.5
5109 3.5
5110 3.5
5111 3.5
5112 3.5
5113 3.5
5114 3.5
5115 3.5
5116 3.5
5117 3.5
5118 3.5
5119 3.5
5120 3.5
5121 3.5
5122 3.5
5123 3.5
5124 3.5
5125 3.5
5126 3.5
5127 3.5
5128 3.5
5129 3.5
5130 3.5
5131 3.5
5132 3.5
5133 3.5
5134 3.5
5135 3.5
5136 3.5
5137 3.5
5138 3.5
5139 3.5
5140 3.5
5141 3.5
5142 3.5
5143 3.5
5144 3.5
5145 3.5
5146 3.5
5147 3.5
5148 3.5
5149 3.5
5150 3.5
5151 3.5
5152 3.5
5153 3.5
5154 3.5
5155 3.5
5156 3.5
5157 3.5
5158 3.5
5159 3.5
5160 3.5
5161 3.5
5162 3.5
5163 3.5
5164 3.5
5165 3.5
5166 3.5
5167 3.5
5168 3.5
5169 3.5
5170 3.5
5171 3.5
5172 3.5
5173 3.5
5174 3.5
5175 3.5
5176 3.5
5177 3.5
5178 3.5
5179 3.5
5180 3.5
5181 3.5
5182 3.5
5183 3.5
5184 3.5
5185 3.5
5186 3.5
5187 3.5
5188 3.5
5189 3.5
5190 3.5
5191 3.5
5192 3.5
5193 3.5
5194 3.5
5195 3.5
5196 3.5
5197 3.5
5198 3.5
5199 3.5
5200 3.5
5201 3.5
5202 3.5
5203 3.5
5204 3.5
5205 3.5
5206 3.5
5207 3.5
5208 3.5
5209 3.5
5210 3.5
5211 3.5
5212 3.5
5213 3.5
5214 3.5
5215 3.5
5216 3.5
5217 3.5
5218 3.5
5219 3.5
5220 3.5
5221 3.5
5222 3.5
5223 3.5
5224 3.5
5225 3.5
5226 3.5
5227 3.5
5228 3.5
5229 3.5
5230 3.5
5231 3.5
5232 3.5
5233 3.5
5234 3.5
5235 0.1
5236 0.1
5237 0.1
5238 0.1
5239 0.1
5240 0.1
5241 0.1
5242 0.1
5243 0.1
5244 0.1
5245 0.1
5246 0.1
5247 0.1
5248 0.1
5249 0.1
5250 0.1
5251 0.1
5252 0.1
5253 0.1
5254 0.1
5255 0.1
5256 0.1
5257 0.1
5258 0.1
5259 0.1
5260 0.1
5261 0.1
5262 0.1
5263 0.1
5264 0.1
5265 0.1
5266 0.1
5267 0.1
5268 0.1
5269 0.1
5270 0.1
5271 0.1
5272 0.1
5273 0.1
5274 0.1
5275 0.1
5276 0.1
5277 0.1
5278 0.1
5279 0.1
5280 0.1
5281 0.1
5282 0.1
5283 0.1
5284 0.1
5285 0.1
5286 0.1
5287 0.1
5288 0.1
5289 0.1
5290 0.1
5291 0.1
5292 0.1
5293 0.1
5294 0.1
5295 0.1
5296 0.1
5297 0.1
5298 0.1
5299 0.1
5300 0.1
5301 0.1
5302 0.1
5303 0.1
5304 0.1
5305 0.1
5306 0.1
5307 0.1
5308 0.1
5309 0.1
5310 0.1
5311 0.1
5312 0.1
5313 0.1
5314 0.1
5315 0.1
5316 0.1
5317 0.1
5318 0.1
5319 0.1
5320 0.1
5321 0.1
5322 0.1
5323 0.1
5324 0.1
5325 0.1
5326 0.1
5327 0.1
5328 0.1
5329 0.1
5330 0.1
5331 0.1
5332 0.1
5333 0.1
5334 0.1
5335 0.1
5336 0.1
5337 0.1
5338 0.1
5339 0.1
5340 0.1
5341 0.1
5342 0.1
5343 0.1
5344 0.1
5345 0.1
5346 0.1
5347 0.1
5348 0.1
5349 0.1
5350 0.1
5351 0.1
5352 0.1
5353 0.1
5354 0.1
5355 0.1
5356 0.1
5357 0.1
5358 0.1
5359 0.1
5360 0.1
5361 0.1
5362 0.1
5363 0.1
5364 0.1
5365 0.1
5366 0.1
5367 0.1
5368 0.1
5369 0.1
5370 0.1
5371 0.1
5372 0.1
5373 0.1
5374 0.1
5375 0.1
5376 0.1
5377 0.1
5378 0.1
5379 0.1
5380 0.1
5381 0.1
5382 0.1
5383 0.1
5384 0.1
5385 0.1
5386 0.1
5387 0.1
5388 0.1
5389 0.1
5390 0.1
5391 0.1
5392 0.1
5393 0.1
5394 0.1
5395 0.1
5396 0.1
5397 0.1
5398 0.1
5399 0.1
5400 0.1
5401 0.1
5402 0.1
5403 0.1
5404 0.1
5405 0.1
5406 0.1
5407 0.1
5408 0.1
5409 0.1
5410 0.1
5411 0.1
5412 0.1
5413 0.1
5414 0.1
5415 0.1
5416 0.1
5417 0.1
5418 0.1
5419 0.1
5420 0.1
5421 0.1
5422 0.1
5423 0.1
5424 0.1
5425 0.1
5426 0.1
5427 0.1
5428 0.1
5429 0.1
5430 0.1
5431 0.1
5432 0.1
5433 0.1
5434 0.1
5435 0.1
5436 0.1
5437 0.1
5438 0.1
5439 0.1
5440 0.1
5441 0.1
5442 0.1
5443 0.1
5444 0.1
5445 0.1
5446 0.1
5447 0.1
5448 0.1
5449 3.5
5450 3.5
5451 3.5
5452 3.5
5453 3.5
5454 3.5
5455 3.5
5456 3.5
5457 3.5
5458 3.5
5459 3.5
5460 3.5
5461 3.5
5462 3.5
5463 3.5
5464 3.5
5465 3.5
5466 3.5
5467 3.5
5468 3.5
5469 3.5
5470 3.5
5471 3.5
5472 3.5
5473 3.5
5474 3.5
5475 3.5
5476 3.5
5477 3.5
5478 3.5
5479 3.5
5480 3.5
5481 3.5
5482 3.5
5483 3.5
5484 3.5
5485 3.5
5486 3.5
5487 3.5
5488 3.5
5489 3.5
5490 3.5
5491 3.5
5492 3.5
5493 3.5
5494 3.5
5495 3.5
5496 3.5
5497 3.5
5498 3.5
5499 3.5
5500 3.5
5501 3.5
5502 3.5
5503 3.5
5504 3.5
5505 3.5
5506 3.5
5507 3.5
5508 3.5
5509 3.5
5510 3.5
5511 3.5
5512 3.5
5513 3.5
5514 3.5
5515 3.5
5516 3.5
5517 3.5
5518 3.5
5519 3.5
5520 3.5
5521 3.5
5522 3.5
5523 3.5
5524 3.5
5525 3.5
5526 3.5
5527 3.5
5528 3.5
5529 3.5
5530 3.5
5531 3.5
5532 3.5
5533 3.5
5534 3.5
5535 3.5
5536 3.5
5537 3.5
5538 3.5
5539 3.5
5540 3.5
5541 3.5
5542 3.5
5543 3.5
5544 3.5
5545 3.5
5546 3.5
5547 3.5
5548 3.5
5549 3.5
5550 3.5
5551 3.5
5552 3.5
5553 3.5
5554 3.5
5555 3.5
5556 3.5
5557 3.5
5558 3.5
5559 3.5
5560 3.5
5561 3.5
5562 3.5
5563 3.5
5564 3.5
5565 3.5
5566 3.5
5567 3.5
5568 3.5
5569 3.5
5570 3.5
5571 3.5
5572 3.5
5573 3.5
5574 3.5
5575 3.5
5576 3.5
5577 3.5
5578 3.5
5579 3.5
5580 3.5
5581 3.5
5582 3.5
5583 3.5
5584 3.5
5585 3.5
5586 3.5
5587 3.5
5588 3.5
5589 3.5
5590 3.5
5591 3.5
5592 3.5
5593 3.5
5594 3.5
5595 3.5
5596 3.5
5597 3.5
5598 3.5
5599 3.5
5600 0.1
5601 0.1
5602 0.1
5603 0.1
5604 0.1
5605 0.1
5606 0.1
5607 0.1
5608 0.1
5609 0.1
5610 0.1
5611 0.1
5612 0.1
5613 0.1
5614 0.1
5615 0.1
5616 0.1
5617 0.1
5618 0.1
5619 0.1
5620 0.1
5621 0.1
5622 0.1
5623 0.1
5624 0.1
5625 0.1
5626 0.1
5627 0.1
5628 0.1
5629 0.1
5630 0.1
5631 0.1
5632 0.1
5633 0.1
5634 0.1
5635 0.1
5636 0.1
5637 0.1
5638 0.1
5639 0.1
5640 0.1
5641 0.1
5642 0.1
5643 0.1
5644 0.1
5645 0.1
5646 0.1
5647 0.1
5648 0.1
5649 0.1
5650 0.1
5651 0.1
5652 0.1
5653 0.1
5654 0.1
5655 0.1
5656 0.1
5657 0.1
5658 0.1
5659 0.1
5660 0.1
5661 0.1
5662 0.1
5663 0.1
5664 0.1
5665 0.1
5666 0.1
5667 0.1
5668 0.1
5669 0.1
5670 0.1
5671 0.1
5672 0.1
5673 0.1
5674 0.1
5675 0.1
5676 0.1
5677 0.1
5678 0.1
5679 0.1
5680 0.1
5681 0.1
5682 0.1
5683 0.1
5684 0.1
5685 0.1
5686 0.1
5687 0.1
5688 0.1
5689 0.1
5690 0.1
5691 0.1
5692 0.1
5693 0.1
5694 0.1
5695 0.1
5696 0.1
5697 0.1
5698 0.1
5699 0.1
5700 0.1
5701 0.1
5702 0.1
5703 0.1
5704 0.1
5705 0.1
5706 0.1
5707 0.1
5708 0.1
5709 0.1
5710 0.1
5711 0.1
5712 0.1
5713 0.1
5714 0.1
5715 0.1
5716 0.1
5717 0.1
5718 0.1
5719 0.1
5720 0.1
5721 0.1
5722 0.1
5723 0.1
5724 0.1
5725 0.1
5726 0.1
5727 0.1
5728 0.1
5729 0.1
5730 0.1
5731 0.1
5732 0.1
5733 0.1
5734 0.1
5735 0.1
5736 0.1
5737 0.1
5738 0.1
5739 0.1
5740 0.1
5741 0.1
5742 0.1
5743 0.1
5744 0.1
5745 0.1
5746 0.1
5747 0.1
5748 0.1
5749 0.1
5750 0.1
5751 0.1
5752 0.1
5753 0.1
5754 0.1
5755 0.1
5756 0.1
5757 0.1
5758 0.1
5759 0.1
5760 0.1
5761 0.1
5762 0.1
5763 0.1
5764 0.1
5765 0.1
5766 0.1
5767 0.1
5768 0.1
5769 0.1
5770 0.1
5771 0.1
5772 0.1
5773 0.1
5774 0.1
5775 0.1
5776 0.1
5777 0.1
5778 0.1
5779 0.1
5780 0.1
5781 0.1
5782 0.1
5783 0.1
5784 0.1
5785 0.1
5786 0.1
5787 0.1
5788 0.1
5789 0.1
5790 0.1
5791 0.1
5792 0.1
5793 0.1
5794 0.1
5795 0.1
5796 0.1
5797 0.1
5798 0.1
5799 0.1
5800 0.1
5801 0.1
5802 0.1
5803 0.1
5804 0.1
5805 0.1
5806 0.1
5807 0.1
5808 0.1
5809 0.1
5810 0.1
5811 0.1
5812 0.1
5813 0.1
5814 3.5
5815 3.5
5816 3.5
5817 3.5
5818 3.5
5819 3.5
5820 3.5
5821 3.5
5822 3.5
5823 3.5
5824 3.5
5825 3.5
5826 3.5
5827 3.5
5828 3.5
5829 3.5
5830 3.5
5831 3.5
5832 3.5
5833 3.5
5834 3.5
5835 3.5
5836 3.5
5837 3.5
5838 3.5
5839 3.5
5840 3.5
5841 3.5
5842 3.5
5843 3.5
5844 3.5
5845 3.5
5846 3.5
5847 3.5
5848 3.5
5849 3.5
5850 3.5
5851 3.5
5852 3.5
5853 3.5
5854 3.5
5855 3.5
5856 3.5
5857 3.5
5858 3.5
5859 3.5
5860 3.5
5861 3.5
5862 3.5
5863 3.5
5864 3.5
5865 3.5
5866 3.5
5867 3.5
5868 3.5
5869 3.5
5870 3.5
5871 3.5
5872 3.5
5873 3.5
5874 3.5
5875 3.5
5876 3.5
5877 3.5
5878 3.5
5879 3.5
5880 3.5
5881 3.5
5882 3.5
5883 3.5
5884 3.5
5885 3.5
5886 3.5
5887 3.5
5888 3.5
5889 3.5
5890 3.5
5891 3.5
5892 3.5
5893 3.5
5894 3.5
5895 3.5
5896 3.5
5897 3.5
5898 3.5
5899 3.5
5900 3.5
5901 3.5
5902 3.5
5903 3.5
5904 3.5
5905 3.5
5906 3.5
5907 3.5
5908 3.5
5909 3.5
5910 3.5
5911 3.5
5912 3.5
5913 3.5
5914 3.5
5915 3.5
5916 3.5
5917 3.5
5918 3.5
5919 3.5
5920 3.5
5921 3.5
5922 3.5
5923 3.5
5924 3.5
5925 3.5
5926 3.5
5927 3.5
5928 3.5
5929 3.5
5930 3.5
5931 3.5
5932 3.5
5933 3.5
5934 3.5
5935 3.5
5936 3.5
5937 3.5
5938 3.5
5939 3.5
5940 3.5
5941 3.5
5942 3.5
5943 3.5
5944 3.5
5945 3.5
5946 3.5
5947 3.5
5948 3.5
5949 3.5
5950 3.5
5951 3.5
5952 3.5
5953 3.5
5954 3.5
5955 3.5
5956 3.5
5957 3.5
5958 3.5
5959 3.5
5960 3.5
5961 3.5
5962 3.5
5963 3.5
5964 3.5
5965 0.1
5966 0.1
5967 0.1
5968 0.1
5969 0.1
5970 0.1
5971 0.1
5972 0.1
5973 0.1
5974 0.1
5975 0.1
5976 0.1
5977 0.1
5978 0.1
5979 0.1
5980 0.1
5981 0.1
5982 0.1
5983 0.1
5984 0.1
5985 0.1
5986 0.1
5987 0.1
5988 0.1
5989 0.1
5990 0.1
5991 0.1
5992 0.1
5993 0.1
5994 0.1
5995 0.1
5996 0.1
5997 0.1
5998 0.1
5999 0.1
6000 0.1
6001 0.1
6002 0.1
6003 0.1
6004 0.1
6005 0.1
6006 0.1
6007 0.1
6008 0.1
6009 0.1
6010 0.1
6011 0.1
6012 0.1
6013 0.1
6014 0.1
6015 0.1
6016 0.1
6017 0.1
6018 0.1
6019 0.1
6020 0.1
6021 0.1
6022 0.1
6023 0.1
6024 0.1
6025 0.1
6026 0.1
6027 0.1
6028 0.1
6029 0.1
6030 0.1
6031 0.1
6032 0.1
6033 0.1
6034 0.1
6035 0.1
6036 0.1
6037 0.1
6038 0.1
6039 0.1
6040 0.1
6041 0.1
6042 0.1
6043 0.1
6044 0.1
6045 0.1
6046 0.1
6047 0.1
6048 0.1
6049 0.1
6050 0.1
6051 0.1
6052 0.1
6053 0.1
6054 0.1
6055 0.1
6056 0.1
6057 0.1
6058 0.1
6059 0.1
6060 0.1
6061 0.1
6062 0.1
6063 0.1
6064 0.1
6065 0.1
6066 0.1
6067 0.1
6068 0.1
6069 0.1
6070 0.1
6071 0.1
6072 0.1
6073 0.1
6074 0.1
6075 0.1
6076 0.1
6077 0.1
6078 0.1
6079 0.1
6080 0.1
6081 0.1
6082 0.1
6083 0.1
6084 0.1
6085 0.1
6086 0.1
6087 0.1
6088 0.1
6089 0.1
6090 0.1
6091 0.1
6092 0.1
6093 0.1
6094 0.1
6095 0.1
6096 0.1
6097 0.1
6098 0.1
6099 0.1
6100 0.1
6101 0.1
6102 0.1
6103 0.1
6104 0.1
6105 0.1
6106 0.1
6107 0.1
6108 0.1
6109 0.1
6110 0.1
6111 0.1
6112 0.1
6113 0.1
6114 0.1
6115 0.1
6116 0.1
6117 0.1
6118 0.1
6119 0.1
6120 0.1
6121 0.1
6122 0.1
6123 0.1
6124 0.1
6125 0.1
6126 0.1
6127 0.1
6128 0.1
6129 0.1
6130 0.1
6131 0.1
6132 0.1
6133 0.1
6134 0.1
6135 0.1
6136 0.1
6137 0.1
6138 0.1
6139 0.1
6140 0.1
6141 0.1
6142 0.1
6143 0.1
6144 0.1
6145 0.1
6146 0.1
6147 0.1
6148 0.1
6149 0.1
6150 0.1
6151 0.1
6152 0.1
6153 0.1
6154 0.1
6155 0.1
6156 0.1
6157 0.1
6158 0.1
6159 0.1
6160 0.1
6161 0.1
6162 0.1
6163 0.1
6164 0.1
6165 0.1
6166 0.1
6167 0.1
6168 0.1
6169 0.1
6170 0.1
6171 0.1
6172 0.1
6173 0.1
6174 0.1
6175 0.1
6176 0.1
6177 0.1
6178 0.1
6179 3.5
6180 3.5
6181 3.5
6182 3.5
6183 3.5
6184 3.5
6185 3.5
6186 3.5
6187 3.5
6188 3.5
6189 3.5
6190 3.5
6191 3.5
6192 3.5
6193 3.5
6194 3.5
6195 3.5
6196 3.5
6197 3.5
6198 3.5
6199 3.5
6200 3.5
6201 3.5
6202 3.5
6203 3.5
6204 3.5
6205 3.5
6206 3.5
6207 3.5
6208 3.5
6209 3.5
6210 3.5
6211 3.5
6212 3.5
6213 3.5
6214 3.5
6215 3.5
6216 3.5
6217 3.5
6218 3.5
6219 3.5
6220 3.5
6221 3.5
6222 3.5
6223 3.5
6224 3.5
6225 3.5
6226 3.5
6227 3.5
6228 3.5
6229 3.5
6230 3.5
6231 3.5
6232 3.5
6233 3.5
6234 3.5
6235 3.5
6236 3.5
6237 3.5
6238 3.5
6239 3.5
6240 3.5
6241 3.5
6242 3.5
6243 3.5
6244 3.5
6245 3.5
6246 3.5
6247 3.5
6248 3.5
6249 3.5
6250 3.5
6251 3.5
6252 3.5
6253 3.5
6254 3.5
6255 3.5
6256 3.5
6257 3.5
6258 3.5
6259 3.5
6260 3.5
6261 3.5
6262 3.5
6263 3.5
6264 3.5
6265 3.5
6266 3.5
6267 3.5
6268 3.5
6269 3.5
6270 3.5
6271 3.5
6272 3.5
6273 3.5
6274 3.5
6275 3.5
6276 3.5
6277 3.5
6278 3.5
6279 3.5
6280 3.5
6281 3.5
6282 3.5
6283 3.5
6284 3.5
6285 3.5
6286 3.5
6287 3.5
6288 3.5
6289 3.5
6290 3.5
6291 3.5
6292 3.5
6293 3.5
6294 3.5
6295 3.5
6296 3.5
6297 3.5
6298 3.5
6299 3.5
6300 3.5
6301 3.5
6302 3.5
6303 3.5
6304 3.5
6305 3.5
6306 3.5
6307 3.5
6308 3.5
6309 3.5
6310 3.5
6311 3.5
6312 3.5
6313 3.5
6314 3.5
6315 3.5
6316 3.5
6317 3.5
6318 3.5
6319 3.5
6320 3.5
6321 3.5
6322 3.5
6323 3.5
6324 3.5
6325 3.5
6326 3.5
6327 3.5
6328 3.5
6329 3.5
6330 3.5
6331 0.1
6332 0.1
6333 0.1
6334 0.1
6335 0.1
6336 0.1
6337 0.1
6338 0.1
6339 0.1
6340 0.1
6341 0.1
6342 0.1
6343 0.1
6344 0.1
6345 0.1
6346 0.1
6347 0.1
6348 0.1
6349 0.1
6350 0.1
6351 0.1
6352 0.1
6353 0.1
6354 0.1
6355 0.1
6356 0.1
6357 0.1
6358 0.1
6359 0.1
6360 0.1
6361 0.1
6362 0.1
6363 0.1
6364 0.1
6365 0.1
6366 0.1
6367 0.1
6368 0.1
6369 0.1
6370 0.1
6371 0.1
6372 0.1
6373 0.1
6374 0.1
6375 0.1
6376 0.1
6377 0.1
6378 0.1
6379 0.1
6380 0.1
6381 0.1
6382 0.1
6383 0.1
6384 0.1
6385 0.1
6386 0.1
6387 0.1
6388 0.1
6389 0.1
6390 0.1
6391 0.1
6392 0.1
6393 0.1
6394 0.1
6395 0.1
6396 0.1
6397 0.1
6398 0.1
6399 0.1
6400 0.1
6401 0.1
6402 0.1
6403 0.1
6404 0.1
6405 0.1
6406 0.1
6407 0.1
6408 0.1
6409 0.1
6410 0.1
6411 0.1
6412 0.1
6413 0.1
6414 0.1
6415 0.1
6416 0.1
6417 0.1
6418 0.1
6419 0.1
6420 0.1
6421 0.1
6422 0.1
6423 0.1
6424 0.1
6425 0.1
6426 0.1
6427 0.1
6428 0.1
6429 0.1
6430 0.1
6431 0.1
6432 0.1
6433 0.1
6434 0.1
6435 0.1
6436 0.1
6437 0.1
6438 0.1
6439 0.1
6440 0.1
6441 0.1
6442 0.1
6443 0.1
6444 0.1
6445 0.1
6446 0.1
6447 0.1
6448 0.1
6449 0.1
6450 0.1
6451 0.1
6452 0.1
6453 0.1
6454 0.1
6455 0.1
6456 0.1
6457 0.1
6458 0.1
6459 0.1
6460 0.1
6461 0.1
6462 0.1
6463 0.1
6464 0.1
6465 0.1
6466 0.1
6467 0.1
6468 0.1
6469 0.1
6470 0.1
6471 0.1
6472 0.1
6473 0.1
6474 0.1
6475 0.1
6476 0.1
6477 0.1
6478 0.1
6479 0.1
6480 0.1
6481 0.1
6482 0.1
6483 0.1
6484 0.1
6485 0.1
6486 0.1
6487 0.1
6488 0.1
6489 0.1
6490 0.1
6491 0.1
6492 0.1
6493 0.1
6494 0.1
6495 0.1
6496 0.1
6497 0.1
6498 0.1
6499 0.1
6500 0.1
6501 0.1
6502 0.1
6503 0.1
6504 0.1
6505 0.1
6506 0.1
6507 0.1
6508 0.1
6509 0.1
6510 0.1
6511 0.1
6512 0.1
6513 0.1
6514 0.1
6515 0.1
6516 0.1
6517 0.1
6518 0.1
6519 0.1
6520 0.1
6521 0.1
6522 0.1
6523 0.1
6524 0.1
6525 0.1
6526 0.1
6527 0.1
6528 0.1
6529 0.1
6530 0.1
6531 0.1
6532 0.1
6533 0.1
6534 0.1
6535 0.1
6536 0.1
6537 0.1
6538 0.1
6539 0.1
6540 0.1
6541 0.1
6542 0.1
6543 0.1
6544 0.1
6545 3.5
6546 3.5
6547 3.5
6548 3.5
6549 3.5
6550 3.5
6551 3.5
6552 3.5
6553 3.5
6554 3.5
6555 3.5
6556 3.5
6557 3.5
6558 3.5
6559 3.5
6560 3.5
6561 3.5
6562 3.5
6563 3.5
6564 3.5
6565 3.5
6566 3.5
6567 3.5
6568 3.5
6569 3.5
6570 3.5
6571 3.5
6572 3.5
6573 3.5
6574 3.5
6575 3.5
6576 3.5
6577 3.5
6578 3.5
6579 3.5
6580 3.5
6581 3.5
6582 3.5
6583 3.5
6584 3.5
6585 3.5
6586 3.5
6587 3.5
6588 3.5
6589 3.5
6590 3.5
6591 3.5
6592 3.5
6593 3.5
6594 3.5
6595 3.5
6596 3.5
6597 3.5
6598 3.5
6599 3.5
6600 3.5
6601 3.5
6602 3.5
6603 3.5
6604 3.5
6605 3.5
6606 3.5
6607 3.5
6608 3.5
6609 3.5
6610 3.5
6611 3.5
6612 3.5
6613 3.5
6614 3.5
6615 3.5
6616 3.5
6617 3.5
6618 3.5
6619 3.5
6620 3.5
6621 3.5
6622 3.5
6623 3.5
6624 3.5
6625 3.5
6626 3.5
6627 3.5
6628 3.5
6629 3.5
6630 3.5
6631 3.5
6632 3.5
6633 3.5
6634 3.5
6635 3.5
6636 3.5
6637 3.5
6638 3.5
6639 3.5
6640 3.5
6641 3.5
6642 3.5
6643 3.5
6644 3.5
6645 3.5
6646 3.5
6647 3.5
6648 3.5
6649 3.5
6650 3.5
6651 3.5
6652 3.5
6653 3.5
6654 3.5
6655 3.5
6656 3.5
6657 3.5
6658 3.5
6659 3.5
6660 3.5
6661 3.5
6662 3.5
6663 3.5
6664 3.5
6665 3.5
6666 3.5
6667 3.5
6668 3.5
6669 3.5
6670 3.5
6671 3.5
6672 3.5
6673 3.5
6674 3.5
6675 3.5
6676 3.5
6677 3.5
6678 3.5
6679 3.5
6680 3.5
6681 3.5
6682 3.5
6683 3.5
6684 3.5
6685 3.5
6686 3.5
6687 3.5
6688 3.5
6689 3.5
6690 3.5
6691 3.5
6692 3.5
6693 3.5
6694 3.5
6695 3.5
6696 0.1
6697 0.1
6698 0.1
6699 0.1
6700 0.1
6701 0.1
6702 0.1
6703 0.1
6704 0.1
6705 0.1
6706 0.1
6707 0.1
6708 0.1
6709 0.1
6710 0.1
6711 0.1
6712 0.1
6713 0.1
6714 0.1
6715 0.1
6716 0.1
6717 0.1
6718 0.1
6719 0.1
6720 0.1
6721 0.1
6722 0.1
6723 0.1
6724 0.1
6725 0.1
6726 0.1
6727 0.1
6728 0.1
6729 0.1
6730 0.1
6731 0.1
6732 0.1
6733 0.1
6734 0.1
6735 0.1
6736 0.1
6737 0.1
6738 0.1
6739 0.1
6740 0.1
6741 0.1
6742 0.1
6743 0.1
6744 0.1
6745 0.1
6746 0.1
6747 0.1
6748 0.1
6749 0.1
6750 0.1
6751 0.1
6752 0.1
6753 0.1
6754 0.1
6755 0.1
6756 0.1
6757 0.1
6758 0.1
6759 0.1
6760 0.1
6761 0.1
6762 0.1
6763 0.1
6764 0.1
6765 0.1
6766 0.1
6767 0.1
6768 0.1
6769 0.1
6770 0.1
6771 0.1
6772 0.1
6773 0.1
6774 0.1
6775 0.1
6776 0.1
6777 0.1
6778 0.1
6779 0.1
6780 0.1
6781 0.1
6782 0.1
6783 0.1
6784 0.1
6785 0.1
6786 0.1
6787 0.1
6788 0.1
6789 0.1
6790 0.1
6791 0.1
6792 0.1
6793 0.1
6794 0.1
6795 0.1
6796 0.1
6797 0.1
6798 0.1
6799 0.1
6800 0.1
6801 0.1
6802 0.1
6803 0.1
6804 0.1
6805 0.1
6806 0.1
6807 0.1
6808 0.1
6809 0.1
6810 0.1
6811 0.1
6812 0.1
6813 0.1
6814 0.1
6815 0.1
6816 0.1
6817 0.1
6818 0.1
6819 0.1
6820 0.1
6821 0.1
6822 0.1
6823 0.1
6824 0.1
6825 0.1
6826 0.1
6827 0.1
6828 0.1
6829 0.1
6830 0.1
6831 0.1
6832 0.1
6833 0.1
6834 0.1
6835 0.1
6836 0.1
6837 0.1
6838 0.1
6839 0.1
6840 0.1
6841 0.1
6842 0.1
6843 0.1
6844 0.1
6845 0.1
6846 0.1
6847 0.1
6848 0.1
6849 0.1
6850 0.1
6851 0.1
6852 0.1
6853 0.1
6854 0.1
6855 0.1
6856 0.1
6857 0.1
6858 0.1
6859 0.1
6860 0.1
6861 0.1
6862 0.1
6863 0.1
6864 0.1
6865 0.1
6866 0.1
6867 0.1
6868 0.1
6869 0.1
6870 0.1
6871 0.1
6872 0.1
6873 0.1
6874 0.1
6875 0.1
6876 0.1
6877 0.1
6878 0.1
6879 0.1
6880 0.1
6881 0.1
6882 0.1
6883 0.1
6884 0.1
6885 0.1
6886 0.1
6887 0.1
6888 0.1
6889 0.1
6890 0.1
6891 0.1
6892 0.1
6893 0.1
6894 0.1
6895 0.1
6896 0.1
6897 0.1
6898 0.1
6899 0.1
6900 0.1
6901 0.1
6902 0.1
6903 0.1
6904 0.1
6905 0.1
6906 0.1
6907 0.1
6908 0.1
6909 0.1
6910 3.5
6911 3.5
6912 3.5
6913 3.5
6914 3.5
6915 3.5
6916 3.5
6917 3.5
6918 3.5
6919 3.5
6920 3.5
6921 3.5
6922 3.5
6923 3.5
6924 3.5
6925 3.5
6926 3.5
6927 3.5
6928 3.5
6929 3.5
6930 3.5
6931 3.5
6932 3.5
6933 3.5
6934 3.5
6935 3.5
6936 3.5
6937 3.5
6938 3.5
6939 3.5
6940 3.5
6941 3.5
6942 3.5
6943 3.5
6944 3.5
6945 3.5
6946 3.5
6947 3.5
6948 3.5
6949 3.5
6950 3.5
6951 3.5
6952 3.5
6953 3.5
6954 3.5
6955 3.5
6956 3.5
6957 3.5
6958 3.5
6959 3.5
6960 3.5
6961 3.5
6962 3.5
6963 3.5
6964 3.5
6965 3.5
6966 3.5
6967 3.5
6968 3.5
6969 3.5
6970 3.5
6971 3.5
6972 3.5
6973 3.5
6974 3.5
6975 3.5
6976 3.5
6977 3.5
6978 3.5
6979 3.5
6980 3.5
6981 3.5
6982 3.5
6983 3.5
6984 3.5
6985 3.5
6986 3.5
6987 3.5
6988 3.5
6989 3.5
6990 3.5
6991 3.5
6992 3.5
6993 3.5
6994 3.5
6995 3.5
6996 3.5
6997 3.5
6998 3.5
6999 3.5
7000 3.5
7001 3.5
7002 3.5
7003 3.5
7004 3.5
7005 3.5
7006 3.5
7007 3.5
7008 3.5
7009 3.5
7010 3.5
7011 3.5
7012 3.5
7013 3.5
7014 3.5
7015 3.5
7016 3.5
7017 3.5
7018 3.5
7019 3.5
7020 3.5
7021 3.5
7022 3.5
7023 3.5
7024 3.5
7025 3.5
7026 3.5
7027 3.5
7028 3.5
7029 3.5
7030 3.5
7031 3.5
7032 3.5
7033 3.5
7034 3.5
7035 3.5
7036 3.5
7037 3.5
7038 3.5
7039 3.5
7040 3.5
7041 3.5
7042 3.5
7043 3.5
7044 3.5
7045 3.5
7046 3.5
7047 3.5
7048 3.5
7049 3.5
7050 3.5
7051 3.5
7052 3.5
7053 3.5
7054 3.5
7055 3.5
7056 3.5
7057 3.5
7058 3.5
7059 3.5
7060 3.5
7061 0.1
7062 0.1
7063 0.1
7064 0.1
7065 0.1
7066 0.1
7067 0.1
7068 0.1
7069 0.1
7070 0.1
7071 0.1
7072 0.1
7073 0.1
7074 0.1
7075 0.1
7076 0.1
7077 0.1
7078 0.1
7079 0.1
7080 0.1
7081 0.1
7082 0.1
7083 0.1
7084 0.1
7085 0.1
7086 0.1
7087 0.1
7088 0.1
7089 0.1
7090 0.1
7091 0.1
7092 0.1
7093 0.1
7094 0.1
7095 0.1
7096 0.1
7097 0.1
7098 0.1
7099 0.1
7100 0.1
7101 0.1
7102 0.1
7103 0.1
7104 0.1
7105 0.1
7106 0.1
7107 0.1
7108 0.1
7109 0.1
7110 0.1
7111 0.1
7112 0.1
7113 0.1
7114 0.1
7115 0.1
7116 0.1
7117 0.1
7118 0.1
7119 0.1
7120 0.1
7121 0.1
7122 0.1
7123 0.1
7124 0.1
7125 0.1
7126 0.1
7127 0.1
7128 0.1
7129 0.1
7130 0.1
7131 0.1
7132 0.1
7133 0.1
7134 0.1
7135 0.1
7136 0.1
7137 0.1
7138 0.1
7139 0.1
7140 0.1
7141 0.1
7142 0.1
7143 0.1
7144 0.1
7145 0.1
7146 0.1
7147 0.1
7148 0.1
7149 0.1
7150 0.1
7151 0.1
7152 0.1
7153 0.1
7154 0.1
7155 0.1
7156 0.1
7157 0.1
7158 0.1
7159 0.1
7160 0.1
7161 0.1
7162 0.1
7163 0.1
7164 0.1
7165 0.1
7166 0.1
7167 0.1
7168 0.1
7169 0.1
7170 0.1
7171 0.1
7172 0.1
7173 0.1
7174 0.1
7175 0.1
7176 0.1
7177 0.1
7178 0.1
7179 0.1
7180 0.1
7181 0.1
7182 0.1
7183 0.1
7184 0.1
7185 0.1
7186 0.1
7187 0.1
7188 0.1
7189 0.1
7190 0.1
7191 0.1
7192 0.1
7193 0.1
7194 0.1
7195 0.1
7196 0.1
7197 0.1
7198 0.1
7199 0.1
7200 0.1
7201 0.1
7202 0.1
7203 0.1
7204 0.1
7205 0.1
7206 0.1
7207 0.1
7208 0.1
7209 0.1
7210 0.1
7211 0.1
7212 0.1
7213 0.1
7214 0.1
7215 0.1
7216 0.1
7217 0.1
7218 0.1
7219 0.1
7220 0.1
7221 0.1
7222 0.1
7223 0.1
7224 0.1
7225 0.1
7226 0.1
7227 0.1
7228 0.1
7229 0.1
7230 0.1
7231 0.1
7232 0.1
7233 0.1
7234 0.1
7235 0.1
7236 0.1
7237 0.1
7238 0.1
7239 0.1
7240 0.1
7241 0.1
7242 0.1
7243 0.1
7244 0.1
7245 0.1
7246 0.1
7247 0.1
7248 0.1
7249 0.1
7250 0.1
7251 0.1
7252 0.1
7253 0.1
7254 0.1
7255 0.1
7256 0.1
7257 0.1
7258 0.1
7259 0.1
7260 0.1
7261 0.1
7262 0.1
7263 0.1
7264 0.1
7265 0.1
7266 0.1
7267 0.1
7268 0.1
7269 0.1
7270 0.1
7271 0.1
7272 0.1
7273 0.1
7274 0.1
7275 3.5
7276 3.5
7277 3.5
7278 3.5
7279 3.5
7280 3.5
7281 3.5
7282 3.5
7283 3.5
7284 3.5
7285 3.5
7286 3.5
7287 3.5
7288 3.5
7289 3.5
7290 3.5
7291 3.5
7292 3.5
7293 3.5
7294 3.5
7295 3.5
7296 3.5
7297 3.5
7298 3.5
7299 3.5
7300 3.5
7301 3.5
7302 3.5
7303 3.5
7304 3.5
7305 3.5
7306 3.5
7307 3.5
7308 3.5
7309 3.5
7310 3.5
7311 3.5
7312 3.5
7313 3.5
7314 3.5
7315 3.5
7316 3.5
7317 3.5
7318 3.5
7319 3.5
7320 3.5
7321 3.5
7322 3.5
7323 3.5
7324 3.5
7325 3.5
7326 3.5
7327 3.5
7328 3.5
7329 3.5
7330 3.5
7331 3.5
7332 3.5
7333 3.5
7334 3.5
7335 3.5
7336 3.5
7337 3.5
7338 3.5
7339 3.5
7340 3.5
7341 3.5
7342 3.5
7343 3.5
7344 3.5
7345 3.5
7346 3.5
7347 3.5
7348 3.5
7349 3.5
7350 3.5
7351 3.5
7352 3.5
7353 3.5
7354 3.5
7355 3.5
7356 3.5
7357 3.5
7358 3.5
7359 3.5
7360 3.5
7361 3.5
7362 3.5
7363 3.5
7364 3.5
7365 3.5
7366 3.5
7367 3.5
7368 3.5
7369 3.5
7370 3.5
7371 3.5
7372 3.5
7373 3.5
7374 3.5
7375 3.5
7376 3.5
7377 3.5
7378 3.5
7379 3.5
7380 3.5
7381 3.5
7382 3.5
7383 3.5
7384 3.5
7385 3.5
7386 3.5
7387 3.5
7388 3.5
7389 3.5
7390 3.5
7391 3.5
7392 3.5
7393 3.5
7394 3.5
7395 3.5
7396 3.5
7397 3.5
7398 3.5
7399 3.5
7400 3.5
7401 3.5
7402 3.5
7403 3.5
7404 3.5
7405 3.5
7406 3.5
7407 3.5
7408 3.5
7409 3.5
7410 3.5
7411 3.5
7412 3.5
7413 3.5
7414 3.5
7415 3.5
7416 3.5
7417 3.5
7418 3.5
7419 3.5
7420 3.5
7421 3.5
7422 3.5
7423 3.5
7424 3.5
7425 3.5
7426 0.1
7427 0.1
7428 0.1
7429 0.1
7430 0.1
7431 0.1
7432 0.1
7433 0.1
7434 0.1
7435 0.1
7436 0.1
7437 0.1
7438 0.1
7439 0.1
7440 0.1
7441 0.1
7442 0.1
7443 0.1
7444 0.1
7445 0.1
7446 0.1
7447 0.1
7448 0.1
7449 0.1
7450 0.1
7451 0.1
7452 0.1
7453 0.1
7454 0.1
7455 0.1
7456 0.1
7457 0.1
7458 0.1
7459 0.1
7460 0.1
7461 0.1
7462 0.1
7463 0.1
7464 0.1
7465 0.1
7466 0.1
7467 0.1
7468 0.1
7469 0.1
7470 0.1
7471 0.1
7472 0.1
7473 0.1
7474 0.1
7475 0.1
7476 0.1
7477 0.1
7478 0.1
7479 0.1
7480 0.1
7481 0.1
7482 0.1
7483 0.1
7484 0.1
7485 0.1
7486 0.1
7487 0.1
7488 0.1
7489 0.1
7490 0.1
7491 0.1
7492 0.1
7493 0.1
7494 0.1
7495 0.1
7496 0.1
7497 0.1
7498 0.1
7499 0.1
7500 0.1
7501 0.1
7502 0.1
7503 0.1
7504 0.1
7505 0.1
7506 0.1
7507 0.1
7508 0.1
7509 0.1
7510 0.1
7511 0.1
7512 0.1
7513 0.1
7514 0.1
7515 0.1
7516 0.1
7517 0.1
7518 0.1
7519 0.1
7520 0.1
7521 0.1
7522 0.1
7523 0.1
7524 0.1
7525 0.1
7526 0.1
7527 0.1
7528 0.1
7529 0.1
7530 0.1
7531 0.1
7532 0.1
7533 0.1
7534 0.1
7535 0.1
7536 0.1
7537 0.1
7538 0.1
7539 0.1
7540 0.1
7541 0.1
7542 0.1
7543 0.1
7544 0.1
7545 0.1
7546 0.1
7547 0.1
7548 0.1
7549 0.1
7550 0.1
7551 0.1
7552 0.1
7553 0.1
7554 0.1
7555 0.1
7556 0.1
7557 0.1
7558 0.1
7559 0.1
7560 0.1
7561 0.1
7562 0.1
7563 0.1
7564 0.1
7565 0.1
7566 0.1
7567 0.1
7568 0.1
7569 0.1
7570 0.1
7571 0.1
7572 0.1
7573 0.1
7574 0.1
7575 0.1
7576 0.1
7577 0.1
7578 0.1
7579 0.1
7580 0.1
7581 0.1
7582 0.1
7583 0.1
7584 0.1
7585 0.1
7586 0.1
7587 0.1
7588 0.1
7589 0.1
7590 0.1
7591 0.1
7592 0.1
7593 0.1
7594 0.1
7595 0.1
7596 0.1
7597 0.1
7598 0.1
7599 0.1
7600 0.1
7601 0.1
7602 0.1
7603 0.1
7604 0.1
7605 0.1
7606 0.1
7607 0.1
7608 0.1
7609 0.1
7610 0.1
7611 0.1
7612 0.1
7613 0.1
7614 0.1
7615 0.1
7616 0.1
7617 0.1
7618 0.1
7619 0.1
7620 0.1
7621 0.1
7622 0.1
7623 0.1
7624 0.1
7625 0.1
7626 0.1
7627 0.1
7628 0.1
7629 0.1
7630 0.1
7631 0.1
7632 0.1
7633 0.1
7634 0.1
7635 0.1
7636 0.1
7637 0.1
7638 0.1
7639 0.1
7640 3.5
7641 3.5
7642 3.5
7643 3.5
7644 3.5
7645 3.5
7646 3.5
7647 3.5
7648 3.5
7649 3.5
7650 3.5
7651 3.5
7652 3.5
7653 3.5
7654 3.5
7655 3.5
7656 3.5
7657 3.5
7658 3.5
7659 3.5
7660 3.5
7661 3.5
7662 3.5
7663 3.5
7664 3.5
7665 3.5
7666 3.5
7667 3.5
7668 3.5
7669 3.5
