Time [d]	Q_in [m3/s]
1
-1 0.00
1 5.24682
2 2.32013
3 4.753365
4 5.007117
5 4.764657
6 4.844576
7 4.884626
8 4.792279
9 4.589863
10 4.729598
11 4.62775
12 4.671609
13 4.489798
14 4.591834
15 4.668481
16 4.593751
17 4.790401
18 4.405961
19 4.317028
20 4.670044
21 4.554839
22 4.582829
23 4.604587
24 4.54955
25 4.489162
26 4.42505
27 4.367809
28 4.314544
29 4.256468
30 4.216361
31 4.175273
32 4.13505
33 3.572357
34 4.005716
35 4.019535
36 3.977103
37 3.952463
38 3.92194
39 3.222271
40 3.877063
41 3.871788
42 3.808478
43 3.794091
44 3.779041
45 3.732345
46 2.847934
47 3.726437
48 3.713915
49 4.102812
50 4.128295
51 2.485424
52 2.371014
53 2.900718
54 3.431646
55 3.420624
56 3.341734
57 3.262973
58 3.163204
59 3.338271
60 2.994924
61 2.916448
62 4.893885
63 5.072008
64 5.275613
65 2.683644
66 2.788676
67 2.746041
68 5.292841
69 6.654809
70 6.106745
71 5.955557
72 5.877117
73 5.240314
74 5.192137
75 3.588445
76 5.126154
77 5.32601
78 5.444344
79 4.32775
80 6.552402
81 3.668054
82 3.668245
83 3.618859
84 6.269398
85 6.685274
86 8.58806
87 5.928788
88 7.582396
89 5.019951
90 4.890639
91 8.021759
92 4.667975
93 4.349735
94 4.495774
95 7.215381
96 7.455969
97 7.960568
98 7.166839
99 9.185358
100 10.250961
101 13.219917
102 9.05349
103 9.14109
104 12.231297
105 11.745384
106 11.457732
107 11.513274
108 12.352892
109 13.335797
110 13.383154
111 13.288048
112 13.181869
113 13.032913
114 12.599371
115 12.324417
116 13.829302
117 14.777482
118 14.316646
119 13.852442
120 13.525887
121 12.990404
122 12.512374
123 11.991847
124 11.492489
125 11.102443
126 10.601784
127 10.202978
128 12.846665
129 14.939777
130 15.922497
131 15.8244
132 15.449172
133 15.590659
134 15.19203
135 14.651423
136 14.423629
137 14.141558
138 13.47319
139 9.897309
140 9.40685
141 12.124817
142 11.636604
143 10.585925
144 10.387379
145 11.079132
146 11.832714
147 13.401403
148 14.859519
149 13.679363
150 11.700261
151 11.220075
152 12.523732
153 10.893196
154 10.432876
155 11.400683
156 11.026639
157 11.177754
158 6.474505
159 10.937512
160 7.55421
161 7.073836
162 9.820327
163 9.397605
164 8.984648
165 8.507381
166 8.041172
167 7.616336
168 7.189666
169 6.891978
170 6.585955
171 6.226822
172 5.869629
173 5.578159
174 3.844487
175 5.004336
176 4.824019
177 4.922895
178 5.114756
179 4.870252
180 1.785729
181 1.776278
182 2.650684
183 3.838646
184 4.063513
185 4.830514
186 4.8015
187 3.169851
188 5.395747
189 5.135699
190 5.412932
191 5.186804
192 4.844575
193 4.521765
194 3.111029
195 4.002629
196 3.850592
197 1.86242
198 4.092967
199 3.871653
200 2.521064
201 3.903936
202 3.817848
203 3.807083
204 4.10593
205 3.925272
206 1.693912
207 3.781122
208 1.794083
209 2.198605
210 3.892952
211 3.723135
212 3.154539
213 3.577852
214 3.289352
215 3.43165
216 1.951577
217 3.212654
218 1.660421
219 3.029355
220 3.566702
221 1.658356
222 1.655962
223 1.541274
224 1.430616
225 1.375192
226 2.046079
227 3.197941
228 3.006564
229 4.389671
230 4.291709
231 3.313483
232 3.176625
233 2.987941
234 2.822292
235 2.696751
236 2.558448
237 2.473095
238 4.174236
239 4.058603
240 3.215088
241 3.245285
242 3.069682
243 2.910277
244 2.805988
245 2.688443
246 2.543628
247 2.436487
248 2.261661
249 2.1765
250 2.10036
251 2.073716
252 1.943404
253 1.806162
254 1.70683
255 1.555406
256 1.544636
257 2.066102
258 1.970939
259 1.314339
260 2.881679
261 2.799541
262 2.637916
263 1.907672
264 1.772189
265 2.705155
266 2.604705
267 2.535602
268 3.296924
269 3.194132
270 1.400862
271 2.8925
272 2.70137
273 1.296618
274 3.083774
275 3.03536
276 3.085997
277 3.024118
278 4.198979
279 5.774676
280 7.152254
281 4.236996
282 3.971074
283 3.680722
284 3.407163
285 3.208225
286 3.053584
287 2.931166
288 2.883595
289 2.800648
290 2.697813
291 4.714565
292 2.748618
293 2.72969
294 2.62422
295 4.903991
296 2.780323
297 3.234614
298 5.080403
299 5.337974
300 4.456173
301 4.307602
302 4.663562
303 6.933383
304 7.829777
305 9.713432
306 7.161427
307 6.978243
308 6.723675
309 10.24369
310 5.986186
311 5.73452
312 9.344585
313 9.310346
314 5.522957
315 7.617202
316 7.61959
317 7.567544
318 7.501067
319 7.420506
320 8.356203
321 5.700044
322 8.073186
323 5.47409
324 3.786268
325 7.20922
326 3.487475
327 6.384316
328 6.582579
329 6.387705
330 6.424004
331 7.023376
332 7.252212
333 7.065341
334 7.306616
335 7.048897
336 7.292326
337 6.976817
338 6.763174
339 4.415444
340 6.459351
341 6.224914
342 2.62749
343 5.56948
344 5.924684
345 5.685687
346 5.602607
347 5.612175
348 5.6715
349 5.574186
350 5.457045
351 5.352644
352 5.248576
353 5.161291
354 5.067275
355 4.981123
356 4.889033
357 4.811259
358 4.741878
359 4.665053
360 4.585677
361 4.537511
362 4.470368
363 4.396512
364 4.178654
365 4.337173
366 4.295062
367 4.242385
368 4.18143
369 4.125061
370 4.08246
371 4.037098
372 3.970587
373 3.957562
374 3.925191
375 3.67593
376 3.83832
377 3.89796
378 3.622183
379 3.818586
380 3.769182
381 3.859067
382 5.246184
383 7.091121
384 6.58669
385 6.610592
386 6.601228
387 6.43532
388 6.24149
389 6.211991
390 6.114754
391 5.931484
392 6.417574
393 4.393413
394 6.29913
395 5.807993
396 5.755914
397 5.703619
398 5.659611
399 5.614137
400 5.823314
401 3.970146
402 5.662418
403 5.572933
404 5.654718
405 5.539511
406 5.77975
407 5.505495
408 5.418795
409 5.338669
410 4.950029
411 4.940533
412 4.856798
413 4.785841
414 4.70732
415 5.285854
416 5.874361
417 5.473788
418 5.704579
419 7.498808
420 7.52634
421 7.684241
422 8.016675
423 8.62666
424 7.454984
425 6.050537
426 6.127638
427 6.199566
428 6.2601
429 7.815655
430 4.94899
431 5.03945
432 6.566229
433 5.058283
434 6.571111
435 6.504498
436 7.400991
437 7.205717
438 6.26668
439 6.858441
440 6.038534
441 6.425687
442 5.943077
443 6.315013
444 4.27182
445 4.16683
446 5.595084
447 5.822731
448 5.797959
449 6.201482
450 5.770853
451 6.263063
452 5.640257
453 5.554467
454 6.048024
455 5.390453
456 5.31142
457 5.783539
458 5.65582
459 3.416143
460 5.012666
461 5.566342
462 4.920574
463 4.83361
464 4.705795
465 5.393618
466 5.333995
467 2.39484
468 4.953006
469 4.87021
470 4.81682
471 2.658173
472 5.20063
473 5.225212
474 5.316939
475 5.650712
476 6.265639
477 4.440069
478 3.151216
479 5.926365
480 4.155735
481 2.930624
482 4.022351
483 5.459835
484 5.323825
485 3.58157
486 6.438415
487 4.829756
488 6.205685
489 4.589757
490 3.321461
491 4.567073
492 5.869902
493 5.827989
494 5.843551
495 7.546254
496 6.591072
497 8.27613
498 5.477115
499 8.997495
500 8.548485
501 8.888674
502 8.643079
503 8.463901
504 8.228333
505 8.009525
506 5.617438
507 8.365
508 4.44791
509 4.564214
510 5.679965
511 4.326077
512 7.244996
513 5.903988
514 4.419273
515 4.718824
516 5.859445
517 7.847721
518 9.336986
519 7.230511
520 7.200954
521 9.499954
522 9.986558
523 14.425033
524 16.678717
525 16.959284
526 16.351063
527 16.656093
528 16.170793
529 13.355945
530 11.399148
531 12.482426
532 13.841208
533 19.773608
534 32.183906
535 36.506118
536 35.103554
537 32.645183
538 31.033163
539 29.747438
540 28.859553
541 27.559593
542 25.549451
543 23.584741
544 21.582808
545 19.620175
546 24.334936
547 23.521969
548 21.823698
549 20.954038
550 19.502158
551 18.119487
552 16.856857
553 15.759541
554 14.903629
555 13.848668
556 13.037036
557 12.431509
558 11.626082
559 11.758402
560 11.251067
561 10.645268
562 10.022557
563 9.53236
564 10.91451
565 16.621169
566 15.411661
567 14.566572
568 13.720773
569 13.268046
570 12.669022
571 11.48894
572 10.807311
573 10.953799
574 10.454129
575 6.072081
576 5.761273
577 6.670167
578 6.172043
579 4.063178
580 3.511297
581 7.864725
582 7.767032
583 8.845025
584 10.858136
585 8.786219
586 6.733011
587 9.308859
588 8.765877
589 7.000488
590 6.509856
591 3.188039
592 2.973456
593 2.767418
594 2.589102
595 2.885115
596 5.931955
597 5.989423
598 5.725689
599 5.437632
600 2.228132
601 4.720694
602 4.345681
603 1.849446
604 2.164515
605 3.417293
606 1.60881
607 2.854847
608 1.372266
609 1.29013
610 1.996378
611 1.715834
612 1.443071
613 1.022885
614 0.954676
615 0.898314
616 0.855487
617 0.792371
618 1.879971
619 0.797393
620 0.744138
621 0.6929
622 0.671289
623 0.623413
624 0.616674
625 0.596621
626 0.589295
627 0.59023
628 2.037673
629 0.58397
630 0.575076
631 1.797748
632 0.472592
633 2.046899
634 2.018571
635 0.853186
636 0.887813
637 0.822436
638 0.793605
639 1.754801
640 0.770458
641 0.732592
642 0.713929
643 2.013496
644 2.027079
645 0.735734
646 2.080716
647 0.751609
648 0.697705
649 1.238915
650 1.201895
651 1.162449
652 1.877403
653 1.096025
654 1.752317
655 1.903932
656 1.115871
657 1.039295
658 2.238308
659 2.167684
660 2.157115
661 2.528717
662 1.678732
663 1.607075
664 2.91073
665 1.402096
666 2.72559
667 2.888847
668 3.28895
669 3.781402
670 3.450945
671 3.190512
672 3.007534
673 3.105068
674 3.207673
675 3.258014
676 2.646299
677 2.560181
678 2.454748
679 2.366156
680 2.290493
681 2.226156
682 2.147291
683 2.060956
684 1.977766
685 3.785755
686 1.980253
687 2.033466
688 1.941847
689 3.822367
690 1.846584
691 2.17579
692 3.753276
693 1.842608
694 2.299536
695 1.72843
696 1.665999
697 1.573017
698 3.573957
699 4.473696
700 2.297351
701 2.20339
702 2.152828
703 4.214292
704 4.126842
705 2.873147
706 2.87783
707 1.8899
708 1.808037
709 2.800821
710 2.749968
711 1.76789
712 1.772959
713 4.014378
714 2.118133
715 5.067751
716 4.619285
717 2.431944
718 3.148245
719 3.173308
720 4.664053
721 4.591648
722 4.511219
723 4.580895
724 4.606341
725 4.359835
726 4.493414
727 3.564925
728 4.47722
729 3.458178
730 4.345934
731 4.287892
732 4.231897
733 4.893135
734 4.961242
735 6.126513
736 6.109205
737 6.134063
738 6.103564
739 5.983822
740 5.792435
741 4.660768
742 5.668763
743 4.613337
744 5.463132
745 4.63323
746 4.696641
747 5.294559
748 4.579848
749 5.1557
750 4.479995
751 5.022514
752 5.802576
753 5.850312
754 5.433991
755 5.387609
756 5.466466
757 5.404891
758 5.419004
759 4.82372
760 4.771287
761 5.174041
762 5.295683
763 5.096716
764 4.990197
765 4.647873
766 4.965018
767 5.112413
768 4.750517
769 4.919531
770 4.566941
771 4.791629
772 4.69015
773 4.388028
774 4.625961
775 4.229549
776 4.492505
777 4.1376
778 4.413133
779 4.524123
780 5.832692
781 5.118719
782 6.416959
783 8.302627
784 7.986047
785 7.403566
786 7.475189
787 7.426075
788 7.471037
789 7.48173
790 8.111974
791 8.945318
792 8.866528
793 8.848262
794 7.112131
795 7.201216
796 5.695728
797 7.96292
798 7.853065
799 9.260119
800 8.927545
801 6.414675
802 8.604364
803 4.6172
804 4.622841
805 6.790265
806 5.18447
807 4.947541
808 5.161052
809 6.571192
810 6.539368
811 5.004472
812 6.484907
813 8.004629
814 6.654472
815 7.037649
816 6.951197
817 8.283257
818 6.831103
819 5.302056
820 4.39622
821 4.24473
822 4.893987
823 3.874274
824 7.447274
825 7.224084
826 3.592619
827 3.521534
828 3.393551
829 3.257354
830 5.477399
831 6.593039
832 5.725946
833 4.524443
834 3.542793
835 7.101804
836 3.20986
837 3.038303
838 6.38057
839 4.944121
840 6.499993
841 5.030477
842 6.396857
843 6.214278
844 6.069707
845 4.480901
846 5.714277
847 5.450116
848 3.739294
849 5.396885
850 5.217247
851 7.199965
852 8.631251
853 6.030195
854 9.801827
855 5.447844
856 6.01844
857 8.574838
858 8.842226
859 5.216191
860 7.859758
861 7.63846
862 4.55706
863 7.334679
864 7.82664
865 4.087439
866 5.688119
867 7.056125
868 7.249358
869 3.711849
870 3.49992
871 4.831709
872 4.589852
873 5.851218
874 6.103283
875 2.728543
876 2.748656
877 3.862151
878 5.57423
879 5.549216
880 6.369375
881 6.108287
882 5.401979
883 5.831387
884 5.542776
885 5.28046
886 5.1307
887 5.091775
888 5.311184
889 5.80293
890 6.020339
891 5.743494
892 5.459953
893 5.151946
894 2.355392
895 4.843203
896 4.636097
897 7.152706
898 7.297412
899 5.811703
900 8.235636
901 7.780633
902 7.599941
903 7.439936
904 9.093559
905 10.487289
906 9.420168
907 8.148318
908 7.933012
909 7.676884
910 9.065764
911 8.92287
912 9.536449
913 6.132936
914 5.209782
915 6.016038
916 8.191419
917 7.522663
918 9.376302
919 9.635701
920 9.022643
921 10.738033
922 9.10238
923 8.91374
924 10.914301
925 9.943458
926 8.336063
927 9.587379
928 9.566988
929 8.458595
930 10.07878
931 10.25607
932 10.744043
933 12.209212
934 11.497331
935 12.334702
936 12.110691
937 12.93293
938 13.371092
939 10.626128
940 11.85575
941 10.143351
942 12.757859
943 10.94317
944 11.183979
945 10.793114
946 10.640504
947 10.676028
948 8.765411
949 8.339839
950 7.848097
951 8.816185
952 8.258183
953 7.847112
954 7.840335
955 7.745197
956 9.310185
957 8.863632
958 9.337852
959 9.010006
960 8.903627
961 8.919722
962 8.576057
963 6.836492
964 8.101387
965 7.707631
966 7.419077
967 7.061462
968 7.15146
969 6.32285
970 4.452171
971 5.641035
972 6.077156
973 5.437765
974 6.028272
975 2.334859
976 4.40456
977 2.600998
978 5.036896
979 3.632554
980 4.723385
981 4.423774
982 4.371677
983 2.925431
984 2.66512
985 2.392773
986 3.679425
987 1.950776
988 3.22884
989 3.451427
990 1.332953
991 3.242858
992 3.871892
993 1.338435
994 2.875461
995 3.534801
996 1.342689
997 2.745382
998 1.380175
999 1.304796
1000 2.189082
1001 3.249111
1002 1.18685
1003 1.13623
1004 1.612775
1005 2.879666
1006 2.821005
1007 2.692631
1008 2.515022
1009 2.36332
1010 2.209401
1011 2.320721
1012 0.721999
1013 0.736604
1014 0.720821
1015 2.147698
1016 0.856304
1017 1.122287
1018 2.076547
1019 1.995485
1020 0.968647
1021 1.853344
1022 0.935434
1023 1.727799
1024 0.882523
1025 1.600674
1026 2.14708
1027 0.889105
1028 1.685749
1029 2.201494
1030 1.129819
1031 1.157501
1032 1.102338
1033 1.09477
1034 2.560896
1035 1.165846
1036 1.346263
1037 1.305864
1038 1.286173
1039 2.806538
1040 2.195748
1041 1.518658
1042 1.48854
1043 1.435604
1044 1.400168
1045 1.394388
1046 1.346374
1047 1.299193
1048 2.181605
1049 1.170145
1050 1.222479
1051 1.219075
1052 1.225995
1053 1.214375
1054 1.14685
1055 1.264241
1056 1.217565
1057 1.226427
1058 1.20266
1059 2.755902
1060 1.15369
1061 2.6998
1062 1.113223
1063 2.642615
1064 1.168742
1065 1.237936
1066 2.82285
1067 2.771929
1068 3.594744
1069 1.743266
1070 1.712816
1071 1.685214
1072 3.393687
1073 3.291435
1074 2.865256
1075 2.865933
1076 2.91212
1077 2.900396
1078 1.552473
1079 3.28816
1080 2.84208
1081 2.836541
1082 3.225884
1083 3.197336
1084 1.435846
1085 3.176922
1086 3.099919
1087 3.090276
1088 3.120152
1089 2.996786
1090 2.984383
1091 1.427017
1092 3.125503
1093 2.903963
1094 2.882963
1095 2.881284
1096 2.932339
1097 2.930415
1098 4.050082
1099 3.551161
1100 4.431633
1101 5.332111
1102 5.33791
1103 5.343422
1104 4.51455
1105 2.983955
1106 5.185752
1107 4.637444
1108 4.889292
1109 4.735059
1110 4.591775
1111 4.734379
1112 4.654792
1113 4.59404
1114 4.526367
1115 4.45851
1116 4.274715
1117 4.305262
1118 4.324284
1119 4.369969
1120 4.35688
1121 4.272563
1122 4.258961
1123 4.218662
1124 4.135519
1125 4.129028
1126 4.062845
1127 4.200337
1128 4.846829
1129 4.634508
1130 4.566787
1131 4.532761
1132 4.484695
1133 4.439118
1134 4.380237
1135 4.346932
1136 4.442261
1137 4.836118
1138 6.047914
1139 5.694878
1140 5.840059
1141 5.905744
1142 6.116143
1143 6.569118
1144 6.924387
1145 6.748329
1146 6.560103
1147 6.401536
1148 6.239578
1149 6.131643
1150 6.033368
1151 6.18824
1152 6.04112
1153 6.392034
1154 7.469037
1155 7.268704
1156 7.226165
1157 7.231087
1158 7.212507
1159 7.058104
1160 6.832921
1161 6.97661
1162 6.721978
1163 4.717268
1164 5.938959
1165 4.501853
1166 7.462024
1167 4.375982
1168 5.891935
1169 5.800324
1170 7.255043
1171 7.095055
1172 7.311914
1173 8.58416
1174 8.462102
1175 8.318273
1176 8.742891
1177 8.981939
1178 9.380509
1179 9.046474
1180 8.862409
1181 8.667538
1182 6.516118
1183 7.998962
1184 7.807812
1185 15.498848
1186 23.475426
1187 19.2048
1188 17.296988
1189 16.394389
1190 16.631898
1191 16.688017
1192 20.20282
1193 20.940166
1194 21.655035
1195 21.01682
1196 17.901529
1197 22.263353
1198 21.341564
1199 22.148054
1200 21.974958
1201 28.530335
1202 29.464142
1203 27.705026
1204 27.558038
1205 26.177717
1206 25.371261
1207 25.427087
1208 24.217282
1209 22.47419
1210 21.689375
1211 20.649304
1212 20.742008
1213 19.731748
1214 18.630246
1215 17.59311
1216 16.829899
1217 16.432236
1218 17.226585
1219 17.394381
1220 16.713056
1221 15.914195
1222 15.941898
1223 18.162453
1224 16.309948
1225 15.485747
1226 14.632278
1227 15.08585
1228 14.316183
1229 13.731136
1230 12.963227
1231 12.558091
1232 12.204792
1233 11.499216
1234 10.883931
1235 10.564884
1236 8.625836
1237 9.377255
1238 8.970788
1239 8.843309
1240 10.757163
1241 10.678819
1242 10.140494
1243 9.604141
1244 11.55396
1245 11.483721
1246 9.650946
1247 11.755107
1248 7.977172
1249 9.072334
1250 8.783216
1251 9.66645
1252 8.17101
1253 7.835889
1254 8.68477
1255 8.287963
1256 8.411221
1257 8.722052
1258 12.646964
1259 11.225082
1260 12.245936
1261 11.663467
1262 10.312239
1263 10.450903
1264 10.918742
1265 16.600226
1266 18.330596
1267 18.611434
1268 16.482979
1269 16.770893
1270 15.948023
1271 16.443954
1272 15.60581
1273 15.500043
1274 21.832743
1275 27.832021
1276 26.135827
1277 25.245643
1278 25.172457
1279 23.873503
1280 19.514424
1281 24.785445
1282 23.570693
1283 23.390078
1284 18.456421
1285 20.856763
1286 16.762166
1287 17.369614
1288 14.737016
1289 15.151265
1290 14.050721
1291 11.415581
1292 10.470385
1293 9.423107
1294 11.303099
1295 10.686745
1296 11.648747
1297 11.324048
1298 11.543746
1299 7.230776
1300 9.399898
1301 8.573384
1302 8.922578
1303 8.368117
1304 6.467943
1305 7.290296
1306 5.153576
1307 6.119676
1308 5.540484
1309 4.983133
1310 5.546381
1311 5.542705
1312 7.398586
1313 7.557559
1314 7.864824
1315 8.146391
1316 7.806716
1317 6.732523
1318 6.301436
1319 5.898416
1320 6.277645
1321 6.117413
1322 3.628439
1323 6.163151
1324 6.045939
1325 4.883171
1326 5.977078
1327 5.713806
1328 5.48296
1329 5.388744
1330 5.282112
1331 6.058165
1332 5.721685
1333 4.036316
1334 5.481939
1335 5.320122
1336 3.913265
1337 2.351887
1338 4.794033
1339 2.95002
1340 1.797943
1341 2.381211
1342 2.114331
1343 3.355709
1344 3.088675
1345 1.234855
1346 1.175678
1347 1.095081
1348 1.027896
1349 2.058845
1350 2.961043
1351 2.84896
1352 2.824675
1353 5.877119
1354 6.313326
1355 5.140245
1356 5.005546
1357 5.495821
1358 3.19169
1359 2.345884
1360 2.132981
1361 4.319105
1362 4.164993
1363 4.313435
1364 4.224282
1365 2.432612
1366 3.799064
1367 3.786069
1368 2.167184
1369 1.754671
1370 3.835727
1371 3.799933
1372 4.03364
1373 4.453579
1374 6.860826
1375 4.090634
1376 3.963374
1377 3.793941
1378 3.5652
1379 3.308939
1380 3.062058
1381 2.863003
1382 2.699077
1383 2.565216
1384 4.91869
1385 4.934257
1386 3.812944
1387 4.337402
1388 4.217583
1389 4.038669
1390 3.840643
1391 3.597057
1392 3.332566
1393 3.348915
1394 4.758521
1395 5.582829
1396 2.957623
1397 3.381212
1398 2.680498
1399 2.582053
1400 2.463035
1401 2.3546
1402 2.25654
1403 2.147016
1404 2.050096
1405 1.955503
1406 1.866196
1407 1.789137
1408 4.347917
1409 5.586222
1410 7.549173
1411 7.781935
1412 8.200637
1413 6.413369
1414 7.581561
1415 6.399472
1416 6.383774
1417 6.823882
1418 4.72042
1419 3.262086
1420 6.139708
1421 6.332744
1422 4.42985
1423 5.84156
1424 5.939733
1425 5.606872
1426 5.669877
1427 5.5095
1428 5.351607
1429 2.282345
1430 5.252727
1431 5.132794
1432 4.984261
1433 4.868993
1434 4.740786
1435 4.552193
1436 4.664506
1437 4.668117
1438 4.750252
1439 2.952969
1440 4.387979
1441 4.503739
1442 4.177509
1443 4.068589
1444 4.249722
1445 3.844426
1446 3.765595
1447 3.990438
1448 3.577234
1449 3.84739
1450 1.357834
1451 1.85685
1452 3.724006
1453 1.70576
1454 3.647158
1455 3.598743
1456 3.011258
1457 3.532867
1458 1.32849
1459 2.803179
1460 3.422932
1461 3.392563
1462 3.259648
1463 3.090695
1464 3.456871
1465 3.42963
1466 3.313831
1467 3.385428
1468 3.345965
1469 3.218263
1470 3.313796
1471 3.308928
1472 3.245248
1473 3.205695
1474 3.304534
1475 3.266419
1476 3.291408
1477 3.337048
1478 3.855458
1479 2.656842
1480 2.627108
1481 3.856431
1482 3.907268
1483 5.123949
1484 5.286331
1485 2.71456
1486 2.749284
1487 2.699935
1488 2.857551
1489 2.757339
1490 2.678146
1491 2.607337
1492 3.760584
1493 5.256626
1494 3.776534
1495 5.234881
1496 3.951921
1497 3.222574
1498 3.223663
1499 4.137345
1500 4.073045
1501 6.955496
1502 7.027902
1503 8.213737
1504 6.306588
1505 6.224129
1506 5.930886
1507 6.544588
1508 5.42312
1509 5.285183
1510 5.164598
1511 5.023199
1512 4.866579
1513 5.380338
1514 5.372361
1515 5.367549
1516 4.374642
1517 7.1376
1518 5.59909
1519 5.68451
1520 7.266035
1521 7.543497
1522 7.371713
1523 7.193124
1524 6.958782
1525 6.966738
1526 6.932667
1527 6.789709
1528 6.216418
1529 6.606511
1530 6.600102
1531 6.440977
1532 6.367428
1533 6.802582
1534 7.300141
1535 6.754183
1536 6.579155
1537 6.487463
1538 6.348271
1539 6.23457
1540 6.090495
1541 5.881724
1542 5.748588
1543 5.620159
1544 5.432369
1545 4.942007
1546 4.776088
1547 5.114775
1548 2.956053
1549 2.154174
1550 4.854214
1551 4.65202
1552 4.508187
1553 4.414927
1554 6.548084
1555 6.998682
1556 5.167003
1557 7.697348
1558 7.518595
1559 9.494773
1560 12.982154
1561 12.820138
1562 10.739877
1563 10.978305
1564 9.46828
1565 10.988565
1566 9.848017
1567 8.291453
1568 11.493519
1569 10.081638
1570 11.050271
1571 11.190427
1572 12.392533
1573 19.078736
1574 26.293293
1575 26.338531
1576 24.048586
1577 18.197674
1578 18.430039
1579 18.587256
1580 17.667049
1581 22.67847
1582 21.032677
1583 20.314815
1584 19.130148
1585 18.06799
1586 17.08822
1587 19.22743
1588 18.38772
1589 17.765625
1590 16.977777
1591 16.1331
1592 15.315624
1593 13.468678
1594 12.966405
1595 13.778849
1596 13.000112
1597 17.56328
1598 19.822643
1599 19.412419
1600 19.428447
1601 21.651528
1602 20.741961
1603 20.321314
1604 19.250935
1605 15.713129
1606 18.744994
1607 17.876569
1608 16.903923
1609 15.308579
1610 15.004834
1611 14.070904
1612 13.320853
1613 13.752394
1614 14.284959
1615 13.416211
1616 13.488625
1617 13.185297
1618 14.270864
1619 14.502983
1620 14.135225
1621 14.146759
1622 14.262722
1623 14.52575
1624 14.51629
1625 13.936628
1626 16.25062
1627 14.674852
1628 14.822761
1629 13.73973
1630 13.442537
1631 12.69065
1632 12.049204
1633 11.406337
1634 11.208815
1635 11.493615
1636 10.942718
1637 10.633876
1638 9.937636
1639 9.337776
1640 7.319489
1641 9.334902
1642 9.361792
1643 10.30558
1644 9.633651
1645 9.288368
1646 8.947681
1647 7.101117
1648 5.192993
1649 7.826873
1650 4.353942
1651 5.603202
1652 6.674161
1653 4.657587
1654 2.704085
1655 5.362397
1656 5.963829
1657 5.677243
1658 5.88104
1659 7.419235
1660 7.282696
1661 7.705606
1662 9.205057
1663 8.604063
1664 10.018645
1665 7.02878
1666 9.949645
1667 8.317884
1668 7.019151
1669 8.31451
1670 6.48499
1671 8.576116
1672 7.577127
1673 5.482007
1674 5.121064
1675 7.894612
1676 4.656944
1677 4.602839
1678 7.72899
1679 7.336212
1680 4.430329
1681 7.734515
1682 5.979191
1683 7.366053
1684 7.232237
1685 3.785035
1686 4.113345
1687 5.35114
1688 6.624229
1689 4.896423
1690 6.167776
1691 6.154333
1692 6.235182
1693 4.412017
1694 5.79698
1695 5.467605
1696 6.22648
1697 6.572073
1698 7.115977
1699 6.087219
1700 3.251228
1701 3.06122
1702 3.798009
1703 5.12608
1704 3.35647
1705 4.610062
1706 2.794076
1707 4.696219
1708 2.28947
1709 1.756285
1710 3.353967
1711 1.556495
1712 1.535358
1713 1.405319
1714 2.712798
1715 2.480305
1716 1.171743
1717 1.125838
1718 1.074266
1719 1.855187
1720 0.963275
1721 2.840535
1722 1.297809
1723 0.767405
1724 1.11381
1725 0.996227
1726 2.360092
1727 0.685941
1728 0.639877
1729 2.192834
1730 2.231913
1731 2.878626
1732 1.614741
1733 1.662507
1734 3.532735
1735 2.897433
1736 2.99617
1737 3.207905
1738 3.975016
1739 1.896162
1740 3.648832
1741 2.945194
1742 3.425266
1743 2.781026
1744 1.517793
1745 3.175031
1746 1.371471
1747 2.485664
1748 3.019701
1749 2.387134
1750 1.657721
1751 2.578785
1752 2.530162
1753 1.478217
1754 3.065
1755 1.396558
1756 1.322317
1757 1.265518
1758 2.792483
1759 1.178911
1760 1.993531
1761 1.073052
1762 1.025083
1763 1.096324
1764 1.738262
1765 0.988884
1766 0.945026
1767 0.889068
1768 0.871596
1769 0.853968
1770 0.828655
1771 0.812262
1772 0.783959
1773 2.026428
1774 1.986136
1775 0.830564
1776 0.917359
1777 1.285172
1778 0.864982
1779 0.819819
1780 0.804652
1781 0.793065
1782 1.196155
1783 0.785285
1784 0.763252
1785 0.762132
1786 1.903545
1787 1.995561
1788 1.667472
1789 1.664753
1790 1.71427
1791 1.70197
1792 1.693163
1793 1.625654
1794 1.549113
1795 1.686589
1796 2.808852
1797 2.718428
1798 3.119601
1799 1.846704
1800 1.943017
1801 2.135411
1802 3.451169
1803 2.179938
1804 2.059086
1805 2.440716
1806 2.048245
1807 2.472442
1808 2.478608
1809 2.518012
1810 1.810738
1811 1.803074
1812 1.755813
1813 3.388436
1814 1.683097
1815 1.696169
1816 1.649709
1817 2.692555
1818 1.558286
1819 2.738241
1820 1.534792
1821 1.486787
1822 2.738808
1823 2.733098
1824 2.677494
1825 2.719159
1826 3.163632
1827 2.756933
1828 3.456837
1829 1.493208
1830 3.423903
1831 1.595498
1832 2.944627
1833 2.932506
1834 3.303576
1835 3.309469
1836 1.927647
1837 3.051607
1838 3.153452
1839 3.127575
1840 3.137352
1841 3.117121
1842 1.614809
1843 3.408601
1844 3.39798
1845 3.19063
1846 3.374752
1847 3.236484
1848 3.2209
1849 1.662368
1850 3.163833
1851 3.135919
1852 3.109022
1853 3.07942
1854 3.181455
1855 3.01037
1856 3.148986
1857 3.098572
1858 3.056308
1859 3.02853
1860 3.015525
1861 2.971762
1862 3.070331
1863 1.376507
1864 3.032584
1865 2.818164
1866 2.679755
1867 2.780664
1868 3.299462
1869 2.902283
1870 3.349255
1871 1.711645
1872 4.18554
1873 3.857437
1874 3.583386
1875 3.593111
1876 3.505816
1877 3.825087
1878 4.842211
1879 6.101833
1880 5.648335
1881 6.926799
1882 7.59483
1883 7.089136
1884 5.182458
1885 4.894068
1886 4.693992
1887 4.583951
1888 4.389967
1889 4.235919
1890 4.09234
1891 3.945252
1892 4.310775
1893 5.749539
1894 3.460737
1895 3.454064
1896 3.30817
1897 3.168554
1898 5.715061
1899 5.643856
1900 5.539225
1901 4.213802
1902 5.514311
1903 5.355719
1904 5.332803
1905 5.711764
1906 5.773778
1907 5.75265
1908 5.64523
1909 5.472324
1910 5.454647
1911 5.497292
1912 5.386532
1913 4.010937
1914 5.069394
1915 5.04787
1916 4.961834
1917 4.853421
1918 4.567891
1919 4.564677
1920 3.09516
1921 4.258287
1922 4.24882
1923 4.090677
1924 4.695829
1925 4.697339
1926 4.650396
1927 4.467845
1928 4.435938
1929 4.454756
1930 4.337155
1931 4.229899
1932 3.874006
1933 3.787834
1934 3.857763
1935 3.874426
1936 5.482295
1937 6.934481
1938 7.966934
1939 8.083965
1940 8.149433
1941 6.667061
1942 6.630936
1943 8.036054
1944 6.378584
1945 7.590086
1946 4.963285
1947 4.9343
1948 4.276184
1949 4.711683
1950 3.842405
1951 3.604829
1952 4.202308
1953 5.602666
1954 5.704359
1955 3.008245
1956 3.157959
1957 5.973743
1958 6.081974
1959 3.671379
1960 3.516511
1961 3.35407
1962 5.996571
1963 5.693449
1964 9.66225
1965 19.63882
1966 19.711871
1967 17.740145
1968 18.615169
1969 17.544144
1970 13.615516
1971 12.942772
1972 18.348783
1973 17.750983
1974 15.618059
1975 19.431935
1976 18.601135
1977 19.435975
1978 22.133629
1979 43.736871
1980 53.52179
1981 52.442118
1982 54.275696
1983 52.677674
1984 54.337741
1985 52.533014
1986 49.146167
1987 45.355195
1988 41.519614
1989 38.261841
1990 35.721866
1991 42.414299
1992 44.07538
1993 42.643269
1994 40.241823
1995 36.815293
1996 33.670241
1997 30.944043
1998 31.76526
1999 28.996244
2000 26.442603
2001 30.109024
2002 29.194221
2003 27.920476
2004 26.043144
2005 24.246014
2006 23.207991
2007 21.954633
2008 20.344904
2009 18.898124
2010 19.80089
2011 20.327559
2012 19.067192
2013 18.075562
2014 17.127889
2015 16.058422
2016 15.092265
2017 15.535912
2018 18.404203
2019 17.031664
2020 16.282826
2021 15.209141
2022 14.131515
2023 13.106395
2024 5.980405
2025 6.513206
2026 10.399788
2027 6.745991
2028 5.98266
2029 6.758546
2030 4.469331
2031 6.799625
2032 7.543198
2033 7.843325
2034 7.64389
2035 5.888141
2036 6.896626
2037 6.725912
2038 6.583564
2039 6.42403
2040 4.609061
2041 2.744806
2042 6.223804
2043 5.900497
2044 8.351407
2045 6.763965
2046 7.834117
2047 4.314847
2048 3.853566
2049 3.428266
2050 6.064919
2051 4.199675
2052 4.157065
2053 2.675894
2054 5.997865
2055 5.981177
2056 4.208288
2057 4.034546
2058 3.812097
2059 5.067092
2060 6.345348
2061 6.136138
2062 4.406605
2063 5.855855
2064 5.556129
2065 4.327215
2066 5.712632
2067 3.947518
2068 5.196669
2069 4.93519
2070 3.11185
2071 5.036629
2072 2.638178
2073 2.503993
2074 2.306532
2075 2.655816
2076 3.951721
2077 1.883805
2078 3.565974
2079 4.222516
2080 4.205645
2081 3.349701
2082 6.858124
2083 3.665704
2084 3.997017
2085 3.720814
2086 3.440149
2087 3.207979
2088 5.823457
2089 2.982582
2090 5.960067
2091 5.87796
2092 5.709601
2093 4.623657
2094 4.636216
2095 4.542219
2096 4.423418
2097 3.955825
2098 4.197856
2099 3.479125
2100 6.343451
2101 5.187169
2102 4.99296
2103 5.016721
2104 5.828881
2105 2.804884
2106 2.785659
2107 3.457495
2108 3.343329
2109 3.171484
2110 2.289892
2111 4.301193
2112 4.095566
2113 3.888719
2114 3.67845
2115 2.028049
2116 4.097031
2117 3.329559
2118 1.612874
2119 2.942221
2120 1.350113
2121 2.595312
2122 3.374347
2123 2.588715
2124 3.493051
2125 3.403694
2126 1.195638
2127 1.142605
2128 1.088246
2129 1.936048
2130 1.035936
2131 2.928085
2132 0.971375
2133 0.961986
2134 0.906771
2135 0.872652
2136 2.64471
2137 1.351089
2138 3.914464
2139 1.706235
2140 2.059154
2141 2.176223
2142 3.794509
2143 2.298055
2144 1.914636
2145 3.931079
2146 3.76995
2147 2.025366
2148 1.982711
2149 4.022972
2150 1.856971
2151 1.830358
2152 2.410775
2153 2.387723
2154 2.352177
2155 3.802278
2156 2.275917
2157 2.253816
2158 3.620843
2159 3.514191
2160 2.305669
2161 3.704132
2162 1.692731
2163 3.756988
2164 3.684413
2165 1.577857
2166 1.547591
2167 3.479921
2168 1.462454
2169 3.494424
2170 3.306231
2171 3.282066
2172 2.653201
2173 3.48439
2174 3.31889
2175 3.433252
2176 3.230071
2177 3.392197
2178 3.293208
2179 3.061305
2180 3.32959
2181 3.096062
2182 3.437591
2183 3.287351
2184 3.298093
2185 3.36194
2186 3.321835
2187 1.1616
2188 1.153641
2189 1.137118
2190 1.106822
2191 1.146509
2192 1.137332
2193 1.133491
2194 1.124655
2195 1.119654
2196 1.113912
2197 1.114863
2198 1.104976
2199 1.101059
2200 1.09532
2201 1.09355
2202 1.092871
2203 1.091284
2204 1.72593
2205 1.068349
2206 1.199855
2207 1.234352
2208 1.239561
2209 1.237425
2210 1.239223
2211 1.238031
2212 1.234488
2213 1.229821
2214 1.223249
2215 1.218159
2216 1.208524
2217 1.202292
2218 1.158195
2219 1.515994
2220 3.000626
2221 1.993734
2222 2.733263
2223 2.625086
2224 4.097262
2225 4.802735
2226 4.28719
2227 4.63934
2228 4.305508
2229 4.51102
2230 4.258576
2231 4.634096
2232 7.090475
2233 6.915919
2234 6.832887
2235 6.763535
2236 6.719108
2237 6.48501
2238 6.415183
2239 6.273472
2240 6.129868
2241 6.020973
2242 5.940964
2243 5.818102
2244 5.670797
2245 5.619556
2246 5.447277
2247 6.729997
2248 7.361509
2249 6.933546
2250 6.888663
2251 6.814173
2252 7.48147
2253 8.53564
2254 7.090543
2255 9.466283
2256 8.278404
2257 9.605293
2258 9.325683
2259 9.013816
2260 8.777791
2261 8.964005
2262 8.83426
2263 10.166884
2264 10.320437
2265 12.569305
2266 12.962864
2267 13.691215
2268 13.730519
2269 12.960031
2270 12.195695
2271 11.68436
2272 11.303737
2273 11.012359
2274 10.675939
2275 10.325513
2276 10.063025
2277 9.794424
2278 9.56041
2279 9.308704
2280 9.086709
2281 8.802093
2282 8.817521
2283 8.790817
2284 8.439868
2285 8.245122
2286 7.992704
2287 8.508406
2288 8.951245
2289 8.813101
2290 9.421039
2291 11.928409
2292 11.613602
2293 13.519324
2294 13.405348
2295 13.117207
2296 12.777745
2297 12.470248
2298 12.315505
2299 12.143546
2300 11.803871
2301 11.64974
2302 13.017247
2303 13.417604
2304 12.845698
2305 12.710215
2306 12.305252
2307 11.941527
2308 10.732622
2309 10.373599
2310 10.460867
2311 10.058714
2312 9.548218
2313 9.393672
2314 9.137557
2315 7.747516
2316 9.834449
2317 10.684423
2318 10.761777
2319 8.896968
2320 11.271428
2321 10.73821
2322 10.281882
2323 9.622586
2324 7.96471
2325 10.725692
2326 11.354778
2327 10.098781
2328 9.601743
2329 6.046778
2330 5.600938
2331 8.96924
2332 8.672372
2333 12.490816
2334 11.957456
2335 13.028735
2336 11.527135
2337 12.732733
2338 11.566527
2339 11.296291
2340 11.487243
2341 10.917023
2342 10.453019
2343 10.421555
2344 12.090551
2345 12.405238
2346 12.088368
2347 11.903637
2348 14.358913
2349 13.733125
2350 13.364701
2351 12.950499
2352 12.284078
2353 11.668706
2354 14.611788
2355 19.476313
2356 18.855134
2357 23.985341
2358 23.378276
2359 25.179121
2360 19.215405
2361 21.068587
2362 20.037784
2363 19.433624
2364 18.912876
2365 18.220374
2366 17.104627
2367 21.822612
2368 20.159016
2369 19.300625
2370 18.030795
2371 16.799786
2372 15.115269
2373 9.643725
2374 13.629874
2375 12.724259
2376 8.653629
2377 10.733967
2378 10.371124
2379 9.654869
2380 9.026359
2381 8.573456
2382 6.659682
2383 7.458452
2384 6.768297
2385 6.546702
2386 5.518407
2387 4.885701
2388 5.529378
2389 5.207651
2390 6.340585
2391 5.926086
2392 5.829916
2393 5.698754
2394 5.545861
2395 5.334273
2396 5.258293
2397 2.348725
2398 2.200261
2399 3.421531
2400 4.568569
2401 4.416484
2402 4.059854
2403 4.202594
2404 3.993433
2405 7.622107
2406 15.574733
2407 13.995646
2408 14.215348
2409 11.506695
2410 11.327926
2411 9.565947
2412 7.109384
2413 6.715164
2414 7.419068
2415 7.230889
2416 5.66438
2417 5.518434
2418 9.023463
2419 4.863194
2420 4.892645
2421 6.98523
2422 5.364408
2423 5.185614
2424 7.528144
2425 7.183069
2426 6.043674
2427 6.926861
2428 6.556053
2429 10.81414
2430 9.888228
2431 6.79316
2432 8.143171
2433 6.459658
2434 4.989987
2435 5.896682
2436 7.133871
2437 6.745961
2438 3.672839
2439 4.582738
2440 6.921268
2441 6.570618
2442 8.054603
2443 9.81534
2444 8.416212
2445 10.145429
2446 8.471107
2447 6.19306
2448 8.341108
2449 8.158694
2450 9.624058
2451 9.30242
2452 10.498721
2453 10.735804
2454 12.55196
2455 10.56336
2456 13.166348
2457 13.580006
2458 17.208839
2459 14.984777
2460 13.830457
2461 14.012689
2462 15.559822
2463 13.963459
2464 13.839728
2465 13.628675
2466 10.272295
2467 11.413923
2468 9.52041
2469 7.731269
2470 6.518889
2471 6.024253
2472 9.623794
2473 10.79868
2474 10.292661
2475 5.931936
2476 6.982091
2477 9.396756
2478 4.012707
2479 4.645131
2480 3.626352
2481 3.381738
2482 6.345202
2483 7.614144
2484 7.298868
2485 7.010056
2486 6.723771
2487 9.284631
2488 10.709741
2489 7.918561
2490 7.966891
2491 9.291771
2492 10.115263
2493 9.644733
2494 9.165229
2495 6.600196
2496 6.257495
2497 3.705462
2498 4.033188
2499 3.381144
2500 3.225857
2501 3.069364
2502 2.92517
2503 2.774944
2504 2.654104
2505 2.531579
2506 2.411198
2507 2.292836
2508 4.327061
2509 3.057787
2510 2.480134
2511 2.389356
2512 2.30451
2513 5.810758
2514 3.900104
2515 6.214514
2516 5.994035
2517 5.808777
2518 5.667162
2519 5.630969
2520 7.73994
2521 7.418412
2522 7.449851
2523 7.639374
2524 7.455626
2525 7.41564
2526 7.947661
2527 7.72101
2528 7.521646
2529 7.395119
2530 7.291149
2531 8.038936
2532 7.87962
2533 7.693232
2534 7.633271
2535 7.539932
2536 7.39977
2537 7.236523
2538 6.218813
2539 8.254035
2540 8.270484
2541 8.182411
2542 5.262978
2543 8.193172
2544 4.097414
2545 3.941675
2546 3.788857
2547 7.44667
2548 5.015438
2549 3.862992
2550 3.731642
2551 6.547811
2552 3.518887
2553 3.418239
2554 3.32011
2555 6.955885
2556 6.103244
2557 4.463561
2558 4.359259
2559 4.228299
2560 6.296982
2561 5.504601
2562 5.372126
2563 5.244102
2564 5.113593
2565 5.754154
2566 5.803242
2567 4.700104
2568 5.53053
2569 5.433972
2570 5.325944
2571 5.306602
2572 5.313048
2573 5.224802
2574 5.393926
2575 5.30044
2576 5.223639
2577 5.1684
2578 5.107364
2579 5.15861
2580 5.124327
2581 5.079987
2582 5.039884
2583 4.976878
2584 4.683479
2585 4.824098
2586 4.757738
2587 4.472159
2588 3.428918
2589 4.825622
2590 4.689078
2591 4.583521
2592 4.488036
2593 4.610468
2594 4.572046
2595 4.532652
2596 4.495592
2597 5.269114
2598 5.817635
2599 4.651203
2600 4.610366
2601 5.692643
2602 6.005747
2603 6.180619
2604 4.689189
2605 6.095566
2606 6.324289
2607 8.269811
2608 10.337233
2609 10.434217
2610 10.559645
2611 10.303625
2612 9.977463
2613 9.735409
2614 8.360707
2615 8.343947
2616 9.28059
2617 8.859901
2618 7.804741
2619 9.085049
2620 8.843433
2621 8.70121
2622 8.533703
2623 9.018519
2624 11.795468
2625 11.813101
2626 11.864935
2627 11.828045
2628 11.501838
2629 10.553799
2630 10.681204
2631 10.453023
2632 10.212982
2633 9.947788
2634 9.812333
2635 9.882421
2636 8.936168
2637 8.935314
2638 9.689384
2639 9.550969
2640 9.279068
2641 9.065953
2642 8.846304
2643 8.637008
2644 8.581097
2645 8.408922
2646 8.155867
2647 7.959623
2648 7.891554
2649 8.408486
2650 8.196083
2651 8.033924
2652 7.892619
2653 7.774924
2654 9.191233
2655 11.652983
2656 12.593179
2657 12.41551
2658 12.19483
2659 12.09871
2660 11.532459
2661 11.259091
2662 11.120152
2663 10.73967
2664 10.376957
2665 10.906039
2666 11.314757
2667 11.129388
2668 11.80177
2669 11.892811
2670 11.609641
2671 10.488776
2672 10.599584
2673 11.504935
2674 12.542748
2675 14.229663
2676 13.937846
2677 13.616145
2678 12.333042
2679 14.342919
2680 13.986315
2681 13.536921
2682 13.168306
2683 10.533707
2684 12.407874
2685 10.138473
2686 13.243859
2687 12.687105
2688 13.919987
2689 15.059853
2690 14.719307
2691 14.442093
2692 13.127106
2693 12.961536
2694 12.772577
2695 12.454768
2696 12.04587
2697 8.855459
2698 11.255017
2699 10.819876
2700 10.306038
2701 9.832477
2702 11.544245
2703 11.008321
2704 10.495324
2705 10.53644
2706 11.009738
2707 10.421478
2708 8.136034
2709 9.477637
2710 9.543423
2711 14.592158
2712 20.456555
2713 17.508031
2714 17.725537
2715 16.124601
2716 17.460656
2717 17.077943
2718 14.464781
2719 15.141191
2720 17.334222
2721 13.347872
2722 13.467838
2723 13.113208
2724 15.39558
2725 13.595097
2726 13.944754
2727 13.141134
2728 12.57984
2729 12.005816
2730 11.484522
2731 10.748417
2732 10.062209
2733 9.542268
2734 10.130327
2735 9.466406
2736 8.898747
2737 8.397932
2738 7.95249
2739 7.534905
2740 7.034046
2741 3.485642
2742 6.045954
2743 5.917818
2744 5.844914
2745 5.657416
2746 1.956238
2747 1.907883
2748 4.083115
2749 4.847849
2750 4.64032
2751 4.373139
2752 2.581684
2753 2.224894
2754 3.408751
2755 1.145871
2756 3.425383
2757 3.234511
2758 3.360776
2759 2.573654
2760 1.897708
2761 1.695327
2762 3.827775
2763 3.914239
2764 3.978633
2765 3.954975
2766 3.978438
2767 2.437375
2768 3.70887
2769 1.933844
2770 1.423045
2771 3.305083
2772 3.259993
2773 1.763998
2774 1.652143
2775 1.557493
2776 1.44726
2777 2.644995
2778 2.449829
2779 2.915113
2780 2.833274
2781 2.874047
2782 1.615008
2783 2.510753
2784 3.198785
2785 1.355834
2786 2.312812
2787 1.639881
2788 2.178064
2789 3.104549
2790 3.393853
2791 5.494384
2792 3.291711
2793 3.199246
2794 2.680042
2795 2.477315
2796 2.838276
2797 2.048404
2798 1.876506
2799 1.733546
2800 3.291173
2801 3.219631
2802 2.842318
2803 3.05013
2804 2.463226
2805 2.764894
2806 2.632368
2807 2.480762
2808 3.547613
2809 1.689994
2810 1.586146
2811 1.563598
2812 1.440652
2813 1.326781
2814 1.212535
2815 1.184998
2816 1.128207
2817 2.331224
2818 2.342689
2819 2.086029
2820 1.757513
2821 1.67448
2822 1.55951
2823 1.455492
2824 1.905719
2825 1.333805
2826 1.277725
2827 2.556204
2828 2.616372
2829 3.338189
2830 3.184517
2831 3.179254
2832 3.852969
2833 4.034501
2834 5.517657
2835 4.242896
2836 3.97956
2837 4.216019
2838 3.442521
2839 3.237009
2840 4.150432
2841 2.893314
2842 2.751661
2843 2.693809
2844 2.585331
2845 2.457822
2846 2.354273
2847 2.38617
2848 2.464682
2849 2.320271
2850 2.179396
2851 2.074038
2852 2.374238
2853 3.922112
2854 4.016316
2855 2.324151
2856 2.2902
2857 2.208454
2858 2.209965
2859 2.136156
2860 2.059524
2861 1.954144
2862 1.861755
2863 1.768486
2864 1.67507
2865 1.586264
2866 1.587405
2867 1.567042
2868 1.507542
2869 1.44996
2870 3.431305
2871 1.424275
2872 1.754793
2873 1.691202
2874 1.641362
2875 1.591545
2876 1.551824
2877 1.516747
2878 3.475997
2879 1.550676
2880 3.695659
2881 1.559982
2882 1.602478
2883 2.155806
2884 1.529034
2885 1.487759
2886 1.45727
2887 1.413528
2888 3.326883
2889 3.28023
2890 1.318474
2891 1.805307
2892 1.218375
2893 1.202813
2894 1.773245
2895 1.182101
2896 1.688511
2897 1.141217
2898 1.124684
2899 1.104633
2900 1.088
2901 1.480354
2902 1.399076
2903 1.405229
2904 1.368445
2905 1.089906
2906 1.074494
2907 2.803047
2908 2.852052
2909 3.827581
2910 1.908131
2911 1.868564
2912 1.841882
2913 1.812466
2914 1.796582
2915 1.719675
2916 1.802237
2917 1.782262
2918 1.768425
2919 1.756332
2920 1.732242
2921 1.485447
2922 1.644255
2923 1.443822
2924 1.58079
2925 3.068439
2926 1.368375
2927 1.579037
2928 3.204294
2929 3.26034
2930 2.999747
2931 2.973912
2932 2.950603
2933 2.926611
2934 2.890645
2935 2.889946
2936 2.869809
2937 3.025567
2938 2.834397
2939 2.818075
2940 2.806254
2941 2.787729
2942 2.770287
2943 2.753764
2944 2.920151
2945 2.723841
2946 2.707595
2947 2.687715
2948 2.88814
2949 2.649837
2950 2.76946
2951 2.882104
2952 2.750267
2953 2.916802
2954 2.926191
2955 2.712449
2956 2.957635
2957 3.067383
2958 2.770391
2959 2.742415
2960 3.026657
2961 2.712557
2962 2.96919
2963 3.006291
2964 2.836574
2965 3.041989
2966 2.769947
2967 2.999859
2968 2.720463
2969 2.982903
2970 2.662209
2971 2.96698
2972 2.948331
2973 3.381637
2974 3.923933
2975 3.620902
2976 2.65614
2977 3.606209
2978 3.620922
2979 3.606275
2980 3.583128
2981 3.546532
2982 3.471543
2983 3.454808
2984 3.398933
2985 3.143061
2986 3.489909
2987 3.475037
2988 3.459885
2989 3.307034
2990 3.438153
2991 3.423792
2992 3.4043
2993 3.37064
2994 3.408822
2995 4.562717
2996 3.988087
2997 3.928601
2998 3.851276
2999 3.707906
3000 3.860847
3001 4.056324
3002 4.060274
3003 4.091526
3004 4.040449
3005 3.886164
3006 3.828769
3007 3.719674
3008 3.926546
3009 5.002121
3010 4.886071
3011 4.871556
3012 4.874356
3013 3.421279
3014 4.702438
3015 4.599693
3016 3.885377
3017 5.104342
3018 5.011944
3019 4.932981
3020 5.181877
3021 6.379584
3022 5.716566
3023 5.538968
3024 5.313321
3025 5.266203
3026 5.16597
3027 3.790328
3028 4.597361
3029 4.503261
3030 4.491522
3031 4.889178
3032 4.264146
3033 4.99769
3034 4.191806
3035 4.916134
3036 3.911749
3037 4.606475
3038 4.469114
3039 3.448532
3040 4.117186
3041 3.922321
3042 5.563061
3043 4.34149
3044 4.33481
3045 6.828257
3046 6.517251
3047 8.38346
3048 5.784043
3049 9.219341
3050 6.899207
3051 10.626053
3052 7.852698
3053 9.44197
3054 9.450464
3055 10.181535
3056 9.943372
3057 9.489554
3058 8.995577
3059 8.702167
3060 12.673097
3061 7.977059
3062 8.045984
3063 7.440911
3064 6.928909
3065 6.548576
3066 6.097803
3067 6.948523
3068 9.623251
3069 9.054658
3070 7.557693
3071 8.386124
3072 5.874547
3073 8.167762
3074 7.783647
3075 7.32158
3076 6.171184
3077 5.905298
3078 6.51493
3079 6.156649
3080 6.26442
3081 6.351003
3082 5.018222
3083 6.12634
3084 5.863893
3085 5.584022
3086 5.358873
3087 5.075493
3088 4.935081
3089 4.693038
3090 3.82521
3091 3.510973
3092 3.398204
3093 3.089153
3094 3.977673
3095 3.767251
3096 3.485226
3097 3.756293
3098 1.536542
3099 3.853972
3100 3.771707
3101 4.3667
3102 4.136548
3103 3.863641
3104 3.567562
3105 3.94429
3106 3.857894
3107 3.972018
3108 4.411704
3109 4.534102
3110 2.590386
3111 4.72432
3112 2.755318
3113 2.979576
3114 2.754083
3115 2.529241
3116 4.376333
3117 5.147991
3118 4.456685
3119 3.717183
3120 3.46318
3121 3.342913
3122 5.401929
3123 3.054783
3124 3.206729
3125 2.949865
3126 2.800639
3127 2.605224
3128 2.422349
3129 2.250768
3130 2.658783
3131 1.887438
3132 2.25235
3133 2.023035
3134 3.223432
3135 1.661004
3136 1.542244
3137 2.144201
3138 3.105773
3139 1.430517
3140 1.375007
3141 1.292244
3142 1.644346
3143 1.146433
3144 1.077936
3145 1.233294
3146 0.892478
3147 1.096455
3148 1.027053
3149 0.766271
3150 0.870202
3151 0.639006
3152 0.61813
3153 0.727402
3154 0.564937
3155 0.551356
3156 0.490798
3157 0.566072
3158 0.456187
3159 0.425434
3160 0.412828
3161 0.940548
3162 0.495184
3163 0.49174
3164 0.419864
3165 0.403571
3166 0.360122
3167 0.364011
3168 0.348876
3169 0.700687
3170 0.316021
3171 0.316808
3172 0.662927
3173 0.2904
3174 0.2645
3175 0.518642
3176 0.495754
3177 0.5027
3178 1.652054
3179 1.968571
3180 1.970478
3181 2.071972
3182 2.234021
3183 2.108186
3184 1.887967
3185 2.117951
3186 1.543383
3187 1.5448
3188 1.490071
3189 1.398634
3190 1.314761
3191 1.24657
3192 1.19401
3193 1.145851
3194 1.11866
3195 1.067198
3196 0.998264
3197 0.945911
3198 0.893553
3199 0.85531
3200 0.810469
3201 1.296214
3202 1.267306
3203 0.677067
3204 1.09259
3205 1.035749
3206 0.574601
3207 1.123897
3208 0.70534
3209 0.92314
3210 0.854343
3211 0.778034
3212 0.738101
3213 0.71197
3214 0.676812
3215 0.664381
3216 0.584435
3217 0.564489
3218 0.950633
3219 0.684246
3220 0.801876
3221 0.73745
3222 0.691968
3223 0.679841
3224 1.159889
3225 0.701328
3226 1.155328
3227 1.223028
3228 3.225165
3229 7.227281
3230 12.313886
3231 9.884542
3232 8.687729
3233 7.494798
3234 6.860335
3235 6.616223
3236 7.97777
3237 6.163707
3238 5.879063
3239 5.51965
3240 5.165006
3241 4.809681
3242 7.104541
3243 7.104574
3244 4.856165
3245 4.473613
3246 4.174799
3247 6.811922
3248 7.798626
3249 8.726018
3250 8.010328
3251 7.945918
3252 7.481608
3253 6.855016
3254 6.357957
3255 6.019914
3256 5.719354
3257 5.42358
3258 8.999345
3259 8.884868
3260 7.410288
3261 5.894722
3262 8.206002
3263 7.917555
3264 7.654381
3265 8.985329
3266 9.855376
3267 11.844994
3268 12.145336
3269 11.834749
3270 11.333129
3271 8.852864
3272 10.589279
3273 10.207863
3274 8.518124
3275 9.567804
3276 9.277918
3277 9.013573
3278 7.702101
3279 8.445226
3280 8.202185
3281 7.947981
3282 7.70196
3283 7.660665
3284 7.859909
3285 7.549883
3286 7.313412
3287 7.121743
3288 6.887264
3289 5.565912
3290 6.601926
3291 2.434801
3292 6.309121
3293 6.137347
3294 5.97277
3295 5.817635
3296 5.674349
3297 5.537964
3298 5.429749
3299 5.310648
3300 5.19224
3301 5.065798
3302 4.968742
3303 4.68284
3304 4.926103
3305 4.796612
3306 4.279417
3307 2.600785
3308 4.54435
3309 4.451053
3310 4.240859
3311 4.365801
3312 4.279571
3313 3.977335
3314 3.455063
3315 3.303206
3316 4.105854
3317 4.046753
3318 3.992485
3319 3.920059
3320 3.705633
3321 4.028858
3322 3.959547
3323 3.517428
3324 2.909041
3325 3.970198
3326 3.90701
3327 3.861112
3328 3.792527
3329 3.730918
3330 3.631554
3331 1.991737
3332 3.410327
3333 3.318667
3334 1.695758
3335 3.501453
3336 3.502726
3337 3.403671
3338 3.857212
3339 4.001939
3340 4.902772
3341 5.853506
3342 5.773922
3343 5.671577
3344 6.122423
3345 6.311501
3346 7.303272
3347 7.147728
3348 7.441917
3349 7.518633
3350 7.505578
3351 9.604857
3352 12.359261
3353 12.247976
3354 11.114832
3355 9.859923
3356 10.076772
3357 10.230684
3358 10.503717
3359 11.338305
3360 11.190782
3361 9.477084
3362 10.791975
3363 10.376351
3364 10.519101
3365 10.494973
3366 8.391945
3367 9.815098
3368 9.600001
3369 9.318558
3370 9.078657
3371 9.199743
3372 10.241587
3373 12.315709
3374 11.658379
3375 12.368019
3376 7.337394
3377 8.967999
3378 8.986588
3379 11.347588
3380 5.963727
3381 6.795513
3382 10.177284
3383 9.300397
3384 9.027735
3385 4.585859
3386 6.924776
3387 4.107454
3388 6.415451
3389 7.895732
3390 7.670463
3391 7.455607
3392 7.195578
3393 6.954999
3394 6.961997
3395 7.550902
3396 7.457218
3397 7.141499
3398 7.655369
3399 8.410747
3400 8.295558
3401 8.024636
3402 8.059525
3403 5.239549
3404 8.050873
3405 7.749698
3406 7.541158
3407 5.681317
3408 6.935471
3409 6.899308
3410 6.75081
3411 6.664204
3412 6.483043
3413 6.170413
3414 6.005702
3415 5.868281
3416 6.533597
3417 7.022984
3418 7.592098
3419 7.786014
3420 7.72165
3421 8.180568
3422 5.418839
3423 9.04667
3424 8.804513
3425 9.18294
3426 10.734916
3427 10.34514
3428 10.172718
3429 19.807543
3430 25.68186
3431 37.048155
3432 37.034226
3433 33.973941
3434 31.286532
3435 32.494772
3436 33.705415
3437 33.932109
3438 36.962559
3439 36.631753
3440 35.052806
3441 33.06832
3442 30.782737
3443 28.445114
3444 26.219425
3445 24.114836
3446 21.981003
3447 25.921304
3448 25.078329
3449 26.723847
3450 28.314908
3451 28.657849
3452 27.84119
3453 26.982336
3454 25.853576
3455 25.907941
3456 20.456784
3457 22.745454
3458 24.515405
3459 23.249862
3460 22.813645
3461 21.760374
3462 20.850676
3463 21.115056
3464 20.038928
3465 18.797384
3466 17.849248
3467 17.05536
3468 15.963016
3469 14.888005
3470 14.011853
3471 13.121546
3472 16.484765
3473 15.789895
3474 17.921027
3475 17.831625
3476 13.072019
3477 16.537532
3478 13.748707
3479 15.648176
3480 14.788208
3481 9.787035
3482 8.83824
3483 12.480141
3484 11.738894
3485 8.696374
3486 11.644483
3487 10.81252
3488 10.731304
3489 10.162313
3490 4.8549
3491 7.242218
3492 9.419471
3493 8.866653
3494 8.433346
3495 7.977684
3496 7.043514
3497 7.105814
3498 6.791864
3499 8.234913
3500 7.978302
3501 7.642719
3502 7.386886
3503 9.392786
3504 10.495362
3505 8.80759
3506 5.538409
3507 9.704604
3508 4.956785
3509 4.614724
3510 4.344759
3511 6.2702
3512 6.097802
3513 5.778084
3514 3.602697
3515 7.332539
3516 7.020339
3517 7.105675
3518 4.67827
3519 4.489037
3520 5.688876
3521 6.236942
3522 4.962525
3523 5.628465
3524 2.301663
3525 5.758542
3526 5.848914
3527 4.539424
3528 4.892622
3529 6.240083
3530 6.08079
3531 5.909689
3532 6.270059
3533 5.68954
3534 3.854826
3535 3.551369
3536 2.155575
3537 2.148566
3538 2.081644
3539 1.961248
3540 2.565751
3541 3.859235
3542 2.072787
3543 3.34064
3544 3.099466
3545 3.730804
3546 1.713483
3547 1.60909
3548 1.48313
3549 1.39052
3550 3.572938
3551 2.284933
3552 1.167903
3553 1.103739
3554 1.031976
3555 1.477742
3556 2.760368
3557 0.88429
3558 0.8369
3559 2.383791
3560 2.418774
3561 2.356789
3562 0.86356
3563 1.06991
3564 1.00635
3565 2.536927
3566 2.492796
3567 2.472244
3568 2.461054
3569 1.413427
3570 2.296369
3571 2.892842
3572 2.10038
3573 1.118577
3574 1.959951
3575 2.529676
3576 1.019805
3577 0.998061
3578 2.457439
3579 2.328199
3580 1.90614
3581 1.8295
3582 2.416744
3583 2.759808
3584 4.10744
3585 3.915873
3586 3.848699
3587 2.682556
3588 2.736795
3589 3.81226
3590 2.056941
3591 2.899816
3592 3.850083
3593 2.44813
3594 3.392464
3595 2.522983
3596 2.748287
3597 2.628514
3598 2.51993
3599 2.403559
3600 2.296231
3601 2.219664
3602 2.148901
3603 2.120448
3604 2.037303
3605 1.960007
3606 1.892096
3607 3.526756
3608 1.90829
3609 3.875386
3610 2.147882
3611 2.340056
3612 2.286948
3613 2.193823
3614 2.135096
3615 2.075402
3616 2.003545
3617 4.013088
3618 3.943181
3619 2.640507
3620 2.672252
3621 2.561671
3622 2.525002
3623 2.485228
3624 3.058289
3625 2.355583
3626 4.57015
3627 4.783135
3628 5.418911
3629 7.507338
3630 7.046691
3631 7.195685
3632 8.112553
3633 4.970183
3634 4.757648
3635 4.590304
3636 5.847383
3637 4.292405
3638 7.301682
3639 3.97465
3640 3.835465
3641 6.873493
3642 3.557343
3643 5.96486
3644 4.416353
3645 5.919521
3646 5.889348
3647 5.8834
3648 5.810196
3649 5.745503
3650 5.731888
3651 5.583639
3652 5.720951
3653 5.593748
3654 5.911542
3655 6.619065
3656 6.414807
3657 6.140577
3658 5.953825
3659 6.452741
3660 6.363418
3661 6.211982
3662 6.062701
3663 5.923982
3664 5.791799
3665 7.92798
3666 7.821692
3667 7.635638
3668 7.59513
3669 7.526387
3670 7.400152
3671 7.197879
3672 7.096053
3673 6.893041
3674 6.385632
3675 6.95975
3676 6.875574
3677 6.729444
3678 6.586865
3679 6.446344
3680 6.320851
3681 6.204151
3682 6.085867
3683 5.981177
3684 5.856078
3685 5.76407
3686 5.668526
3687 5.636433
3688 5.942614
3689 7.230275
3690 9.182662
3691 8.744246
3692 8.814717
3693 8.958218
3694 8.749447
3695 8.58035
3696 8.617183
3697 9.348032
3698 9.833367
3699 9.909455
3700 9.848904
3701 9.703688
3702 9.515641
3703 9.259893
3704 9.604367
3705 9.504451
3706 9.371757
3707 8.062408
3708 6.476625
3709 7.895137
3710 8.679952
3711 6.220032
3712 6.312502
3713 7.734863
3714 7.595662
3715 5.92429
3716 8.075513
3717 7.930176
3718 7.788579
3719 7.704746
3720 7.5712
3721 7.395644
3722 7.081394
3723 6.668694
3724 6.562513
3725 4.855194
3726 6.240699
3727 6.891688
3728 6.952492
3729 6.465931
3730 4.834903
3731 6.953943
3732 6.712174
3733 8.10801
3734 8.113092
3735 7.937129
3736 7.780103
3737 7.579835
3738 7.440166
3739 7.293884
3740 7.10901
3741 6.901168
3742 7.421463
3743 7.53252
3744 7.098248
3745 6.929003
3746 6.707684
3747 6.928202
3748 6.803483
3749 6.799259
3750 5.823283
3751 5.653796
3752 7.024138
3753 6.842929
3754 7.374256
3755 5.691578
3756 5.577493
3757 6.8857
3758 7.216705
3759 6.463658
3760 6.251638
3761 6.608767
3762 3.096027
3763 5.843478
3764 4.162606
3765 2.864432
3766 2.808311
3767 5.529251
3768 5.402533
3769 2.672409
3770 5.254981
3771 3.549041
3772 2.408315
3773 3.18092
3774 2.21799
3775 4.933925
3776 2.759464
3777 4.833692
3778 4.666914
3779 2.488457
3780 4.996344
3781 4.865875
3782 4.853924
3783 3.445061
3784 6.647235
3785 6.843784
3786 5.141211
3787 4.674872
3788 5.266123
3789 5.240163
3790 7.226968
3791 7.377132
3792 7.68788
3793 8.748303
3794 7.688934
3795 5.134659
3796 5.939502
3797 7.367122
3798 7.238114
3799 5.51316
3800 4.198903
3801 7.110675
3802 3.852592
3803 3.729877
3804 3.482823
3805 4.755995
3806 4.493637
3807 5.578057
3808 5.589914
3809 6.108016
3810 6.008201
3811 5.643607
3812 5.316611
3813 5.059239
3814 5.058749
3815 5.119064
3816 5.122614
3817 3.856812
3818 2.40048
3819 2.319152
3820 2.245699
3821 3.167231
3822 4.339169
3823 4.196192
3824 2.467879
3825 1.639599
3826 3.642157
3827 3.164706
3828 3.309408
3829 1.863283
3830 3.385995
3831 1.741567
3832 3.794392
3833 1.506148
3834 1.576007
3835 1.37245
3836 3.125969
3837 3.065455
3838 2.597027
3839 1.251487
3840 1.201045
3841 1.124486
3842 1.070629
3843 1.634105
3844 0.934687
3845 2.276146
3846 1.252397
3847 1.215019
3848 0.811094
3849 0.755374
3850 0.956624
3851 0.629522
3852 1.7214
3853 1.640888
3854 1.858364
3855 1.294318
3856 2.504348
3857 2.416232
3858 2.595595
3859 1.94328
3860 2.619648
3861 2.384466
3862 2.222892
3863 2.133102
3864 1.989417
3865 1.893753
3866 1.729941
3867 2.512316
3868 1.473087
3869 1.53979
3870 1.447198
3871 1.350662
3872 1.260202
3873 1.171194
3874 1.096234
3875 1.862496
3876 1.138702
3877 1.237846
3878 1.076788
3879 1.022709
3880 0.937029
3881 1.6125
3882 1.449921
3883 1.194177
3884 1.226233
3885 1.128964
3886 0.997383
3887 0.880424
3888 0.817132
3889 0.77604
3890 1.262923
3891 0.709554
3892 0.757134
3893 0.712381
3894 0.654058
3895 0.588974
3896 0.550788
3897 0.553782
3898 0.505339
3899 0.472742
3900 0.441428
3901 0.813861
3902 0.380278
3903 0.345902
3904 0.324633
3905 0.337605
3906 0.654714
3907 0.329944
3908 0.287558
3909 0.275755
3910 0.277162
3911 0.247923
3912 0.259388
3913 0.433173
3914 0.253012
3915 0.297866
3916 0.464868
3917 0.291199
3918 0.285673
3919 0.419638
3920 0.322316
3921 0.483836
3922 0.813974
3923 0.474784
3924 0.504105
3925 0.593822
3926 0.794906
3927 0.55056
3928 0.691863
3929 0.648526
3930 0.617426
3931 0.465569
3932 0.50017
3933 0.468716
3934 0.453447
3935 0.436922
3936 0.537478
3937 0.489545
3938 0.370502
3939 0.364623
3940 0.400584
3941 0.37775
3942 0.356303
3943 0.369355
3944 0.374218
3945 0.340455
3946 0.40383
3947 0.305238
3948 0.318423
3949 0.329616
3950 0.337316
3951 0.331115
3952 0.318705
3953 0.396938
3954 0.298273
3955 0.38904
3956 0.275049
3957 0.29323
3958 0.275744
3959 0.283883
3960 0.273775
3961 0.350834
3962 0.474162
3963 0.935461
3964 1.083665
3965 0.843477
3966 0.863451
3967 0.851118
3968 0.999528
3969 0.843944
3970 1.035335
3971 0.99206
3972 1.251373
3973 1.507993
3974 1.366388
3975 1.292155
3976 1.278689
3977 1.280394
3978 1.250513
3979 1.443249
3980 1.193158
3981 1.135896
3982 1.031134
3983 1.383914
3984 1.81105
3985 1.985425
3986 2.079116
3987 1.657684
3988 1.66231
3989 1.660853
3990 1.513718
3991 1.564775
3992 1.497074
3993 1.42516
3994 1.366122
3995 1.192011
3996 1.264394
3997 1.188656
3998 1.185875
3999 1.142484
4000 1.630992
4001 1.036027
4002 1.133627
4003 1.124456
4004 1.083999
4005 1.041742
4006 1.005828
4007 0.975314
4008 0.945971
4009 0.921845
4010 1.673318
4011 0.898783
4012 1.634986
4013 0.838688
4014 0.811289
4015 1.57956
4016 0.80028
4017 1.748908
4018 1.633276
4019 2.286708
4020 3.658578
4021 3.873489
4022 2.757501
4023 2.796742
4024 2.825148
4025 2.443341
4026 2.28941
4027 2.160235
4028 2.04026
4029 2.86468
4030 1.881653
4031 1.819808
4032 2.873877
4033 1.728095
4034 1.678804
4035 2.856025
4036 2.826022
4037 2.771716
4038 1.556708
4039 2.930269
4040 1.601284
4041 2.845727
4042 1.503032
4043 1.525103
4044 2.734792
4045 2.675384
4046 3.482811
4047 3.981627
4048 4.141176
4049 4.194917
4050 4.225465
4051 4.318034
4052 2.888477
4053 2.953597
4054 2.334026
4055 4.020722
4056 2.151381
4057 3.869567
4058 3.769465
4059 3.038186
4060 1.944963
4061 3.680327
4062 3.633102
4063 3.751255
4064 3.376134
4065 3.270568
4066 4.032618
4067 3.925355
4068 3.851478
4069 3.787508
4070 3.715638
4071 3.646401
4072 3.574331
4073 3.498662
4074 3.453034
4075 3.377366
4076 3.325032
4077 3.281229
4078 3.344547
4079 3.220185
4080 3.211645
4081 3.146264
4082 3.050874
4083 3.361585
4084 4.062684
4085 7.883553
4086 8.122967
4087 7.981301
4088 7.638564
4089 8.043695
4090 6.185629
4091 8.081341
4092 7.832939
4093 6.96499
4094 7.075927
4095 7.143703
4096 7.913751
4097 4.612193
4098 7.230389
4099 7.371959
4100 7.203678
4101 7.143858
4102 6.984512
4103 6.767476
4104 6.547274
4105 6.418427
4106 6.214305
4107 6.080247
4108 6.098331
4109 5.966617
4110 7.229404
4111 8.872636
4112 8.399095
4113 8.191997
4114 8.85428
4115 12.039478
4116 11.175391
4117 8.989155
4118 10.855455
4119 8.944813
4120 10.833699
4121 9.279981
4122 10.376325
4123 9.997998
4124 9.317289
4125 12.166713
4126 9.39262
4127 9.376155
4128 11.025082
4129 7.336859
4130 8.8026
4131 7.006445
4132 6.630492
4133 6.611617
4134 7.778589
4135 8.26294
4136 7.841735
4137 7.871569
4138 11.246245
4139 10.846073
4140 10.846691
4141 10.447279
4142 8.62811
4143 9.418119
4144 9.064144
4145 8.654085
4146 8.216468
4147 8.460851
4148 8.48925
4149 9.406299
4150 9.96165
4151 10.279776
4152 10.515961
4153 10.549318
4154 10.808537
4155 9.272915
4156 10.709896
4157 9.077971
4158 8.725976
4159 8.453825
4160 9.426685
4161 8.985022
4162 10.397454
4163 11.947743
4164 11.465726
4165 9.669678
4166 11.087678
4167 10.495763
4168 10.601328
4169 9.204345
4170 5.75794
4171 8.38509
4172 4.901304
4173 7.511695
4174 8.211558
4175 5.490394
4176 3.778398
4177 7.342368
4178 4.839825
4179 6.996343
4180 6.875831
4181 7.37274
4182 7.047094
4183 6.007054
4184 4.126573
4185 6.373933
4186 6.053049
4187 2.692787
4188 4.878597
4189 5.72101
4190 4.485061
4191 2.578292
4192 5.202315
4193 4.981617
4194 6.236299
4195 7.012219
4196 5.639648
4197 3.959323
4198 5.221402
4199 3.398035
4200 4.682751
4201 4.489622
4202 2.840643
4203 2.684634
4204 2.546334
4205 2.407207
4206 3.13568
4207 2.130019
4208 4.511098
4209 4.347912
4210 5.237415
4211 5.424479
4212 3.683881
4213 3.293699
4214 3.279814
4215 3.016876
4216 2.803406
4217 4.872756
4218 4.160989
4219 3.5152
4220 4.940208
4221 3.072028
4222 2.919407
4223 4.656008
4224 5.173643
4225 5.291136
4226 5.361465
4227 3.7309
4228 3.446713
4229 2.794702
4230 4.541579
4231 2.81384
4232 2.690279
4233 2.449155
4234 4.648448
4235 4.386785
4236 2.819557
4237 2.626231
4238 4.423144
4239 2.232715
4240 2.138504
4241 2.003049
4242 3.662284
4243 1.766745
4244 1.671299
4245 1.547534
4246 3.263885
4247 3.010179
4248 1.445158
4249 1.42342
4250 2.737098
4251 1.197622
4252 2.832837
4253 3.350153
4254 6.007843
4255 7.781611
4256 6.626564
4257 6.599491
4258 5.517467
4259 5.1246
4260 4.741994
4261 4.398136
4262 4.13987
4263 6.424844
4264 6.408071
4265 5.988162
4266 4.41908
4267 4.239217
4268 3.652448
4269 3.45371
4270 5.785625
4271 5.800906
4272 7.735078
4273 12.467803
4274 11.917068
4275 7.966005
4276 10.862854
4277 7.792821
4278 6.277402
4279 5.687948
4280 6.17093
4281 8.796757
4282 8.561728
4283 8.543605
4284 6.502427
4285 6.485695
4286 8.27037
4287 5.920681
4288 4.276713
4289 7.316149
4290 6.994806
4291 6.826642
4292 6.624026
4293 6.293713
4294 6.074992
4295 6.494151
4296 4.804776
4297 6.126824
4298 5.976092
4299 4.03015
4300 5.448344
4301 2.429323
4302 2.719826
4303 2.605718
4304 2.441921
4305 3.823429
4306 5.207672
4307 5.337604
4308 6.69517
4309 3.269825
4310 6.67588
4311 6.478762
4312 5.244597
4313 5.62889
4314 4.154522
4315 4.014129
4316 3.965943
4317 4.043524
4318 3.703662
4319 3.532761
4320 3.612256
4321 3.215609
4322 3.059036
4323 2.937201
4324 2.802639
4325 2.687324
4326 2.80985
4327 2.644826
4328 2.519347
4329 2.236494
4330 5.129682
4331 4.987999
4332 2.567092
4333 2.901831
4334 2.623619
4335 2.75491
4336 2.652584
4337 2.494984
4338 2.398922
4339 2.284659
4340 2.180605
4341 2.082506
4342 1.993425
4343 1.914584
4344 1.837361
4345 1.770879
4346 1.709898
4347 4.358927
4348 4.445538
4349 5.562586
4350 7.334211
4351 4.635389
4352 4.225539
4353 4.065411
4354 3.970126
4355 3.755144
4356 6.972255
4357 6.806517
4358 4.94123
4359 6.578176
4360 6.497887
4361 6.786627
4362 6.598554
4363 6.373202
4364 6.34805
4365 6.221258
4366 6.108278
4367 5.978472
4368 5.849877
4369 5.676657
4370 5.59784
4371 5.474839
4372 5.437231
4373 7.191013
4374 6.720414
4375 7.805191
4376 6.944861
4377 6.967793
4378 7.406875
4379 7.200842
4380 7.016708
4381 6.841671
4382 6.757031
4383 3.955664
4384 6.960089
4385 6.876666
4386 6.755967
4387 7.363275
4388 7.969755
4389 7.726251
4390 7.608494
4391 3.869011
4392 7.389919
4393 7.220889
4394 7.090318
4395 6.967197
4396 6.742503
4397 6.501985
4398 6.584807
4399 6.681993
4400 6.542613
4401 6.393048
4402 6.302468
4403 6.086529
4404 5.830899
4405 6.07773
4406 5.956405
4407 5.826497
4408 5.717442
4409 5.628775
4410 5.481464
4411 5.394591
4412 5.182157
4413 5.267706
4414 5.187942
4415 5.116544
4416 5.024549
4417 4.952105
4418 4.883388
4419 4.819133
4420 4.673501
4421 4.739976
4422 3.468989
4423 4.619543
4424 4.566172
4425 4.338833
4426 4.466457
4427 4.463541
4428 4.436894
4429 4.382103
4430 4.318264
4431 4.301328
4432 4.12518
4433 4.397529
4434 4.268605
4435 4.795379
4436 4.473861
4437 3.960594
4438 4.077971
4439 5.052017
4440 5.198265
4441 5.193542
4442 5.076787
4443 6.027602
4444 5.752201
4445 5.819252
4446 5.770389
4447 5.712798
4448 5.613711
4449 5.587415
4450 5.502093
4451 6.52072
4452 7.444919
4453 9.610096
4454 14.00107
4455 13.097054
4456 13.324017
4457 12.90781
4458 12.415885
4459 12.207029
4460 12.099118
4461 11.938467
4462 11.740125
4463 13.029373
4464 14.960154
4465 14.412245
4466 14.73426
4467 12.228626
4468 10.691995
4469 12.211374
4470 11.143426
4471 13.187158
4472 12.864076
4473 15.179093
4474 17.040829
4475 18.682329
4476 17.629451
4477 20.403524
4478 19.419573
4479 16.711577
4480 19.913179
4481 19.918648
4482 21.131071
4483 20.585624
4484 19.829037
4485 21.755845
4486 21.069627
4487 20.230718
4488 18.485235
4489 18.377889
4490 17.023081
4491 16.384253
4492 15.732664
4493 14.947537
4494 14.149439
4495 13.735212
4496 14.267106
4497 14.477532
4498 15.873302
4499 17.499425
4500 17.075996
4501 16.377702
4502 15.541442
4503 14.984664
4504 14.358389
4505 13.586503
4506 12.993532
4507 11.713937
4508 12.224448
4509 11.6898
4510 11.122845
4511 10.606047
4512 10.050953
4513 7.612918
4514 8.929611
4515 8.435311
4516 8.822533
4517 8.531249
4518 8.020082
4519 8.802641
4520 5.975731
4521 6.974689
4522 6.454099
4523 7.490264
4524 5.539903
4525 6.902508
4526 6.545393
4527 6.090906
4528 6.652667
4529 4.210586
4530 6.212468
4531 5.866465
4532 5.696858
4533 5.428716
4534 5.203985
4535 5.346375
4536 5.92978
4537 7.006245
4538 6.129421
4539 9.284369
4540 9.050816
4541 4.976506
4542 7.223042
4543 6.901785
4544 7.576108
4545 6.208318
4546 5.854061
4547 5.512269
4548 6.290495
4549 3.306212
4550 5.690027
4551 5.387285
4552 2.634587
4553 4.191782
4554 5.312668
4555 4.290567
4556 5.685473
4557 5.29581
4558 3.818953
4559 4.855687
4560 2.055991
4561 1.935262
4562 2.719703
4563 1.69837
4564 1.613847
4565 3.529082
4566 3.406745
4567 4.132893
4568 3.723645
4569 2.12475
4570 1.960839
4571 2.970711
4572 3.636941
4573 1.672632
4574 1.623951
4575 1.51189
4576 1.434615
4577 1.319839
4578 1.286448
4579 1.478055
4580 1.367287
4581 1.252452
4582 0.978854
4583 0.937642
4584 0.866149
4585 0.817885
4586 0.764159
4587 0.730544
4588 0.80906
4589 1.651919
4590 0.756623
4591 0.910032
4592 0.880662
4593 0.847997
4594 0.808708
4595 0.775194
4596 0.717416
4597 0.677805
4598 1.490448
4599 1.880997
4600 2.462875
4601 2.421759
4602 4.041785
4603 4.003991
4604 3.273859
4605 4.32176
4606 2.898649
4607 4.349444
4608 4.431762
4609 6.283165
4610 4.87856
4611 4.755871
4612 6.090963
4613 9.609731
4614 21.968747
4615 19.214562
4616 19.339087
4617 23.78684
4618 28.430405
4619 23.550212
4620 26.430277
4621 29.952129
4622 33.526397
4623 27.111981
4624 29.362428
4625 27.707226
4626 26.920577
4627 24.685562
4628 22.50989
4629 20.390085
4630 18.376869
4631 22.475607
4632 21.094043
4633 20.432716
4634 18.793377
4635 17.336682
4636 14.697016
4637 15.823178
4638 16.814926
4639 10.443624
4640 14.002222
4641 12.996925
4642 13.151458
4643 12.381693
4644 11.538802
4645 10.818297
4646 10.136182
4647 10.325132
4648 10.409871
4649 9.682786
4650 9.107945
4651 9.033877
4652 7.119432
4653 8.018887
4654 7.981442
4655 7.566988
4656 7.662227
4657 8.837431
4658 9.573876
4659 10.008878
4660 9.549492
4661 9.235491
4662 8.931582
4663 8.493737
4664 4.263512
4665 3.524915
4666 5.147943
4667 6.380836
4668 7.218284
4669 7.046157
4670 7.142075
4671 6.0398
4672 8.081545
4673 8.873545
4674 7.994042
4675 8.211319
4676 11.046693
4677 6.382943
4678 7.863505
4679 4.903378
4680 8.921322
4681 8.691109
4682 4.191972
4683 5.240043
4684 4.955299
4685 7.733478
4686 4.383054
4687 3.190691
4688 5.378322
4689 5.108069
4690 6.482361
4691 2.515129
4692 2.364977
4693 5.635846
4694 3.908488
4695 2.01526
4696 5.010305
4697 5.153274
4698 1.732996
4699 4.867738
4700 1.577816
4701 1.504828
4702 3.701188
4703 2.008076
4704 3.399602
4705 4.11312
4706 4.024657
4707 2.923095
4708 1.152757
4709 1.130725
4710 1.1147
4711 3.769815
4712 1.295616
4713 1.279402
4714 2.41128
4715 1.207915
4716 2.179475
4717 3.669463
4718 1.163414
4719 1.154134
4720 3.532783
4721 1.118221
4722 2.942839
4723 1.050299
4724 3.011589
4725 1.944483
4726 3.991967
4727 2.949329
4728 2.858206
4729 1.019506
4730 2.582014
4731 2.580615
4732 0.81656
4733 2.698596
4734 1.044137
4735 2.374799
4736 2.327969
4737 3.690605
4738 3.610451
4739 3.491012
4740 3.640154
4741 3.577469
4742 3.556391
4743 3.172497
4744 3.863546
4745 3.788887
4746 3.886451
4747 3.669251
4748 2.093815
4749 3.816773
4750 3.439188
4751 3.347912
4752 3.701391
4753 4.16159
4754 4.508336
4755 7.418804
4756 8.613682
4757 8.509841
4758 10.313882
4759 9.268346
4760 9.768533
4761 9.932887
4762 8.802569
4763 8.967609
4764 9.163822
4765 9.380668
4766 7.956417
4767 9.154452
4768 8.962557
4769 8.532286
4770 8.764246
4771 8.507066
4772 8.304575
4773 7.966275
4774 6.958992
4775 7.71447
4776 8.324541
4777 7.722035
4778 7.67896
4779 7.348568
4780 7.414197
4781 7.129489
4782 7.120301
4783 7.319402
4784 7.205877
4785 7.429357
4786 7.939709
4787 7.736543
4788 7.46625
4789 7.388429
4790 7.133422
4791 7.015418
4792 6.9684
4793 6.743556
4794 6.693358
4795 6.061122
4796 6.859681
4797 7.550446
4798 7.350086
4799 7.167009
4800 6.990467
4801 6.858858
4802 6.696771
4803 6.547352
4804 6.307119
4805 6.337491
4806 6.194151
4807 5.919198
4808 6.022081
4809 5.892568
4810 7.542458
4811 8.472507
4812 8.153754
4813 8.113701
4814 8.124483
4815 7.969695
4816 7.780596
4817 7.585958
4818 7.465978
4819 7.435012
4820 7.861601
4821 12.284704
4822 13.825699
4823 13.733587
4824 14.327867
4825 16.214266
4826 19.229933
4827 21.880348
4828 24.933388
4829 26.397798
4830 28.429237
4831 28.062344
4832 29.045055
4833 28.83054
4834 28.165438
4835 27.453262
4836 26.381351
4837 25.094161
4838 23.929826
4839 26.090378
4840 25.406404
4841 24.128772
4842 23.215968
4843 22.30769
4844 26.6521
4845 25.297671
4846 24.216074
4847 26.464658
4848 27.276031
4849 28.052272
4850 33.261945
4851 33.757107
4852 32.540359
4853 31.159609
4854 29.826967
4855 28.422508
4856 27.626698
4857 29.004092
4858 28.246618
4859 26.665002
4860 24.99249
4861 23.629734
4862 28.032184
4863 29.27902
4864 32.163529
4865 32.597604
4866 32.157001
4867 30.920413
4868 29.771573
4869 28.427537
4870 27.255846
4871 28.394708
4872 26.900671
4873 25.636184
4874 24.163174
4875 22.952153
4876 28.385956
4877 26.809437
4878 25.386009
4879 24.145202
4880 24.38475
4881 23.045695
4882 21.752904
4883 20.613676
4884 19.451032
4885 18.310072
4886 16.050635
4887 16.272447
4888 13.867487
4889 14.397344
4890 13.363978
4891 13.163912
4892 12.45684
4893 11.84085
4894 11.693817
4895 11.718375
4896 10.932774
4897 10.44163
4898 10.728978
4899 13.124866
4900 12.281128
4901 11.667834
4902 11.154735
4903 10.658269
4904 11.079857
4905 16.907147
4906 16.27604
4907 21.689722
4908 44.537232
4909 66.369176
4910 68.733641
4911 70.805606
4912 81.701571
4913 93.89194
4914 90.578696
4915 89.622777
4916 89.208818
4917 83.033526
4918 76.041773
4919 68.932023
4920 61.96697
4921 55.77392
4922 50.377953
4923 45.370561
4924 40.568486
4925 36.2727
4926 32.414799
4927 29.154461
4928 32.483128
4929 29.893024
4930 27.568127
4931 25.197818
4932 23.415397
4933 21.832573
4934 20.142942
4935 18.567549
4936 17.263163
4937 18.243288
4938 18.87255
4939 17.45893
4940 18.756839
4941 27.3227
4942 28.522797
4943 27.648047
4944 26.108475
4945 24.561658
4946 22.438914
4947 18.235639
4948 20.937337
4949 20.116713
4950 16.991415
4951 15.81066
4952 16.253353
4953 15.041591
4954 15.10559
4955 14.287489
4956 13.393868
4957 12.494985
4958 11.663637
4959 11.009429
4960 10.429276
4961 9.67872
4962 7.725059
4963 8.627012
4964 8.275205
4965 10.004663
4966 9.313353
4967 7.769606
4968 8.206242
4969 6.429854
4970 7.432387
4971 7.204715
4972 6.85562
4973 6.456118
4974 5.827588
4975 3.837293
4976 3.330328
4977 2.852422
4978 2.410038
4979 1.965345
4980 1.567585
4981 1.413846
4982 3.996141
4983 1.278825
4984 1.253498
4985 1.191138
4986 1.122645
4987 1.079614
4988 2.250326
4989 1.038393
4990 1.015975
4991 0.947734
4992 0.892586
4993 0.997069
4994 3.006953
4995 2.860744
4996 3.033689
4997 1.462354
4998 2.903231
4999 1.253869
5000 1.246098
5001 1.347374
5002 3.53509
5003 3.454922
5004 3.640818
5005 4.956429
5006 3.750232
5007 3.682151
5008 2.515524
5009 3.299595
5010 4.659024
5011 4.482677
5012 1.935962
5013 2.593479
5014 3.894836
5015 3.771278
5016 2.219238
5017 2.032764
5018 1.4561
5019 1.703602
5020 1.28903
5021 1.235805
5022 1.211624
5023 1.169157
5024 1.281372
5025 1.189429
5026 1.074104
5027 2.914411
5028 2.966062
5029 3.251237
5030 2.405258
5031 2.1846
5032 3.453361
5033 3.346207
5034 3.240307
5035 3.18341
5036 1.785764
5037 1.973345
5038 1.956999
5039 1.838848
5040 3.247977
5041 1.745294
5042 1.743344
5043 1.680263
5044 3.439534
5045 3.622303
5046 4.238449
5047 2.189445
5048 2.106769
5049 2.035677
5050 1.98073
5051 1.924721
5052 1.839302
5053 1.750705
5054 1.660494
5055 1.583393
5056 1.542696
5057 2.939168
5058 2.867414
5059 3.113402
5060 1.789838
5061 1.791263
5062 1.752514
5063 3.249554
5064 1.729456
5065 3.676113
5066 1.981204
5067 2.228907
5068 2.113695
5069 2.050983
5070 1.998217
5071 1.969565
5072 1.926033
5073 1.868903
5074 1.809265
5075 3.504751
5076 1.669889
5077 1.851704
5078 1.799742
5079 1.765058
5080 1.732987
5081 2.021339
5082 3.644727
5083 1.75627
5084 2.155858
5085 1.783452
5086 2.330455
5087 2.279717
5088 1.712354
5089 2.350125
5090 2.354898
5091 2.916371
5092 2.981507
5093 2.88374
5094 1.819629
5095 1.778902
5096 2.704122
5097 4.353015
5098 4.703931
5099 4.844266
5100 3.476074
5101 4.593432
5102 5.144662
5103 4.469642
5104 5.195907
5105 4.995585
5106 4.834078
5107 4.855981
5108 4.820233
5109 5.938314
5110 7.503087
5111 7.216721
5112 7.066928
5113 7.075991
5114 5.745861
5115 4.247248
5116 6.741329
5117 4.313818
5118 5.84798
5119 5.820025
5120 4.254715
5121 6.135611
5122 5.918092
5123 4.940864
5124 6.136908
5125 6.025071
5126 5.747753
5127 5.733806
5128 5.804348
5129 2.951229
5130 5.600806
5131 4.299014
5132 5.405171
5133 4.138904
5134 5.285773
5135 5.196876
5136 5.116574
5137 5.039241
5138 4.949198
5139 4.885985
5140 4.829466
5141 4.76785
5142 4.715062
5143 4.669453
5144 4.619196
5145 4.455199
5146 4.279392
5147 4.693381
5148 4.22487
5149 4.166434
5150 4.525628
5151 4.859158
5152 5.681162
5153 5.120555
5154 7.682702
5155 12.799271
5156 12.262327
5157 12.569594
5158 10.387459
5159 7.71843
5160 7.997859
5161 10.493179
5162 8.248819
5163 10.16207
5164 10.291126
5165 9.86626
5166 9.898082
5167 9.858261
5168 9.596453
5169 9.317332
5170 10.266614
5171 12.877713
5172 13.450097
5173 13.583667
5174 13.514635
5175 13.102185
5176 12.636353
5177 12.285582
5178 11.967848
5179 11.709395
5180 14.491565
5181 18.420515
5182 20.14064
5183 23.319744
5184 22.65625
5185 19.326507
5186 19.610246
5187 18.091679
5188 17.999847
5189 19.351334
5190 17.493453
5191 15.651597
5192 15.298001
5193 15.006473
5194 15.9275
5195 15.21608
5196 15.27128
5197 23.200176
5198 25.152979
5199 25.274732
5200 24.431615
5201 23.844606
5202 24.180333
5203 23.494552
5204 24.518191
5205 24.093184
5206 23.42718
5207 22.782818
5208 21.865232
5209 19.89786
5210 16.32607
5211 18.635798
5212 17.815077
5213 15.426075
5214 14.584883
5215 13.738483
5216 14.40159
5217 10.79895
5218 13.182953
5219 10.769028
5220 11.381153
5221 11.788485
5222 11.068083
5223 11.748367
5224 10.770465
5225 11.086019
5226 10.493518
5227 12.576393
5228 12.252394
5229 17.34936
5230 23.27421
5231 23.527994
5232 23.351927
5233 22.531188
5234 23.271202
5235 22.419224
5236 20.575893
5237 18.628033
5238 18.150619
5239 19.681162
5240 20.099009
5241 21.043345
5242 21.51233
5243 23.983735
5244 19.579999
5245 22.503063
5246 21.678669
5247 23.85072
5248 25.373325
5249 19.616853
5250 20.874631
5251 21.971239
5252 21.624634
5253 21.686434
5254 20.636921
5255 19.525502
5256 18.7185
5257 15.826499
5258 17.672415
5259 16.64054
5260 16.10517
5261 17.076897
5262 16.535844
5263 15.808552
5264 14.962124
5265 14.24534
5266 13.740954
5267 12.925574
5268 12.385908
5269 11.735701
5270 11.031654
5271 10.288913
5272 11.649351
5273 14.253721
5274 13.499048
5275 13.081678
5276 12.846604
5277 12.523963
5278 12.320162
5279 11.630087
5280 11.530374
5281 10.926553
5282 10.831318
5283 12.654499
5284 17.592431
5285 18.451984
5286 17.777279
5287 17.176223
5288 16.203306
5289 15.279926
5290 11.538993
5291 13.910215
5292 10.616586
5293 10.179197
5294 11.337443
5295 11.694271
5296 11.289353
5297 10.91265
5298 10.432302
5299 9.785861
5300 8.814054
5301 8.954099
5302 8.351891
5303 7.841263
5304 7.67832
5305 7.890964
5306 8.069815
5307 4.596083
5308 7.081305
5309 6.692343
5310 5.127011
5311 6.132179
5312 5.978992
5313 6.013025
5314 5.823283
5315 5.586661
5316 5.862466
5317 6.427722
5318 6.181841
5319 5.862747
5320 5.814683
5321 5.605961
5322 3.873139
5323 5.193127
5324 4.868224
5325 4.829275
5326 3.007136
5327 2.696246
5328 4.490662
5329 3.640242
5330 3.299276
5331 2.998429
5332 3.784714
5333 4.000759
5334 6.65179
5335 6.234624
5336 6.130363
5337 4.328374
5338 4.043904
5339 3.803294
5340 3.56647
5341 4.875196
5342 4.518981
5343 2.219597
5344 4.603959
5345 4.389476
5346 2.357449
5347 3.241511
5348 3.104664
5349 2.921317
5350 4.254854
5351 2.612404
5352 4.248622
5353 4.393368
5354 2.439105
5355 2.557298
5356 4.424555
5357 2.721535
5358 4.043789
5359 2.320727
5360 2.118473
5361 1.883934
5362 1.652863
5363 1.451446
5364 1.341742
5365 1.250291
5366 1.158615
5367 1.095748
5368 1.030873
5369 0.992928
5370 0.932293
5371 0.874147
5372 0.82138
5373 0.753715
5374 0.720938
5375 0.680841
5376 1.865649
5377 1.834177
5378 1.81841
5379 5.801946
5380 4.530457
5381 4.506296
5382 4.696956
5383 4.971529
5384 3.180822
5385 3.237569
5386 2.974619
5387 4.799804
5388 3.678276
5389 3.62755
5390 3.57956
5391 5.714294
5392 3.392735
5393 3.965067
5394 3.836337
5395 3.65902
5396 3.551708
5397 3.416958
5398 3.281047
5399 3.113191
5400 3.333801
5401 3.46882
5402 3.082049
5403 2.950272
5404 3.654213
5405 3.563904
5406 3.45829
5407 4.859456
5408 4.970105
5409 7.519642
5410 9.104391
5411 9.750865
5412 8.208167
5413 8.581738
5414 8.695638
5415 8.780504
5416 10.224507
5417 11.069231
5418 12.123884
5419 8.341511
5420 9.962138
5421 8.493834
5422 6.418213
5423 9.989009
5424 8.390253
5425 8.25649
5426 5.182043
5427 4.905459
5428 4.618216
5429 4.338149
5430 4.403565
5431 3.84432
5432 3.606052
5433 3.407881
5434 3.203308
5435 3.435108
5436 2.949439
5437 3.359161
5438 2.813374
5439 2.662797
5440 2.801888
5441 6.011536
5442 6.274355
5443 3.545957
5444 5.452474
5445 6.919081
5446 3.818822
5447 3.695835
5448 6.60646
5449 3.355758
5450 3.24531
5451 3.043133
5452 3.145199
5453 6.061682
5454 2.917143
5455 6.343469
5456 2.746425
5457 4.08431
5458 4.46902
5459 4.344804
5460 7.28104
5461 7.176634
5462 3.663375
5463 7.548145
5464 5.389512
5465 5.252685
5466 3.575653
5467 3.431457
5468 6.347537
5469 4.783206
5470 6.402202
5471 6.245379
5472 8.010759
5473 10.430083
5474 9.866665
5475 6.980849
5476 8.516001
5477 8.523425
5478 7.02428
5479 6.965672
5480 6.885044
5481 5.258826
5482 6.679202
5483 6.565399
5484 8.265511
5485 7.891291
5486 6.93795
5487 6.593612
5488 6.403575
5489 7.635646
5490 7.457619
5491 7.289348
5492 7.12206
5493 6.958053
5494 6.796646
5495 6.651827
5496 6.511217
5497 6.374551
5498 6.241322
5499 6.117287
5500 6.011405
5501 5.912424
5502 6.744146
5503 8.762432
5504 8.104771
5505 8.080846
5506 8.078113
5507 7.983096
5508 7.812523
5509 7.643443
5510 7.496636
5511 7.191183
5512 7.29659
5513 7.302677
5514 7.181625
5515 7.085554
5516 6.992004
5517 6.810171
5518 6.548837
5519 6.593065
5520 6.791344
5521 6.651962
5522 6.523215
5523 6.425718
5524 6.313361
5525 6.112771
5526 6.144382
5527 6.025954
5528 5.944717
5529 5.726173
5530 5.725441
5531 5.639344
5532 5.596824
5533 5.649593
5534 5.562005
5535 5.529901
5536 5.447896
5537 5.366914
5538 5.292283
5539 5.24802
5540 5.164843
5541 5.115256
5542 5.192115
5543 5.320087
5544 5.497323
5545 6.398527
5546 9.310177
5547 12.640132
5548 14.768453
5549 16.067571
5550 15.233179
5551 14.485686
5552 14.150099
5553 13.883058
5554 13.611974
5555 13.293542
5556 12.924592
5557 12.70051
5558 12.773814
5559 12.384564
5560 11.963673
5561 11.525198
5562 11.056092
5563 10.565971
5564 10.168976
5565 9.785705
5566 9.474348
5567 9.107175
5568 8.770366
5569 8.403349
5570 8.045498
5571 7.700699
5572 7.548164
5573 7.225438
5574 7.523395
5575 11.943279
5576 14.543168
5577 16.297015
5578 16.047356
5579 15.26313
5580 14.613954
5581 14.086169
5582 13.659959
5583 13.546732
5584 9.981624
5585 8.276517
5586 9.532452
5587 9.256203
5588 8.966082
5589 10.108842
5590 9.731234
5591 9.750564
5592 9.4545
5593 10.327304
5594 12.040061
5595 11.624085
5596 11.247936
5597 10.858572
5598 10.381025
5599 11.067925
5600 11.283164
5601 10.730866
5602 10.545706
5603 7.717947
5604 10.01022
5605 9.525542
5606 9.329331
5607 10.261551
5608 10.041938
5609 9.950657
5610 12.005253
5611 13.585484
5612 17.546744
5613 17.397578
5614 15.176824
5615 15.399755
5616 12.318192
5617 12.066978
5618 14.638802
5619 12.878121
5620 11.682444
5621 12.893383
5622 12.971253
5623 12.292085
5624 11.972954
5625 10.593832
5626 7.57765
5627 8.506859
5628 9.420093
5629 5.763484
5630 8.303441
5631 9.386063
5632 9.293361
5633 9.129441
5634 9.712862
5635 11.185393
5636 12.326443
5637 12.09611
5638 12.082449
5639 13.425755
5640 12.943117
5641 13.019885
5642 12.400695
5643 11.997548
5644 11.973995
5645 13.851151
5646 14.379997
5647 13.808436
5648 10.915745
5649 13.687259
5650 12.959697
5651 16.535263
5652 18.633286
5653 22.417033
5654 21.642788
5655 21.855061
5656 23.889555
5657 21.377002
5658 21.544317
5659 17.65475
5660 19.906598
5661 19.540972
5662 19.018429
5663 19.519059
5664 18.44648
5665 18.142541
5666 17.266174
5667 16.968651
5668 16.647974
5669 12.628424
5670 14.659965
5671 12.35686
5672 10.05686
5673 12.817822
5674 14.125133
5675 17.982129
5676 16.846495
5677 11.663618
5678 13.487659
5679 13.177446
5680 16.06073
5681 15.426801
5682 26.660981
5683 27.495959
5684 33.042996
5685 32.112835
5686 30.250741
5687 28.954017
5688 28.288106
5689 26.607015
5690 25.520634
5691 24.390661
5692 22.508928
5693 20.613863
5694 24.889862
5695 23.115938
5696 21.496659
5697 19.933466
5698 18.71145
5699 22.7611
5700 23.338241
5701 22.245346
5702 21.340984
5703 20.175133
5704 25.670122
5705 25.662098
5706 26.866507
5707 26.059753
5708 24.833752
5709 23.773724
5710 22.850377
5711 22.932941
5712 22.393055
5713 21.193123
5714 20.046845
5715 18.923513
5716 17.869217
5717 16.788402
5718 15.758268
5719 14.791757
5720 13.803749
5721 12.89834
5722 14.282321
5723 16.548603
5724 17.871591
5725 18.679858
5726 18.897849
5727 17.940165
5728 17.058037
5729 16.07321
5730 15.272173
5731 14.480878
5732 13.793328
5733 14.0322
5734 13.344588
5735 12.558014
5736 11.819784
5737 10.991928
5738 10.665348
5739 10.42932
5740 11.70103
5741 11.000724
5742 10.628931
5743 10.140665
5744 9.687804
5745 6.820807
5746 6.667526
5747 7.725124
5748 8.623199
5749 6.675751
5750 6.177721
5751 2.923902
5752 3.663148
5753 2.586658
5754 2.921269
5755 2.537699
5756 3.660872
5757 3.245963
5758 1.930166
5759 2.459133
5760 2.048845
5761 1.642221
5762 1.560631
5763 1.452394
5764 1.384069
5765 1.312769
5766 1.247694
5767 1.187119
5768 1.14579
5769 1.100374
5770 1.032113
5771 1.005824
5772 0.978487
5773 3.179212
5774 3.331187
5775 3.742711
5776 5.473739
5777 5.456564
5778 4.851584
5779 4.809072
5780 4.571618
5781 4.537279
5782 4.462099
5783 4.382105
5784 4.284474
5785 4.175906
5786 3.308611
5787 3.22936
5788 3.164904
5789 3.073179
5790 3.762831
5791 2.858781
5792 3.526631
5793 3.400369
5794 3.281207
5795 4.884959
5796 2.950323
5797 2.843743
5798 5.179555
5799 2.743158
5800 2.750888
5801 3.566776
5802 2.576588
5803 5.400601
5804 3.435224
5805 2.498539
5806 5.413946
5807 2.705345
5808 2.913441
5809 2.811078
5810 3.694821
5811 5.722921
5812 2.739824
5813 2.839122
5814 2.757241
5815 5.172084
5816 4.019779
5817 2.421024
5818 2.529332
5819 2.472529
5820 3.882656
5821 3.794033
5822 5.172817
5823 5.267222
5824 6.727328
5825 7.029443
5826 6.881598
5827 6.899612
5828 4.650808
5829 4.673581
5830 4.666881
5831 4.657287
5832 6.487212
5833 6.158905
5834 4.840752
5835 6.330971
5836 6.203357
5837 5.984854
5838 4.69405
5839 6.028132
5840 4.512434
5841 5.834815
5842 5.87562
5843 6.713973
