Time [d]	Q_in [m3/s]
1
-1 0.00
1 5.326274
2 5.279789
3 5.232633
4 5.190151
5 5.24443
6 5.297507
7 5.210604
8 5.153491
9 5.191968
10 5.121855
11 5.080963
12 4.987766
13 5.02067
14 5.130408
15 5.017816
16 4.937935
17 4.831148
18 4.904465
19 5.348336
20 5.161512
21 5.137636
22 5.109813
23 5.010224
24 4.917166
25 4.825883
26 4.740954
27 4.658599
28 4.577803
29 4.507304
30 4.433556
31 4.359052
32 4.283704
33 4.216444
34 4.184206
35 4.118518
36 4.06557
37 4.012139
38 3.963927
39 3.912586
40 3.860977
41 3.793336
42 3.752937
43 3.709586
44 3.663314
45 3.626003
46 3.587365
47 3.536378
48 3.478934
49 3.348915
50 3.375239
51 3.265242
52 3.469929
53 3.395373
54 3.43595
55 3.696675
56 3.822901
57 3.887358
58 3.937808
59 3.984619
60 4.009101
61 4.021498
62 4.012744
63 4.149806
64 4.279774
65 4.506211
66 4.498193
67 4.467359
68 4.434476
69 4.215529
70 4.394311
71 4.404028
72 4.393566
73 4.309315
74 4.267967
75 4.204178
76 4.21274
77 4.192247
78 4.152955
79 4.82181
80 4.897147
81 4.905815
82 4.917424
83 4.862754
84 4.840766
85 5.043792
86 5.877294
87 6.197699
88 6.307938
89 6.358877
90 6.413419
91 6.459991
92 6.441431
93 6.313075
94 6.296893
95 6.293571
96 6.340773
97 6.756138
98 7.270833
99 7.752269
100 8.703177
101 9.316911
102 10.090099
103 10.175117
104 10.208166
105 10.27952
106 10.254923
107 10.435025
108 11.529014
109 11.652567
110 11.93015
111 12.312738
112 12.238265
113 12.123136
114 12.115409
115 12.050383
116 12.937397
117 13.692827
118 13.580338
119 13.535607
120 13.384758
121 13.262476
122 13.056029
123 12.780725
124 12.550214
125 12.168914
126 11.743459
127 11.530192
128 12.835648
129 13.982372
130 14.816457
131 14.736399
132 14.553882
133 15.027377
134 14.896195
135 14.517536
136 14.123875
137 13.983381
138 13.740854
139 13.323414
140 12.929263
141 12.5461
142 12.295501
143 12.659411
144 12.506573
145 12.132331
146 12.369441
147 13.210215
148 14.033792
149 13.924053
150 13.55575
151 13.16585
152 12.986838
153 12.909928
154 12.536147
155 12.080572
156 11.774521
157 11.705717
158 11.795203
159 11.702919
160 11.440516
161 11.050309
162 10.641185
163 10.22396
164 9.7728
165 9.319433
166 8.888273
167 8.478853
168 8.125267
169 7.726003
170 7.297364
171 6.877254
172 6.491176
173 6.122048
174 5.775494
175 5.447643
176 5.219162
177 5.636228
178 5.5614
179 5.357075
180 5.268602
181 5.008567
182 4.744987
183 4.450741
184 4.232165
185 4.892497
186 5.268065
187 5.184709
188 5.021116
189 4.992618
190 4.971378
191 4.678638
192 4.382008
193 4.09059
194 3.816451
195 3.53083
196 3.492146
197 3.627431
198 3.380966
199 3.334296
200 3.299791
201 3.207871
202 2.961127
203 3.327831
204 3.331098
205 3.192311
206 3.02803
207 3.102136
208 3.124426
209 3.021453
210 2.780488
211 2.592211
212 2.521516
213 2.648864
214 2.637955
215 2.750792
216 2.687572
217 2.571558
218 2.467861
219 2.413147
220 2.336526
221 2.303519
222 2.161283
223 1.996894
224 1.842392
225 1.680368
226 1.561406
227 1.897147
228 2.363417
229 2.480402
230 2.434499
231 2.618419
232 2.636011
233 2.533543
234 2.429163
235 2.325892
236 2.295148
237 2.235895
238 2.118782
239 2.084008
240 2.558285
241 2.692455
242 2.590774
243 2.487809
244 2.371838
245 2.256251
246 2.201601
247 2.083436
248 2.007009
249 1.992038
250 2.257572
251 2.121126
252 2.02511
253 1.954938
254 1.850677
255 1.856541
256 1.690607
257 1.575425
258 1.493256
259 1.613781
260 1.531991
261 1.502616
262 2.054201
263 2.201249
264 2.227065
265 2.129421
266 2.042857
267 1.982163
268 1.920497
269 1.818358
270 1.687416
271 1.562931
272 1.53928
273 1.68429
274 1.777146
275 1.715906
276 1.699939
277 1.624644
278 2.08921
279 3.400363
280 3.564921
281 3.618448
282 3.641973
283 3.576162
284 3.504981
285 3.402546
286 3.315853
287 3.345814
288 3.285087
289 3.231045
290 3.144837
291 3.104061
292 3.292298
293 3.489864
294 3.539058
295 3.612251
296 3.83361
297 3.897137
298 3.818461
299 3.885283
300 4.836996
301 5.083541
302 5.118999
303 5.173338
304 5.519669
305 6.785981
306 7.506095
307 7.783058
308 7.973325
309 8.120989
310 8.149409
311 8.099943
312 8.160466
313 8.261237
314 8.790319
315 8.931618
316 8.93929
317 8.902204
318 8.852553
319 8.791157
320 8.716525
321 8.641189
322 8.542882
323 8.459445
324 8.329761
325 8.206471
326 8.085254
327 7.953584
328 7.817239
329 7.66763
330 7.619855
331 8.456288
332 8.33609
333 8.205677
334 8.021477
335 7.970085
336 7.814127
337 7.7912
338 7.697419
339 7.583129
340 7.467468
341 7.382023
342 7.362912
343 7.265751
344 7.154359
345 7.116158
346 7.101343
347 7.055124
348 6.98658
349 6.83992
350 6.701652
351 6.565464
352 6.43904
353 6.309857
354 6.18715
355 6.066879
356 5.955846
357 5.848755
358 5.738674
359 5.632437
360 5.537189
361 5.432293
362 5.328736
363 5.237834
364 5.245376
365 5.1789
366 5.077277
367 4.975519
368 4.883565
369 4.800754
370 4.7159
371 4.636564
372 4.565858
373 4.490528
374 4.414151
375 4.472619
376 4.451718
377 4.353444
378 4.264087
379 4.177729
380 4.103055
381 4.069222
382 4.087884
383 4.724682
384 5.070568
385 5.182088
386 5.245964
387 5.368602
388 5.643932
389 5.702574
390 5.991519
391 6.453513
392 6.27203
393 6.228581
394 6.182374
395 6.131674
396 6.08724
397 6.042937
398 6.005782
399 5.967579
400 5.922781
401 5.869908
402 5.810627
403 5.738769
404 5.656035
405 5.598798
406 5.505708
407 5.509008
408 5.456605
409 5.412409
410 5.398503
411 5.391989
412 5.320757
413 5.259934
414 5.192708
415 5.082208
416 4.971792
417 5.06552
418 5.004374
419 4.87897
420 5.106213
421 5.428301
422 5.719551
423 5.946179
424 6.193125
425 6.303943
426 6.372694
427 6.434945
428 6.488228
429 6.542454
430 6.673792
431 6.754466
432 6.76123
433 6.781544
434 6.771495
435 6.717977
436 6.663716
437 6.627786
438 6.517453
439 6.424892
440 6.325166
441 6.271028
442 6.246153
443 6.185853
444 6.126791
445 6.038023
446 5.95314
447 5.82768
448 5.861675
449 5.966577
450 6.09876
451 6.061341
452 5.990723
453 5.917123
454 5.823353
455 5.775721
456 5.707859
457 5.610294
458 5.508343
459 5.391956
460 5.449612
461 5.353349
462 5.3686
463 5.294974
464 5.18544
465 5.058676
466 4.882894
467 4.686603
468 4.587272
469 4.484176
470 4.504076
471 4.735675
472 4.658419
473 4.54548
474 4.486576
475 4.673046
476 5.083296
477 4.947041
478 4.896256
479 4.817235
480 4.700686
481 4.64061
482 4.585885
483 4.449428
484 4.492782
485 5.217582
486 5.345901
487 5.278664
488 5.147316
489 5.071081
490 5.048677
491 5.052353
492 4.993028
493 4.957668
494 5.202926
495 5.79186
496 6.770091
497 6.914973
498 6.924896
499 6.889763
500 7.138749
501 7.314558
502 7.249797
503 7.0789
504 6.846428
505 6.78577
506 7.251432
507 7.115616
508 6.960162
509 7.286732
510 7.317402
511 7.359774
512 7.354762
513 7.513867
514 8.121446
515 7.815395
516 7.489911
517 7.445027
518 8.16501
519 8.625355
520 8.60374
521 8.656007
522 8.791809
523 10.643531
524 12.552571
525 13.072312
526 13.503838
527 13.76227
528 13.778512
529 13.580782
530 13.239387
531 12.887085
532 12.555795
533 14.707557
534 23.365619
535 27.834185
536 29.93125
537 30.658636
538 30.987731
539 31.173879
540 31.490051
541 30.946606
542 30.179176
543 29.313413
544 28.306936
545 27.232988
546 26.758695
547 26.179403
548 25.123134
549 24.517794
550 23.36118
551 22.211007
552 21.043839
553 20.025118
554 19.081041
555 18.302504
556 17.618361
557 16.765437
558 16.125981
559 16.006869
560 15.384328
561 14.72709
562 14.059194
563 13.239343
564 13.547805
565 16.876319
566 16.681529
567 16.149597
568 15.757079
569 15.492946
570 15.120391
571 14.704832
572 14.150573
573 13.496244
574 12.965632
575 12.77305
576 12.522234
577 12.020821
578 11.613951
579 11.138018
580 10.683276
581 10.186124
582 9.877282
583 10.478966
584 11.546465
585 11.236629
586 10.804896
587 10.421531
588 10.104942
589 9.757231
590 9.349462
591 8.981885
592 8.598293
593 8.24373
594 7.886017
595 7.590436
596 7.381693
597 7.49271
598 7.40169
599 7.154416
600 6.861802
601 6.537145
602 6.213416
603 5.909682
604 5.649311
605 5.411413
606 5.169379
607 4.92547
608 4.672215
609 4.427305
610 4.182806
611 3.939876
612 3.703527
613 3.471044
614 3.259259
615 3.069105
616 2.912675
617 2.92504
618 2.756286
619 2.570268
620 2.418809
621 2.306132
622 2.187159
623 2.118575
624 2.029629
625 1.937876
626 1.831548
627 1.691367
628 1.564147
629 1.627199
630 1.479061
631 1.35526
632 1.373278
633 1.302608
634 1.32194
635 1.688659
636 1.63238
637 1.557181
638 1.44421
639 1.314746
640 1.197823
641 1.125188
642 1.052358
643 1.003589
644 0.914734
645 0.884825
646 0.930691
647 0.885552
648 0.882282
649 0.86905
650 0.843125
651 0.81551
652 0.787448
653 0.76901
654 0.757491
655 0.80903
656 0.89229
657 0.870546
658 0.858748
659 0.839666
660 0.868161
661 0.930187
662 1.172966
663 1.172253
664 1.132396
665 1.089406
666 1.045466
667 1.005597
668 1.872703
669 2.277558
670 2.385928
671 2.414829
672 2.459107
673 2.456065
674 2.543974
675 2.588536
676 2.656537
677 2.669816
678 2.660371
679 2.670417
680 2.68662
681 2.678423
682 2.675591
683 2.690326
684 2.702337
685 2.730616
686 2.800567
687 2.862563
688 2.841233
689 2.837449
690 2.979332
691 2.993596
692 3.030967
693 3.084632
694 3.101999
695 3.070663
696 3.049535
697 3.108725
698 3.06981
699 3.101585
700 3.334283
701 3.421075
702 3.424643
703 3.436891
704 3.573939
705 3.600746
706 3.605795
707 3.568708
708 3.543452
709 3.541091
710 3.497422
711 3.457184
712 3.441615
713 3.415427
714 3.426888
715 3.718862
716 3.7815
717 3.807697
718 3.831211
719 3.852934
720 3.859115
721 3.856293
722 3.903845
723 3.999854
724 4.013467
725 4.235336
726 4.206845
727 4.199053
728 4.148778
729 4.109471
730 4.072999
731 4.034199
732 3.98684
733 3.872164
734 3.938672
735 4.381745
736 4.694543
737 4.787879
738 4.875873
739 4.956207
740 5.093976
741 5.140199
742 5.114151
743 5.100363
744 5.078067
745 5.114318
746 5.172247
747 5.111625
748 5.07569
749 5.037959
750 4.990969
751 4.939273
752 4.786907
753 4.955117
754 5.184235
755 5.296497
756 5.308595
757 5.360101
758 5.331189
759 5.289286
760 5.244914
761 5.198705
762 5.110987
763 5.090452
764 5.042333
765 5.258866
766 5.444764
767 5.321815
768 5.231784
769 5.160615
770 5.073635
771 4.988633
772 4.930131
773 4.91723
774 4.859265
775 4.783298
776 4.710955
777 4.700608
778 4.651962
779 4.53943
780 4.353093
781 4.577138
782 4.807588
783 5.773635
784 6.031702
785 6.168957
786 6.233321
787 6.266379
788 6.503495
789 6.669405
790 6.636425
791 6.772325
792 7.038213
793 7.171723
794 7.232894
795 7.311706
796 7.336111
797 7.320056
798 7.29307
799 7.911561
800 7.969322
801 7.936873
802 7.969882
803 8.401927
804 8.294402
805 8.26491
806 8.202324
807 7.995147
808 8.173562
809 8.072012
810 8.044664
811 8.044154
812 8.007854
813 8.039435
814 8.1502
815 8.466794
816 8.401217
817 8.237021
818 8.298173
819 8.300555
820 8.277686
821 8.161504
822 7.964354
823 7.768379
824 7.600279
825 7.476457
826 7.629074
827 7.593336
828 7.446818
829 7.331039
830 7.172946
831 7.081966
832 7.381431
833 7.664202
834 7.487184
835 7.315648
836 7.095714
837 6.947081
838 6.840126
839 6.718077
840 6.880846
841 6.789411
842 6.704491
843 6.5325
844 6.402607
845 6.317745
846 6.063894
847 5.836079
848 5.678348
849 5.438147
850 5.214338
851 6.07899
852 6.839742
853 7.608043
854 7.738632
855 7.641496
856 7.609969
857 7.453306
858 7.770713
859 7.919051
860 7.870095
861 7.684687
862 7.532888
863 7.430405
864 7.319476
865 7.373676
866 7.336189
867 7.20186
868 6.965695
869 6.957328
870 6.775545
871 6.608155
872 6.401328
873 6.172477
874 5.944659
875 6.015083
876 5.981129
877 5.779825
878 5.551469
879 5.672774
880 6.074966
881 6.033961
882 5.790408
883 5.507713
884 5.256409
885 5.053738
886 4.821572
887 4.866986
888 4.890947
889 5.330941
890 5.245846
891 5.001935
892 4.718731
893 4.566849
894 4.382726
895 4.14573
896 3.936127
897 5.107228
898 6.071341
899 6.1201
900 6.051023
901 5.909533
902 5.941673
903 7.490736
904 7.595361
905 7.701251
906 7.849337
907 8.078546
908 7.903178
909 7.693259
910 7.545395
911 7.678158
912 7.876597
913 7.685088
914 7.702672
915 7.594525
916 7.566477
917 7.578263
918 8.110413
919 8.136115
920 10.047486
921 10.233631
922 10.151158
923 10.001341
924 9.839005
925 9.601565
926 9.53657
927 9.219466
928 9.024946
929 9.62038
930 9.720093
931 9.734669
932 9.738699
933 10.741051
934 10.872013
935 11.182965
936 11.10347
937 11.388036
938 11.648375
939 12.644634
940 12.408634
941 12.265323
942 12.018004
943 11.69226
944 11.553164
945 11.14994
946 11.453406
947 11.489041
948 11.188463
949 10.845729
950 10.444561
951 10.025879
952 9.732874
953 9.453862
954 9.523406
955 10.345663
956 10.187941
957 10.040095
958 10.163128
959 9.904662
960 10.055844
961 9.926311
962 9.795721
963 9.609681
964 9.391917
965 9.065208
966 8.826187
967 8.523636
968 8.222618
969 7.904113
970 7.615048
971 7.324378
972 7.077664
973 7.148242
974 6.84794
975 6.53399
976 6.259689
977 6.022519
978 5.773221
979 5.593942
980 5.317816
981 5.163783
982 5.097212
983 4.983524
984 4.759422
985 4.52437
986 4.315353
987 4.141822
988 3.925589
989 3.755418
990 3.806545
991 3.931351
992 3.73564
993 3.739687
994 3.614791
995 3.48097
996 3.54871
997 3.500066
998 3.344012
999 3.173691
1000 3.019656
1001 2.87924
1002 2.78813
1003 2.63945
1004 2.519102
1005 2.408964
1006 2.280686
1007 2.13072
1008 1.976655
1009 1.844718
1010 1.710814
1011 1.616584
1012 1.54012
1013 1.48964
1014 1.403732
1015 1.434705
1016 1.440298
1017 1.626296
1018 1.589011
1019 1.520137
1020 1.464089
1021 1.396599
1022 1.31946
1023 1.286818
1024 1.229606
1025 1.177081
1026 1.163338
1027 1.22468
1028 1.248927
1029 1.255539
1030 1.380331
1031 1.425491
1032 1.422097
1033 1.363473
1034 1.355495
1035 1.383588
1036 1.505417
1037 1.54571
1038 1.558392
1039 1.592259
1040 1.685647
1041 1.79275
1042 1.76928
1043 1.737545
1044 1.751028
1045 1.738971
1046 1.715759
1047 1.692516
1048 1.67718
1049 1.75922
1050 1.815463
1051 1.771968
1052 1.739707
1053 1.728881
1054 1.775702
1055 1.759705
1056 1.781183
1057 1.7671
1058 1.753733
1059 1.726685
1060 1.701286
1061 1.669814
1062 1.66546
1063 1.659302
1064 1.769728
1065 1.788432
1066 1.775362
1067 1.834518
1068 2.050268
1069 2.128198
1070 2.152161
1071 2.160532
1072 2.157508
1073 2.198385
1074 2.266071
1075 2.268181
1076 2.307685
1077 2.298969
1078 2.290306
1079 2.275854
1080 2.249165
1081 2.244652
1082 2.230623
1083 2.223947
1084 2.217289
1085 2.218132
1086 2.2367
1087 2.279083
1088 2.270412
1089 2.436576
1090 2.376293
1091 2.350952
1092 2.32417
1093 2.306231
1094 2.288177
1095 2.286344
1096 2.354305
1097 2.410691
1098 2.2108
1099 2.481858
1100 2.719522
1101 2.973827
1102 3.211769
1103 3.342651
1104 3.663513
1105 3.774269
1106 3.773371
1107 3.795294
1108 3.803948
1109 3.852939
1110 4.094209
1111 3.982659
1112 3.961038
1113 3.933559
1114 3.9098
1115 3.897052
1116 3.977879
1117 4.103338
1118 4.10514
1119 4.088244
1120 4.062092
1121 4.045371
1122 3.999957
1123 3.943347
1124 3.908423
1125 3.863002
1126 3.810792
1127 3.752115
1128 3.785401
1129 3.923666
1130 3.929909
1131 3.910151
1132 3.888232
1133 3.859513
1134 3.828932
1135 3.792421
1136 3.766084
1137 3.885248
1138 4.181979
1139 4.367933
1140 4.38842
1141 4.394456
1142 4.442817
1143 4.737303
1144 5.033173
1145 5.123998
1146 5.199165
1147 5.23565
1148 5.261565
1149 5.237371
1150 5.283352
1151 5.31412
1152 5.262577
1153 5.458469
1154 5.95821
1155 6.057211
1156 6.124186
1157 6.211979
1158 6.310073
1159 6.317328
1160 6.352821
1161 6.355354
1162 6.590733
1163 7.400401
1164 7.542817
1165 7.552294
1166 7.542949
1167 7.520012
1168 7.512621
1169 7.438988
1170 7.413343
1171 7.468259
1172 7.852048
1173 8.37478
1174 8.394278
1175 8.302828
1176 8.139786
1177 8.126597
1178 8.053627
1179 8.242591
1180 8.238663
1181 8.143857
1182 8.041789
1183 7.951593
1184 7.771021
1185 9.387441
1186 13.701514
1187 15.687626
1188 16.625324
1189 17.154584
1190 17.363416
1191 17.425165
1192 17.601693
1193 18.419504
1194 20.206166
1195 20.941119
1196 20.919411
1197 20.739204
1198 20.573093
1199 21.379177
1200 21.554033
1201 24.36578
1202 25.923266
1203 26.306455
1204 26.215469
1205 25.844088
1206 25.888267
1207 26.222899
1208 25.560508
1209 24.693572
1210 23.82897
1211 23.411913
1212 23.591675
1213 22.824299
1214 21.989696
1215 21.363189
1216 20.558565
1217 20.120391
1218 20.275318
1219 20.532878
1220 19.797116
1221 19.022377
1222 19.170487
1223 20.187708
1224 19.83645
1225 19.172739
1226 18.482243
1227 17.762889
1228 17.242567
1229 16.561234
1230 15.822916
1231 15.192918
1232 14.707825
1233 14.004832
1234 13.362399
1235 12.917517
1236 12.365827
1237 11.963803
1238 11.624688
1239 11.579653
1240 12.723459
1241 12.396278
1242 11.856775
1243 11.27053
1244 12.220119
1245 12.182268
1246 11.93121
1247 12.110377
1248 11.802701
1249 11.450045
1250 11.214824
1251 10.924599
1252 10.715734
1253 10.440928
1254 10.081922
1255 9.823915
1256 9.911476
1257 9.941271
1258 11.639809
1259 11.949436
1260 11.745574
1261 11.503355
1262 11.200146
1263 10.891146
1264 10.767728
1265 12.88373
1266 14.301169
1267 14.551414
1268 14.882625
1269 14.816135
1270 14.61477
1271 14.989798
1272 14.89629
1273 14.529427
1274 16.429196
1275 20.134255
1276 21.309722
1277 21.824067
1278 21.755116
1279 21.6983
1280 22.611699
1281 22.746226
1282 22.418503
1283 22.824342
1284 22.64692
1285 22.152898
1286 21.34542
1287 20.629096
1288 19.759918
1289 18.879258
1290 18.005296
1291 17.121766
1292 16.365507
1293 15.522549
1294 14.765602
1295 14.207002
1296 14.761275
1297 14.570466
1298 14.425376
1299 13.743098
1300 13.01935
1301 12.342427
1302 11.737729
1303 11.125474
1304 10.610904
1305 10.023704
1306 9.516135
1307 9.046202
1308 8.560567
1309 8.091326
1310 7.689424
1311 7.637445
1312 8.560232
1313 8.807329
1314 8.983893
1315 8.844136
1316 8.568927
1317 8.254406
1318 7.892531
1319 7.550746
1320 7.214568
1321 6.988677
1322 6.904371
1323 6.79207
1324 6.573958
1325 6.66166
1326 6.453552
1327 6.203761
1328 5.962201
1329 5.835898
1330 5.790514
1331 6.098836
1332 6.072405
1333 5.937545
1334 5.679718
1335 5.812486
1336 5.830648
1337 5.556447
1338 5.274832
1339 5.002411
1340 4.739441
1341 4.510625
1342 4.279989
1343 4.032236
1344 3.801242
1345 3.626076
1346 3.437889
1347 3.258885
1348 3.080493
1349 2.909655
1350 2.725145
1351 2.540325
1352 2.509278
1353 3.834822
1354 4.273802
1355 4.234685
1356 4.118224
1357 3.996094
1358 3.874071
1359 3.734669
1360 3.622989
1361 3.482799
1362 3.394989
1363 3.450671
1364 3.361555
1365 3.21853
1366 3.079602
1367 2.935951
1368 2.986953
1369 3.105667
1370 3.019392
1371 3.138156
1372 3.329283
1373 3.406266
1374 4.274993
1375 4.731925
1376 4.754156
1377 4.732116
1378 4.679481
1379 4.607895
1380 4.52363
1381 4.43203
1382 4.352216
1383 4.277726
1384 4.26266
1385 4.21313
1386 4.983425
1387 5.50655
1388 5.581641
1389 5.564503
1390 5.534541
1391 5.478695
1392 5.40712
1393 5.32575
1394 5.225483
1395 5.136232
1396 5.422654
1397 5.356401
1398 5.333067
1399 5.24467
1400 5.158297
1401 5.080392
1402 4.984486
1403 4.898954
1404 4.815406
1405 4.72464
1406 4.636646
1407 4.537675
1408 4.562115
1409 4.864406
1410 6.298808
1411 6.504481
1412 6.591037
1413 6.638583
1414 6.655699
1415 6.63756
1416 6.624273
1417 6.573872
1418 6.510522
1419 6.469404
1420 6.417589
1421 6.356086
1422 6.263587
1423 6.164346
1424 6.062723
1425 5.964415
1426 5.851512
1427 5.740541
1428 5.65156
1429 5.566399
1430 5.55485
1431 5.444573
1432 5.339583
1433 5.234832
1434 5.142275
1435 5.063486
1436 5.161365
1437 5.163314
1438 5.08214
1439 5.002754
1440 4.922627
1441 4.83643
1442 4.741357
1443 4.647468
1444 4.54732
1445 4.454134
1446 4.385977
1447 4.303592
1448 4.2234
1449 4.154929
1450 4.11153
1451 4.057118
1452 3.992167
1453 3.926403
1454 3.855889
1455 3.794629
1456 3.73334
1457 3.667442
1458 3.599333
1459 3.552753
1460 3.504061
1461 3.457921
1462 3.446188
1463 3.815676
1464 3.614528
1465 3.547273
1466 3.513674
1467 3.478171
1468 3.421059
1469 3.485272
1470 3.405928
1471 3.372562
1472 3.377294
1473 3.372098
1474 3.321319
1475 3.282702
1476 3.222581
1477 3.144794
1478 3.279674
1479 3.419233
1480 3.393598
1481 3.359471
1482 3.569326
1483 3.844748
1484 4.211912
1485 4.373003
1486 4.373636
1487 4.375946
1488 4.349891
1489 4.398814
1490 4.392056
1491 4.379451
1492 4.362969
1493 4.350379
1494 4.374895
1495 4.311643
1496 4.515718
1497 4.561122
1498 4.619118
1499 4.675831
1500 4.618168
1501 4.720449
1502 4.852548
1503 5.5128
1504 6.140085
1505 6.426617
1506 6.617479
1507 6.714276
1508 6.832945
1509 6.90422
1510 6.950508
1511 7.00212
1512 7.045787
1513 7.049964
1514 7.047373
1515 7.046977
1516 7.208929
1517 7.259092
1518 7.252706
1519 7.326827
1520 7.375769
1521 7.312451
1522 7.241977
1523 7.162458
1524 7.107898
1525 7.213594
1526 7.18977
1527 7.090912
1528 7.457326
1529 7.459121
1530 7.282422
1531 7.115956
1532 6.943837
1533 6.750123
1534 6.639336
1535 6.666192
1536 6.57999
1537 6.463973
1538 6.352154
1539 6.223586
1540 6.074041
1541 5.951301
1542 5.81282
1543 5.642164
1544 5.512808
1545 5.394788
1546 5.251698
1547 5.086721
1548 4.999703
1549 4.81459
1550 4.597183
1551 4.411912
1552 4.260193
1553 4.084264
1554 4.910679
1555 5.300788
1556 5.561714
1557 5.745519
1558 5.672696
1559 6.302577
1560 8.047092
1561 8.523377
1562 8.898033
1563 9.106736
1564 9.133162
1565 9.129074
1566 9.44895
1567 9.437136
1568 9.561887
1569 9.669504
1570 9.713684
1571 9.97772
1572 10.393094
1573 12.939546
1574 16.391358
1575 17.704848
1576 18.3268
1577 18.628353
1578 19.870676
1579 20.286875
1580 20.249147
1581 20.058457
1582 19.733232
1583 19.336155
1584 18.935609
1585 18.515486
1586 18.21716
1587 19.509398
1588 19.618809
1589 19.247214
1590 18.64703
1591 17.994898
1592 17.615224
1593 17.524471
1594 17.127604
1595 16.461741
1596 16.052538
1597 17.037917
1598 20.107541
1599 20.996283
1600 20.990726
1601 20.89787
1602 21.00539
1603 20.726413
1604 20.862738
1605 20.489498
1606 19.890784
1607 19.207014
1608 18.476035
1609 17.745459
1610 16.99419
1611 16.265782
1612 15.796866
1613 15.870635
1614 16.292153
1615 15.691866
1616 15.809933
1617 15.226709
1618 15.50862
1619 15.678347
1620 15.059601
1621 15.007902
1622 15.130592
1623 15.230602
1624 15.370694
1625 16.643854
1626 16.355262
1627 15.992617
1628 15.683996
1629 15.239942
1630 14.713924
1631 14.229131
1632 13.712038
1633 13.203675
1634 13.171659
1635 13.485087
1636 12.992677
1637 12.324502
1638 11.744673
1639 11.265108
1640 11.279229
1641 11.051491
1642 10.958157
1643 11.40393
1644 11.017753
1645 10.751773
1646 10.253995
1647 9.837641
1648 9.519534
1649 9.077111
1650 8.819289
1651 8.58374
1652 8.202103
1653 7.791687
1654 7.394104
1655 7.085695
1656 6.760103
1657 6.405495
1658 6.417339
1659 7.327375
1660 7.380657
1661 7.395289
1662 7.872187
1663 8.482726
1664 8.402061
1665 8.441808
1666 8.367209
1667 8.250901
1668 8.427002
1669 8.241074
1670 7.992229
1671 7.746508
1672 7.62667
1673 8.272143
1674 8.135362
1675 7.904082
1676 7.752849
1677 7.708954
1678 7.457521
1679 7.193589
1680 7.554483
1681 7.460271
1682 7.584338
1683 7.469329
1684 7.264941
1685 7.466345
1686 7.30845
1687 7.061428
1688 6.793087
1689 6.671971
1690 6.384491
1691 6.434561
1692 6.504858
1693 6.255572
1694 6.020071
1695 5.945505
1696 6.482912
1697 6.785148
1698 6.611969
1699 6.375359
1700 6.140604
1701 5.908157
1702 5.721401
1703 5.550234
1704 5.343387
1705 5.107538
1706 4.859978
1707 4.6626
1708 4.42531
1709 4.217481
1710 4.025582
1711 3.851387
1712 3.743109
1713 3.627881
1714 3.472291
1715 3.271696
1716 3.156395
1717 3.01724
1718 2.860967
1719 2.730964
1720 2.581412
1721 2.410718
1722 2.248254
1723 2.18254
1724 2.087931
1725 1.986009
1726 1.843602
1727 1.711707
1728 1.607571
1729 1.478217
1730 1.431071
1731 2.139797
1732 2.509632
1733 2.477645
1734 2.360033
1735 2.29811
1736 2.379812
1737 2.55716
1738 2.551277
1739 2.481168
1740 2.409538
1741 2.339482
1742 2.291019
1743 2.196846
1744 2.095851
1745 1.999857
1746 1.907816
1747 1.938324
1748 1.882399
1749 1.854218
1750 2.04601
1751 2.018755
1752 1.978182
1753 1.918362
1754 1.879215
1755 1.799551
1756 1.751168
1757 1.713175
1758 1.658622
1759 1.587724
1760 1.516194
1761 1.450638
1762 1.386335
1763 1.332468
1764 1.293451
1765 1.233743
1766 1.177613
1767 1.146902
1768 1.101918
1769 1.047493
1770 0.997889
1771 0.937441
1772 0.895401
1773 0.877069
1774 0.858137
1775 0.900589
1776 0.922688
1777 0.901376
1778 0.880723
1779 0.871419
1780 0.86034
1781 0.850593
1782 0.838988
1783 0.821947
1784 0.824165
1785 0.816839
1786 0.808185
1787 0.815202
1788 1.067388
1789 1.148406
1790 1.169185
1791 1.218748
1792 1.223354
1793 1.238364
1794 1.243352
1795 1.241574
1796 1.223452
1797 1.224817
1798 1.352344
1799 1.49717
1800 1.592821
1801 1.623998
1802 1.647182
1803 1.663133
1804 1.822238
1805 1.887937
1806 1.907778
1807 1.917891
1808 1.923791
1809 1.956247
1810 2.020483
1811 2.030434
1812 2.046583
1813 2.050538
1814 2.063166
1815 2.085953
1816 2.108465
1817 2.114291
1818 2.182806
1819 2.155782
1820 2.149649
1821 2.167326
1822 2.158454
1823 2.153748
1824 2.107161
1825 2.141113
1826 2.133262
1827 2.170493
1828 2.120802
1829 2.426706
1830 2.359754
1831 2.353773
1832 2.337893
1833 2.32767
1834 2.314035
1835 2.354733
1836 2.348013
1837 2.427241
1838 2.508482
1839 2.49487
1840 2.503036
1841 2.486782
1842 2.478511
1843 2.487145
1844 2.466491
1845 2.693813
1846 2.583951
1847 2.591525
1848 2.580274
1849 2.55442
1850 2.531245
1851 2.507216
1852 2.483952
1853 2.458459
1854 2.431455
1855 2.560235
1856 2.519359
1857 2.476282
1858 2.439801
1859 2.415412
1860 2.403653
1861 2.366429
1862 2.331331
1863 2.308175
1864 2.269849
1865 2.233498
1866 2.114323
1867 2.197892
1868 2.200648
1869 2.729286
1870 2.667786
1871 2.597062
1872 2.494789
1873 2.583646
1874 2.797819
1875 2.895881
1876 2.825065
1877 2.792764
1878 2.641994
1879 2.550736
1880 3.05542
1881 3.570276
1882 3.9496
1883 4.549549
1884 4.716648
1885 4.796962
1886 4.910179
1887 4.99558
1888 5.017661
1889 5.002048
1890 4.960832
1891 4.897071
1892 4.814759
1893 4.739824
1894 4.640361
1895 4.802509
1896 4.811229
1897 4.767849
1898 4.72073
1899 4.7413
1900 4.682981
1901 4.747472
1902 4.715804
1903 4.64745
1904 4.739748
1905 4.999314
1906 5.093145
1907 5.041717
1908 4.938614
1909 4.851255
1910 4.876854
1911 4.725174
1912 4.616816
1913 4.58059
1914 4.566032
1915 4.459845
1916 4.311323
1917 4.120989
1918 4.048859
1919 3.883514
1920 3.793524
1921 3.712479
1922 3.561375
1923 3.411963
1924 3.933895
1925 3.855166
1926 3.732812
1927 3.687625
1928 3.689836
1929 3.562058
1930 3.430816
1931 3.247435
1932 3.145608
1933 3.147323
1934 3.171595
1935 3.046607
1936 3.648451
1937 4.431319
1938 4.766298
1939 4.775951
1940 5.446584
1941 5.50565
1942 5.478952
1943 5.374528
1944 5.26468
1945 5.375569
1946 5.363645
1947 5.342787
1948 5.290295
1949 5.157366
1950 4.991014
1951 4.903648
1952 4.727684
1953 4.620087
1954 4.45327
1955 4.518255
1956 4.989815
1957 4.870627
1958 4.98814
1959 5.190799
1960 5.156168
1961 4.99071
1962 4.792654
1963 4.781366
1964 5.326978
1965 9.292192
1966 11.078207
1967 11.929277
1968 12.656419
1969 13.059237
1970 13.294383
1971 13.405875
1972 13.42203
1973 13.894596
1974 15.291133
1975 16.22631
1976 16.19947
1977 16.450194
1978 19.650232
1979 27.933652
1980 35.311979
1981 39.418611
1982 43.91952
1983 47.9791
1984 49.435608
1985 49.966407
1986 49.463577
1987 48.126992
1988 46.331033
1989 44.773739
1990 44.504406
1991 46.407759
1992 49.055318
1993 48.180425
1994 47.43037
1995 45.890698
1996 43.923964
1997 41.979337
1998 42.221025
1999 40.336284
2000 38.27665
2001 36.40781
2002 35.706064
2003 34.386291
2004 32.877118
2005 31.099235
2006 30.207322
2007 28.718074
2008 27.121625
2009 25.570301
2010 25.255535
2011 25.470301
2012 24.384793
2013 23.284267
2014 22.14125
2015 21.088661
2016 20.055314
2017 20.046105
2018 21.430077
2019 20.684776
2020 19.862374
2021 18.97646
2022 18.105949
2023 17.277591
2024 16.456772
2025 15.648568
2026 15.081887
2027 14.596644
2028 13.974907
2029 13.361473
2030 12.739754
2031 12.145453
2032 11.501103
2033 11.06576
2034 10.635506
2035 10.130511
2036 9.828123
2037 9.561484
2038 9.328014
2039 8.97256
2040 9.058433
2041 8.774785
2042 8.330199
2043 7.879263
2044 8.98865
2045 9.549067
2046 9.175795
2047 8.786736
2048 8.398919
2049 8.042968
2050 7.69063
2051 7.396026
2052 7.358678
2053 7.051459
2054 6.702244
2055 6.612862
2056 7.382971
2057 7.243958
2058 7.054688
2059 6.819409
2060 6.604154
2061 6.419494
2062 6.249556
2063 6.003035
2064 5.74294
2065 6.167623
2066 6.053394
2067 5.852322
2068 5.612649
2069 5.387293
2070 5.13352
2071 4.924772
2072 4.72384
2073 5.031625
2074 4.90495
2075 4.739345
2076 4.539647
2077 4.348572
2078 4.207359
2079 3.99396
2080 4.037362
2081 5.138957
2082 5.388267
2083 5.324391
2084 5.520532
2085 5.440578
2086 5.344551
2087 5.181298
2088 5.047038
2089 4.998163
2090 5.23538
2091 5.141254
2092 6.012344
2093 6.419267
2094 6.421163
2095 6.342434
2096 6.24097
2097 6.147805
2098 6.051376
2099 5.898701
2100 5.767007
2101 5.592623
2102 5.426725
2103 5.447857
2104 5.447297
2105 5.503592
2106 5.518977
2107 5.425551
2108 5.328972
2109 5.182135
2110 5.015471
2111 4.840187
2112 4.663583
2113 4.485674
2114 4.30484
2115 4.199759
2116 4.058549
2117 4.00432
2118 3.842579
2119 3.671091
2120 3.504398
2121 3.371289
2122 3.236613
2123 3.362592
2124 3.315316
2125 3.207599
2126 3.096755
2127 2.982039
2128 2.893745
2129 2.799905
2130 2.695561
2131 2.600348
2132 2.499771
2133 2.398094
2134 2.313488
2135 2.241191
2136 2.141506
2137 2.465565
2138 2.84228
2139 2.872397
2140 3.119949
2141 3.096383
2142 3.074362
2143 3.100561
2144 3.087035
2145 3.092815
2146 3.055797
2147 3.232911
2148 3.244128
2149 3.24332
2150 3.242545
2151 3.225734
2152 3.200818
2153 3.181302
2154 3.151231
2155 3.106783
2156 3.085624
2157 3.066625
2158 3.028582
2159 3.083753
2160 3.11168
2161 3.136585
2162 3.134816
2163 3.092443
2164 3.057682
2165 3.039442
2166 3.013929
2167 3.027323
2168 3.04517
2169 3.003705
2170 3.083135
2171 3.149643
2172 3.402101
2173 3.231633
2174 3.277461
2175 3.200509
2176 3.260429
2177 3.198831
2178 3.156572
2179 3.51403
2180 3.314602
2181 3.588819
2182 3.431652
2183 3.387793
2184 3.415933
2185 3.330469
2186 3.269741
2187 3.214265
2188 3.162144
2189 3.405685
2190 3.330555
2191 3.252715
2192 3.192276
2193 3.130607
2194 3.075693
2195 3.021865
2196 2.972917
2197 2.91257
2198 2.864515
2199 2.817655
2200 2.779301
2201 2.738615
2202 2.697333
2203 2.65728
2204 2.615974
2205 2.633346
2206 2.721801
2207 2.712125
2208 2.67292
2209 2.644046
2210 2.610766
2211 2.583357
2212 2.556824
2213 2.53227
2214 2.50658
2215 2.476269
2216 2.451675
2217 2.428668
2218 2.478717
2219 2.431033
2220 2.421868
2221 2.694655
2222 3.215044
2223 3.285676
2224 3.32786
2225 3.373442
2226 3.482908
2227 3.53861
2228 3.512554
2229 3.498054
2230 3.682453
2231 4.346415
2232 5.41951
2233 5.410683
2234 5.428611
2235 5.425414
2236 5.430331
2237 5.597266
2238 5.56483
2239 5.537975
2240 5.518256
2241 5.492252
2242 5.443299
2243 5.403265
2244 5.393967
2245 5.362692
2246 5.346989
2247 5.477107
2248 5.830113
2249 5.944402
2250 5.945665
2251 5.941055
2252 5.844472
2253 5.832803
2254 5.888516
2255 6.587726
2256 6.877374
2257 7.083936
2258 7.233764
2259 7.372975
2260 7.412938
2261 7.49639
2262 7.602403
2263 7.671187
2264 7.91057
2265 7.912672
2266 8.726332
2267 9.427732
2268 9.817447
2269 10.029246
2270 10.133102
2271 10.119721
2272 10.100168
2273 10.022216
2274 9.972311
2275 9.974116
2276 9.958893
2277 9.919636
2278 9.807024
2279 9.668799
2280 9.648335
2281 9.538087
2282 9.544146
2283 9.460466
2284 9.320126
2285 9.102333
2286 8.857005
2287 9.034038
2288 9.182785
2289 9.01708
2290 9.104515
2291 10.231247
2292 10.348619
2293 11.066205
2294 11.473963
2295 11.479129
2296 11.408018
2297 11.574953
2298 11.682507
2299 11.562623
2300 11.369461
2301 11.245767
2302 11.964539
2303 12.258668
2304 12.368112
2305 12.196359
2306 11.985999
2307 11.828812
2308 11.527501
2309 11.237254
2310 10.968828
2311 10.58245
2312 10.234778
2313 10.094654
2314 9.768832
2315 10.333812
2316 10.799322
2317 10.90582
2318 10.875754
2319 11.283926
2320 11.040484
2321 10.789058
2322 11.160734
2323 11.865966
2324 11.764728
2325 11.523081
2326 11.373385
2327 11.013522
2328 10.608437
2329 10.199326
2330 9.831605
2331 9.429603
2332 9.426933
2333 11.396855
2334 11.627798
2335 12.150044
2336 12.167504
2337 12.228177
2338 12.204558
2339 11.988398
2340 11.635091
2341 11.302785
2342 10.935652
2343 11.094768
2344 11.711204
2345 12.214601
2346 12.090147
2347 12.015019
2348 13.073783
2349 13.103777
2350 12.885119
2351 12.562048
2352 12.175998
2353 11.91341
2354 12.125091
2355 14.710748
2356 14.953571
2357 16.721502
2358 19.056287
2359 19.407
2360 19.525783
2361 20.865944
2362 21.207591
2363 21.232316
2364 21.468037
2365 21.599131
2366 21.283337
2367 20.840235
2368 20.311498
2369 19.68724
2370 19.005853
2371 18.313167
2372 17.588271
2373 16.889026
2374 16.21185
2375 15.546048
2376 14.883049
2377 14.095495
2378 13.383845
2379 12.726382
2380 12.162428
2381 11.458582
2382 10.770697
2383 10.137244
2384 9.589476
2385 9.085504
2386 8.543458
2387 8.010543
2388 7.509964
2389 7.048333
2390 7.418651
2391 7.41824
2392 7.15357
2393 6.936169
2394 6.609535
2395 6.36345
2396 6.062774
2397 5.806434
2398 5.677446
2399 5.41264
2400 5.143933
2401 4.949011
2402 4.642369
2403 4.3126
2404 3.990984
2405 4.889464
2406 9.280812
2407 9.523896
2408 9.561918
2409 9.560717
2410 9.422155
2411 9.228362
2412 9.025929
2413 8.883431
2414 8.73295
2415 8.587184
2416 8.471004
2417 8.512751
2418 8.274155
2419 8.504326
2420 8.691065
2421 8.42525
2422 8.356527
2423 8.211284
2424 7.848421
2425 7.699588
2426 7.649559
2427 7.3762
2428 7.210283
2429 9.07041
2430 9.567551
2431 9.537602
2432 9.388754
2433 9.261747
2434 9.044757
2435 8.802385
2436 8.562503
2437 8.24085
2438 7.990793
2439 7.711334
2440 7.412089
2441 7.217488
2442 7.898909
2443 9.002273
2444 9.595478
2445 9.769949
2446 9.646167
2447 9.500381
2448 9.535789
2449 9.390928
2450 9.252249
2451 9.194365
2452 9.836603
2453 10.055603
2454 11.055235
2455 11.354267
2456 11.660956
2457 11.703364
2458 14.173387
2459 14.859746
2460 15.151948
2461 15.307127
2462 15.335505
2463 15.291549
2464 15.204228
2465 15.0484
2466 14.822534
2467 14.526764
2468 14.248014
2469 14.053867
2470 13.784524
2471 13.502029
2472 13.146882
2473 12.805277
2474 12.512966
2475 12.651932
2476 12.266419
2477 11.863367
2478 11.85198
2479 11.611873
2480 11.210395
2481 10.869862
2482 10.499346
2483 10.134565
2484 9.788279
2485 9.455507
2486 9.132949
2487 10.236589
2488 11.457498
2489 11.78235
2490 11.819913
2491 11.65159
2492 11.446421
2493 11.167994
2494 10.904388
2495 10.695533
2496 10.410684
2497 10.155123
2498 9.831433
2499 9.536175
2500 9.256083
2501 9.001803
2502 8.753942
2503 8.55324
2504 8.342126
2505 8.12328
2506 7.905114
2507 7.703114
2508 7.519132
2509 7.737584
2510 7.784005
2511 7.578257
2512 7.378373
2513 7.181554
2514 7.147553
2515 7.222234
2516 7.083703
2517 6.922866
2518 6.759947
2519 6.698699
2520 7.542366
2521 7.652542
2522 7.709926
2523 7.763293
2524 7.735381
2525 7.723744
2526 7.966263
2527 7.946075
2528 7.87836
2529 7.789333
2530 7.699555
2531 7.925756
2532 7.954495
2533 7.92199
2534 7.889278
2535 7.805235
2536 7.719698
2537 7.636594
2538 7.792702
2539 8.2131
2540 8.212696
2541 8.190483
2542 8.271852
2543 8.235818
2544 8.180991
2545 8.111305
2546 8.017678
2547 7.930653
2548 8.072148
2549 8.193373
2550 8.141287
2551 8.079924
2552 8.02825
2553 7.96283
2554 7.888845
2555 7.804708
2556 7.713514
2557 7.620667
2558 7.533303
2559 7.422018
2560 7.315342
2561 7.206229
2562 7.092661
2563 6.982731
2564 6.870606
2565 6.757162
2566 6.621569
2567 6.513894
2568 6.389299
2569 6.268473
2570 6.159254
2571 6.127492
2572 6.087137
2573 6.206427
2574 6.102002
2575 6.002638
2576 5.912487
2577 5.817055
2578 5.719329
2579 5.588276
2580 5.55738
2581 5.481157
2582 5.383808
2583 5.276397
2584 5.176302
2585 5.096397
2586 5.033247
2587 5.120133
2588 5.392389
2589 5.27837
2590 5.183227
2591 5.091658
2592 5.008705
2593 4.928273
2594 4.847283
2595 4.766076
2596 4.688359
2597 4.676758
2598 5.138561
2599 5.14015
2600 5.104276
2601 5.105262
2602 4.98305
2603 5.129156
2604 5.162299
2605 5.151337
2606 5.251516
2607 6.005946
2608 6.867928
2609 7.421592
2610 7.681662
2611 7.905619
2612 7.953781
2613 8.145207
2614 8.26349
2615 8.257086
2616 8.269772
2617 8.657406
2618 9.084627
2619 8.913502
2620 8.899757
2621 8.846335
2622 8.737155
2623 8.563426
2624 8.827974
2625 9.724714
2626 9.927556
2627 10.028767
2628 10.087219
2629 10.102652
2630 10.145352
2631 10.094052
2632 9.998937
2633 9.970408
2634 9.851859
2635 9.884218
2636 10.043178
2637 10.049425
2638 9.935245
2639 9.792584
2640 9.709769
2641 9.607219
2642 9.482575
2643 9.308248
2644 9.276281
2645 9.12418
2646 8.905827
2647 8.774035
2648 8.777517
2649 8.946601
2650 8.893714
2651 8.778093
2652 8.632059
2653 8.486102
2654 9.075113
2655 10.225247
2656 10.805223
2657 10.852974
2658 10.842132
2659 10.928748
2660 10.795726
2661 10.82093
2662 10.627397
2663 10.337323
2664 10.055604
2665 10.247954
2666 10.727749
2667 10.741373
2668 11.153028
2669 11.320304
2670 11.222809
2671 11.306354
2672 11.403698
2673 11.246916
2674 11.727747
2675 12.523415
2676 12.516618
2677 12.430108
2678 12.794598
2679 13.188339
2680 13.085164
2681 12.901243
2682 12.701508
2683 12.591461
2684 12.40152
2685 12.264585
2686 12.636891
2687 12.450976
2688 13.20838
2689 13.807533
2690 13.836799
2691 13.654549
2692 13.458015
2693 13.329741
2694 13.181769
2695 12.928501
2696 12.701181
2697 12.497997
2698 12.183232
2699 11.795866
2700 11.43571
2701 11.189464
2702 11.969504
2703 11.714668
2704 11.349367
2705 11.289911
2706 11.43664
2707 11.098636
2708 10.677883
2709 10.199324
2710 10.170869
2711 12.282804
2712 15.091216
2713 15.705535
2714 15.868807
2715 15.818656
2716 15.666893
2717 15.373763
2718 15.697928
2719 16.247342
2720 16.056112
2721 16.062329
2722 16.177716
2723 15.909531
2724 15.493504
2725 15.087639
2726 14.641829
2727 14.348538
2728 13.768526
2729 13.367789
2730 12.887996
2731 12.290081
2732 11.680375
2733 11.178485
2734 11.36746
2735 10.94827
2736 10.441254
2737 9.942834
2738 9.450978
2739 8.970319
2740 8.50993
2741 8.098059
2742 7.680161
2743 7.435311
2744 7.190051
2745 6.784811
2746 6.52268
2747 6.246811
2748 5.987576
2749 5.658505
2750 5.312891
2751 5.02582
2752 4.690013
2753 4.381077
2754 4.082817
2755 3.790636
2756 3.528219
2757 3.330424
2758 3.375873
2759 3.352403
2760 3.951533
2761 3.73935
2762 3.595912
2763 3.418705
2764 3.339556
2765 3.341892
2766 3.241052
2767 3.228124
2768 3.006744
2769 2.793506
2770 2.609558
2771 2.418645
2772 2.266273
2773 2.568522
2774 2.530748
2775 2.388668
2776 2.239719
2777 2.082118
2778 1.913092
2779 1.753163
2780 1.625368
2781 1.882396
2782 2.118032
2783 1.963188
2784 1.804716
2785 1.640673
2786 1.786138
2787 1.720351
2788 1.670876
2789 1.547771
2790 1.817389
2791 2.494228
2792 2.619177
2793 2.547131
2794 2.473708
2795 2.343398
2796 2.237292
2797 2.124567
2798 2.003808
2799 1.883383
2800 1.754767
2801 1.710733
2802 2.536535
2803 2.415254
2804 2.289182
2805 2.172426
2806 2.058357
2807 1.928629
2808 1.799959
2809 1.665515
2810 1.693878
2811 1.580632
2812 1.45539
2813 1.348524
2814 1.312118
2815 1.222293
2816 1.099744
2817 1.037975
2818 1.165496
2819 1.585909
2820 1.792157
2821 1.703998
2822 1.59921
2823 1.523882
2824 1.435555
2825 1.374154
2826 1.269165
2827 1.228871
2828 1.28629
2829 1.593627
2830 1.579705
2831 1.660199
2832 2.006425
2833 2.130697
2834 3.17988
2835 3.31934
2836 3.377396
2837 3.409646
2838 3.461326
2839 3.387601
2840 3.362458
2841 3.270874
2842 3.293383
2843 3.218179
2844 3.154236
2845 3.118167
2846 3.067457
2847 3.160296
2848 3.276665
2849 3.24304
2850 3.209043
2851 3.217123
2852 3.163568
2853 3.16907
2854 3.260241
2855 3.554432
2856 3.547366
2857 3.523921
2858 3.57172
2859 3.55065
2860 3.496582
2861 3.461244
2862 3.405507
2863 3.338751
2864 3.270571
2865 3.214075
2866 3.28499
2867 3.243
2868 3.176209
2869 3.089727
2870 3.011041
2871 2.972593
2872 3.188188
2873 3.150675
2874 3.090889
2875 3.037113
2876 2.995555
2877 2.96573
2878 2.927336
2879 2.972361
2880 3.017906
2881 3.000469
2882 3.026645
2883 2.983186
2884 2.929844
2885 2.894307
2886 2.848286
2887 2.828214
2888 2.792817
2889 2.756939
2890 2.713778
2891 2.681415
2892 2.693807
2893 2.712235
2894 2.654697
2895 2.620321
2896 2.581454
2897 2.547722
2898 2.507625
2899 2.473974
2900 2.441212
2901 2.401474
2902 2.331615
2903 2.335329
2904 2.303637
2905 2.26258
2906 2.229702
2907 2.197017
2908 2.214366
2909 2.605675
2910 2.713273
2911 2.711783
2912 2.700427
2913 2.696336
2914 2.667651
2915 2.676067
2916 2.672903
2917 2.656675
2918 2.644897
2919 2.634535
2920 2.613939
2921 2.583605
2922 2.538312
2923 2.511974
2924 2.483009
2925 2.447994
2926 2.461872
2927 2.480497
2928 2.449812
2929 2.410946
2930 2.389029
2931 2.36639
2932 2.346181
2933 2.325459
2934 2.294845
2935 2.293175
2936 2.276661
2937 2.26297
2938 2.246136
2939 2.232086
2940 2.221857
2941 2.206013
2942 2.190868
2943 2.176632
2944 2.162164
2945 2.150585
2946 2.136717
2947 2.119519
2948 2.092394
2949 2.086352
2950 2.165772
2951 2.100904
2952 2.174694
2953 2.170403
2954 2.136319
2955 2.141349
2956 2.22136
2957 2.205335
2958 2.190223
2959 2.166028
2960 2.152249
2961 2.139607
2962 2.141225
2963 2.132058
2964 2.327626
2965 2.220718
2966 2.190774
2967 2.172039
2968 2.147475
2969 2.123085
2970 2.096754
2971 2.064753
2972 2.036651
2973 1.942611
2974 1.861783
2975 2.04158
2976 2.078865
2977 2.129156
2978 2.138536
2979 2.145898
2980 2.138907
2981 2.135772
2982 2.158154
2983 2.148101
2984 2.162066
2985 2.541354
2986 2.368638
2987 2.340715
2988 2.309802
2989 2.448701
2990 2.375524
2991 2.353185
2992 2.332585
2993 2.326041
2994 2.285543
2995 2.099868
2996 2.233521
2997 2.188465
2998 2.126362
2999 2.115788
3000 2.270125
3001 2.331368
3002 2.413761
3003 2.370885
3004 2.283228
3005 2.227241
3006 2.138411
3007 2.102027
3008 2.184307
3009 2.696826
3010 2.787343
3011 2.788896
3012 2.759521
3013 2.734187
3014 2.684902
3015 2.858562
3016 3.121917
3017 3.213954
3018 3.304749
3019 3.739657
3020 3.611386
3021 3.439226
3022 3.526858
3023 3.448517
3024 3.410022
3025 3.341838
3026 3.203365
3027 3.056832
3028 3.069041
3029 3.126512
3030 3.11415
3031 3.294898
3032 3.463666
3033 3.530006
3034 3.406842
3035 3.282816
3036 3.165556
3037 3.046442
3038 2.920422
3039 2.767662
3040 2.659343
3041 2.577731
3042 3.077945
3043 3.862191
3044 3.92372
3045 3.879264
3046 4.06697
3047 4.665383
3048 4.747094
3049 5.484337
3050 5.689143
3051 6.178519
3052 6.485831
3053 7.741097
3054 8.28951
3055 8.415055
3056 9.221574
3057 9.616313
3058 9.685888
3059 9.742264
3060 9.793683
3061 10.192432
3062 10.566203
3063 10.473994
3064 10.328278
3065 10.251531
3066 9.952753
3067 9.651172
3068 9.316899
3069 8.953213
3070 8.908203
3071 8.604684
3072 8.783095
3073 8.685619
3074 8.357421
3075 8.026646
3076 7.770206
3077 7.547422
3078 7.158485
3079 7.092616
3080 6.847667
3081 7.021645
3082 6.782774
3083 6.531747
3084 6.245321
3085 5.946838
3086 5.645277
3087 5.389325
3088 5.07263
3089 4.762639
3090 4.43659
3091 4.160844
3092 4.060974
3093 3.795224
3094 3.522374
3095 3.25201
3096 3.053695
3097 3.076345
3098 3.081907
3099 3.053044
3100 2.818462
3101 3.557832
3102 3.3681
3103 3.135008
3104 2.878893
3105 2.643015
3106 2.488854
3107 2.566356
3108 2.698738
3109 2.969039
3110 3.055378
3111 3.267795
3112 3.14629
3113 3.157846
3114 3.104293
3115 2.919131
3116 2.723144
3117 2.705907
3118 3.603846
3119 3.543555
3120 3.369527
3121 3.208525
3122 3.023823
3123 3.036198
3124 3.16534
3125 3.112264
3126 2.943464
3127 2.743256
3128 2.533853
3129 2.3055
3130 2.081409
3131 1.940758
3132 1.732091
3133 1.532629
3134 1.534968
3135 1.523674
3136 1.552757
3137 1.635337
3138 1.488607
3139 1.452627
3140 1.368996
3141 1.286443
3142 1.209912
3143 1.045558
3144 0.897307
3145 0.867275
3146 0.821728
3147 0.771469
3148 0.722876
3149 0.660934
3150 0.613071
3151 0.588036
3152 0.55166
3153 0.513072
3154 0.479976
3155 0.448732
3156 0.422762
3157 0.400063
3158 0.361469
3159 0.347383
3160 0.322341
3161 0.300602
3162 0.269982
3163 0.304737
3164 0.292027
3165 0.286114
3166 0.268154
3167 0.244571
3168 0.224943
3169 0.214128
3170 0.19443
3171 0.174624
3172 0.159309
3173 0.144572
3174 0.136648
3175 0.12447
3176 0.113302
3177 0.193325
3178 0.322126
3179 0.445532
3180 0.44462
3181 0.441623
3182 0.447086
3183 0.447269
3184 0.445282
3185 0.416521
3186 0.42046
3187 0.425854
3188 0.406695
3189 0.399528
3190 0.398203
3191 0.409805
3192 0.410903
3193 0.427967
3194 0.408959
3195 0.392605
3196 0.387578
3197 0.374942
3198 0.381483
3199 0.371294
3200 0.359615
3201 0.34741
3202 0.330491
3203 0.316233
3204 0.307369
3205 0.296485
3206 0.303031
3207 0.299807
3208 0.310226
3209 0.358907
3210 0.346072
3211 0.33814
3212 0.329384
3213 0.319132
3214 0.311692
3215 0.293923
3216 0.306649
3217 0.29424
3218 0.289886
3219 0.350729
3220 0.332337
3221 0.332584
3222 0.331764
3223 0.336084
3224 0.344748
3225 0.333038
3226 0.327013
3227 0.369976
3228 0.65945
3229 1.061943
3230 2.30362
3231 2.886363
3232 3.212635
3233 3.456105
3234 3.616435
3235 3.741209
3236 3.921668
3237 4.071288
3238 4.219584
3239 4.361451
3240 4.484739
3241 4.614361
3242 4.736686
3243 4.837745
3244 5.382645
3245 5.439394
3246 5.429153
3247 5.427985
3248 5.549742
3249 7.651984
3250 8.295206
3251 8.567535
3252 8.664646
3253 8.800519
3254 8.903406
3255 8.909267
3256 8.878489
3257 8.835893
3258 8.813972
3259 8.769013
3260 8.776841
3261 8.793102
3262 8.711573
3263 8.608572
3264 8.514601
3265 8.920141
3266 10.766241
3267 11.166092
3268 11.26324
3269 11.303695
3270 11.317399
3271 11.247864
3272 11.245293
3273 11.131622
3274 10.986604
3275 10.827738
3276 10.672245
3277 10.493569
3278 10.326597
3279 10.16852
3280 9.985531
3281 9.7962
3282 9.597294
3283 9.406747
3284 9.491387
3285 9.321127
3286 9.123659
3287 8.912632
3288 8.730135
3289 8.562614
3290 8.393997
3291 8.495993
3292 8.28617
3293 8.102504
3294 7.917275
3295 7.735002
3296 7.563051
3297 7.400676
3298 7.227283
3299 7.052439
3300 6.880852
3301 6.731769
3302 6.582395
3303 6.530631
3304 6.461081
3305 6.307766
3306 6.161633
3307 6.031334
3308 5.888709
3309 5.759536
3310 5.758515
3311 5.605486
3312 5.475278
3313 5.682769
3314 5.448617
3315 5.316669
3316 5.197931
3317 5.083048
3318 4.972079
3319 4.853647
3320 5.060234
3321 4.915894
3322 4.79743
3323 5.165689
3324 4.974958
3325 4.838821
3326 4.709691
3327 4.583121
3328 4.473379
3329 4.379274
3330 4.274561
3331 4.177535
3332 4.082245
3333 4.002341
3334 3.920038
3335 3.832615
3336 3.741945
3337 3.688792
3338 4.009858
3339 3.979244
3340 3.900642
3341 3.970795
3342 4.116663
3343 4.235514
3344 4.233862
3345 4.314226
3346 4.227068
3347 4.589003
3348 4.851473
3349 5.050005
3350 5.174365
3351 5.655763
3352 7.003839
3353 7.550755
3354 7.918252
3355 8.155167
3356 8.346822
3357 8.481151
3358 8.712899
3359 8.809202
3360 8.971645
3361 9.159408
3362 9.193073
3363 9.297568
3364 9.433846
3365 9.613774
3366 9.573713
3367 9.49245
3368 9.411304
3369 9.267109
3370 9.086138
3371 9.220811
3372 9.467856
3373 10.606365
3374 10.596035
3375 11.04165
3376 11.177352
3377 11.316764
3378 11.338886
3379 11.2193
3380 11.006249
3381 10.807394
3382 10.604807
3383 10.360828
3384 10.137563
3385 9.870926
3386 9.667533
3387 9.441194
3388 9.249944
3389 9.06995
3390 8.863345
3391 8.60766
3392 8.314205
3393 7.99749
3394 7.782808
3395 7.947313
3396 7.934117
3397 7.742425
3398 8.024497
3399 8.356478
3400 8.218005
3401 8.048343
3402 8.044602
3403 8.25662
3404 8.085029
3405 7.924637
3406 7.626927
3407 7.3442
3408 7.28571
3409 7.210454
3410 7.1544
3411 6.956927
3412 6.713501
3413 6.452807
3414 6.221158
3415 6.082176
3416 6.14488
3417 6.517745
3418 6.932813
3419 6.931141
3420 6.760566
3421 6.985368
3422 7.633773
3423 7.550499
3424 7.407752
3425 7.671614
3426 8.32165
3427 8.239526
3428 8.171508
3429 10.790973
3430 16.225037
3431 22.573185
3432 25.936643
3433 28.451355
3434 30.044912
3435 31.072812
3436 31.629742
3437 33.206409
3438 35.442463
3439 36.601201
3440 36.433383
3441 35.921361
3442 34.959105
3443 34.039729
3444 32.940369
3445 31.828707
3446 30.532796
3447 29.208299
3448 28.007853
3449 29.254194
3450 30.392657
3451 30.131039
3452 29.275844
3453 28.680203
3454 27.710908
3455 27.474454
3456 27.929075
3457 27.338653
3458 26.533246
3459 25.842123
3460 25.794281
3461 24.886308
3462 24.25302
3463 24.518939
3464 23.625829
3465 22.601847
3466 21.776882
3467 20.956962
3468 19.934175
3469 18.923182
3470 17.961735
3471 17.144703
3472 18.987015
3473 20.645716
3474 20.053865
3475 19.814492
3476 19.683765
3477 19.028399
3478 19.001172
3479 18.357412
3480 17.807796
3481 17.044615
3482 16.278893
3483 15.52403
3484 14.756252
3485 14.901582
3486 14.826011
3487 14.158441
3488 13.516457
3489 12.887886
3490 13.034134
3491 12.492359
3492 11.934953
3493 11.427875
3494 10.865781
3495 10.327961
3496 9.810068
3497 9.310204
3498 9.482875
3499 10.089943
3500 9.664661
3501 9.311465
3502 9.030905
3503 9.115045
3504 10.107708
3505 9.954912
3506 9.778122
3507 9.649605
3508 9.456663
3509 9.300364
3510 9.203004
3511 9.12143
3512 8.979933
3513 8.715584
3514 8.410939
3515 8.089439
3516 7.964578
3517 7.880869
3518 7.803169
3519 7.643135
3520 7.363897
3521 7.052965
3522 6.739924
3523 6.461763
3524 6.531505
3525 6.437438
3526 6.213755
3527 6.366361
3528 6.670628
3529 6.539341
3530 6.300126
3531 6.054647
3532 6.291329
3533 6.042293
3534 5.779298
3535 5.517885
3536 5.300241
3537 5.247357
3538 5.059684
3539 4.87095
3540 4.666334
3541 4.463823
3542 4.241068
3543 4.016118
3544 3.807783
3545 3.613468
3546 3.925744
3547 3.838365
3548 3.664906
3549 3.48231
3550 3.289696
3551 3.102838
3552 2.915823
3553 2.727377
3554 2.566841
3555 2.403243
3556 2.279644
3557 2.124031
3558 1.973254
3559 1.862955
3560 1.738772
3561 1.601413
3562 1.771664
3563 1.917289
3564 1.796075
3565 1.714352
3566 1.613336
3567 1.475446
3568 1.521725
3569 1.879345
3570 1.779551
3571 1.687885
3572 1.610408
3573 1.53162
3574 1.487462
3575 1.44114
3576 1.41965
3577 1.411293
3578 1.346827
3579 1.354234
3580 1.43969
3581 1.374732
3582 1.310582
3583 1.476239
3584 2.006088
3585 2.00502
3586 1.979935
3587 2.097615
3588 2.14755
3589 2.163224
3590 2.14625
3591 2.289522
3592 2.251711
3593 2.612491
3594 2.7129
3595 2.760715
3596 2.905632
3597 2.894722
3598 2.866045
3599 2.842332
3600 2.843405
3601 2.802455
3602 2.782523
3603 2.810953
3604 2.790697
3605 2.765771
3606 2.730958
3607 2.834215
3608 2.854327
3609 2.843219
3610 2.965948
3611 3.196607
3612 3.216635
3613 3.226623
3614 3.206289
3615 3.175108
3616 3.145514
3617 3.121177
3618 3.200707
3619 3.569079
3620 3.688193
3621 3.72915
3622 3.731483
3623 3.735039
3624 3.752669
3625 3.748015
3626 3.734649
3627 3.843918
3628 4.117876
3629 4.929585
3630 5.110876
3631 5.225795
3632 5.588661
3633 5.855113
3634 5.983214
3635 6.075064
3636 6.134211
3637 6.155328
3638 6.188799
3639 6.218059
3640 6.242438
3641 6.25442
3642 6.273691
3643 6.258626
3644 6.24369
3645 6.224758
3646 6.201048
3647 6.198338
3648 6.137749
3649 6.083747
3650 6.014851
3651 5.94775
3652 5.893644
3653 5.831043
3654 6.004962
3655 6.289661
3656 6.285151
3657 6.465572
3658 7.10979
3659 6.941268
3660 6.822421
3661 6.719028
3662 6.62005
3663 6.532552
3664 6.465947
3665 6.883054
3666 7.361995
3667 7.390492
3668 7.382832
3669 7.365463
3670 7.356385
3671 7.380135
3672 7.337768
3673 7.342677
3674 8.094603
3675 7.956873
3676 7.772431
3677 7.607949
3678 7.455281
3679 7.333791
3680 7.216869
3681 7.100147
3682 6.987624
3683 6.869531
3684 6.769156
3685 6.660691
3686 6.551532
3687 6.424888
3688 6.274522
3689 6.077276
3690 6.244857
3691 7.003685
3692 7.387148
3693 7.601782
3694 7.701097
3695 7.733524
3696 7.723092
3697 8.146011
3698 8.526626
3699 8.708447
3700 8.772691
3701 8.839863
3702 8.879095
3703 9.002087
3704 9.37611
3705 9.420986
3706 9.398825
3707 9.326919
3708 9.281864
3709 9.193883
3710 9.123602
3711 9.074325
3712 9.152774
3713 9.068482
3714 8.954714
3715 8.837285
3716 8.68441
3717 8.576464
3718 8.437615
3719 8.429473
3720 8.291865
3721 8.155061
3722 8.286914
3723 8.190937
3724 8.102778
3725 7.953206
3726 7.833391
3727 7.668137
3728 7.485353
3729 7.773402
3730 7.930637
3731 8.43241
3732 8.22177
3733 8.099156
3734 8.116021
3735 8.027178
3736 7.916798
3737 7.844538
3738 7.723213
3739 7.537072
3740 7.322129
3741 7.099868
3742 7.191688
3743 7.323468
3744 7.24354
3745 7.098171
3746 6.907351
3747 6.762539
3748 6.586903
3749 6.97571
3750 7.451455
3751 7.311911
3752 7.176315
3753 7.02015
3754 6.874078
3755 7.33561
3756 7.246366
3757 7.059215
3758 6.855132
3759 6.697121
3760 6.514602
3761 6.268405
3762 6.136462
3763 6.164558
3764 6.034475
3765 6.13838
3766 6.048623
3767 5.898737
3768 5.789102
3769 5.767928
3770 5.662652
3771 5.510219
3772 5.339266
3773 5.193202
3774 5.078023
3775 4.987483
3776 4.830501
3777 4.594184
3778 4.362337
3779 4.592644
3780 4.484314
3781 4.344668
3782 4.328287
3783 4.097307
3784 4.810638
3785 5.091066
3786 5.536531
3787 5.593986
3788 5.640796
3789 5.620198
3790 5.58001
3791 5.69391
3792 6.404361
3793 6.462886
3794 6.400573
3795 6.305731
3796 6.209595
3797 6.125893
3798 6.018141
3799 5.850362
3800 5.960009
3801 5.914789
3802 5.824848
3803 5.640891
3804 5.43105
3805 5.21341
3806 4.989021
3807 4.916154
3808 4.844961
3809 5.180325
3810 4.988951
3811 4.708681
3812 4.441105
3813 4.288091
3814 4.153331
3815 4.370363
3816 4.220927
3817 4.446962
3818 4.301619
3819 4.290842
3820 4.044212
3821 3.856666
3822 3.685849
3823 3.492555
3824 3.254129
3825 3.005261
3826 2.771181
3827 2.536228
3828 2.353315
3829 2.726346
3830 2.726882
3831 2.623494
3832 2.646887
3833 2.53715
3834 2.500051
3835 2.318659
3836 2.132092
3837 1.906545
3838 2.041472
3839 1.887658
3840 1.762524
3841 1.605722
3842 1.403749
3843 1.207607
3844 1.005281
3845 0.869862
3846 0.879547
3847 0.853383
3848 0.791421
3849 0.731714
3850 0.672584
3851 0.645025
3852 0.588948
3853 0.547655
3854 0.608235
3855 0.76318
3856 0.728917
3857 0.734385
3858 0.699092
3859 0.776815
3860 0.958884
3861 0.889954
3862 0.879629
3863 0.854332
3864 0.83381
3865 0.782199
3866 0.736893
3867 0.692229
3868 0.671952
3869 0.656743
3870 0.617781
3871 0.579727
3872 0.543386
3873 0.506856
3874 0.482387
3875 0.470918
3876 0.538868
3877 0.501553
3878 0.496436
3879 0.465826
3880 0.438146
3881 0.408888
3882 0.39483
3883 0.470986
3884 0.466709
3885 0.449555
3886 0.426164
3887 0.416171
3888 0.402653
3889 0.382049
3890 0.377541
3891 0.37766
3892 0.355984
3893 0.330977
3894 0.3103
3895 0.295981
3896 0.279819
3897 0.250313
3898 0.23186
3899 0.214036
3900 0.198047
3901 0.178899
3902 0.169497
3903 0.161842
3904 0.155256
3905 0.136067
3906 0.116983
3907 0.102846
3908 0.100044
3909 0.099047
3910 0.088602
3911 0.087654
3912 0.073792
3913 0.065085
3914 0.059825
3915 0.079157
3916 0.063328
3917 0.048186
3918 0.077331
3919 0.0658
3920 0.096597
3921 0.139713
3922 0.111502
3923 0.10146
3924 0.123537
3925 0.10982
3926 0.105322
3927 0.098681
3928 0.094287
3929 0.087732
3930 0.077427
3931 0.076505
3932 0.09048
3933 0.096464
3934 0.090962
3935 0.085464
3936 0.081234
3937 0.088127
3938 0.089463
3939 0.089947
3940 0.064701
3941 0.062483
3942 0.060994
3943 0.066563
3944 0.053993
3945 0.057176
3946 0.059405
3947 0.061548
3948 0.075002
3949 0.086805
3950 0.067702
3951 0.060424
3952 0.057897
3953 0.055562
3954 0.052498
3955 0.049376
3956 0.072566
3957 0.055811
3958 0.058521
3959 0.045673
3960 0.045163
3961 0.043391
3962 0.09458
3963 0.115552
3964 0.107748
3965 0.126469
3966 0.108367
3967 0.113413
3968 0.111432
3969 0.118148
3970 0.13469
3971 0.141158
3972 0.199123
3973 0.245296
3974 0.228663
3975 0.222826
3976 0.233081
3977 0.237296
3978 0.23791
3979 0.26469
3980 0.22838
3981 0.249763
3982 0.331457
3983 0.22308
3984 0.293597
3985 0.387965
3986 0.388083
3987 0.520953
3988 0.422612
3989 0.416911
3990 0.632069
3991 0.445459
3992 0.451589
3993 0.4598
3994 0.458421
3995 0.669209
3996 0.478654
3997 0.534433
3998 0.487061
3999 0.497406
4000 0.642453
4001 0.615414
4002 0.58027
4003 0.555944
4004 0.552426
4005 0.556047
4006 0.558806
4007 0.55873
4008 0.561676
4009 0.557819
4010 0.552453
4011 0.548205
4012 0.561803
4013 0.561084
4014 0.562451
4015 0.556538
4016 0.562661
4017 0.537249
4018 0.57647
4019 0.529788
4020 0.637181
4021 0.684646
4022 0.804543
4023 0.890408
4024 0.910305
4025 0.912698
4026 0.933835
4027 0.937153
4028 0.934973
4029 0.938014
4030 0.938381
4031 0.952006
4032 0.944447
4033 0.945748
4034 0.950908
4035 0.955579
4036 0.943844
4037 0.948162
4038 1.041821
4039 1.060277
4040 1.054124
4041 1.083991
4042 1.090328
4043 1.095868
4044 1.092013
4045 1.103691
4046 1.351405
4047 1.877473
4048 2.01995
4049 2.070637
4050 2.09882
4051 2.147385
4052 2.263553
4053 2.323011
4054 2.329633
4055 2.33228
4056 2.344833
4057 2.345558
4058 2.401312
4059 2.406357
4060 2.401494
4061 2.401356
4062 2.395733
4063 2.344469
4064 2.776907
4065 4.274862
4066 3.364349
4067 3.298335
4068 3.234143
4069 3.165945
4070 3.101219
4071 3.036852
4072 2.978606
4073 2.933853
4074 2.871224
4075 2.828209
4076 2.781489
4077 2.728185
4078 2.675024
4079 2.680418
4080 2.613571
4081 2.552121
4082 2.881098
4083 2.771899
4084 2.627731
4085 2.634048
4086 3.769719
4087 4.09274
4088 4.274199
4089 4.475817
4090 5.080473
4091 5.236912
4092 5.308303
4093 5.756306
4094 5.85919
4095 5.920409
4096 5.934376
4097 5.978479
4098 6.005028
4099 5.991451
4100 6.14089
4101 6.17899
4102 6.117199
4103 6.044248
4104 5.995838
4105 5.913747
4106 5.789739
4107 5.718652
4108 5.805206
4109 5.704453
4110 6.329564
4111 7.136474
4112 7.164614
4113 7.092092
4114 7.215375
4115 8.697499
4116 8.910374
4117 8.781003
4118 8.72182
4119 8.748003
4120 9.046113
4121 9.028051
4122 8.913042
4123 8.76911
4124 10.31081
4125 10.487871
4126 10.401026
4127 10.389002
4128 10.148126
4129 9.979605
4130 9.932342
4131 9.71711
4132 9.407702
4133 9.395224
4134 9.100616
4135 8.771242
4136 8.463546
4137 8.565313
4138 10.244953
4139 10.380747
4140 10.22373
4141 10.013599
4142 9.802439
4143 9.656921
4144 9.387301
4145 9.06664
4146 8.789674
4147 9.048908
4148 8.932446
4149 9.29061
4150 9.71838
4151 9.890536
4152 10.04915
4153 10.00506
4154 10.147483
4155 10.314117
4156 10.242718
4157 10.159711
4158 9.869608
4159 9.646251
4160 9.364599
4161 9.074562
4162 9.64516
4163 10.726002
4164 10.854157
4165 10.636351
4166 10.318043
4167 10.007983
4168 10.251057
4169 10.261709
4170 9.951702
4171 9.599374
4172 9.245524
4173 8.876452
4174 8.505739
4175 8.467645
4176 8.129901
4177 7.76979
4178 7.925749
4179 8.453088
4180 8.358264
4181 8.046443
4182 7.702969
4183 7.633488
4184 7.333448
4185 6.997504
4186 6.765512
4187 7.015685
4188 6.667676
4189 6.377373
4190 6.328463
4191 6.001996
4192 5.698881
4193 5.526979
4194 5.421717
4195 6.113827
4196 5.982961
4197 5.852475
4198 5.620394
4199 5.366129
4200 5.154074
4201 4.98828
4202 4.779358
4203 4.543886
4204 4.307626
4205 4.060793
4206 3.824088
4207 3.706757
4208 3.598291
4209 3.523531
4210 4.304259
4211 4.461881
4212 4.282391
4213 4.168727
4214 3.933719
4215 3.724607
4216 3.523987
4217 3.348257
4218 3.375863
4219 3.963826
4220 4.042212
4221 3.921277
4222 3.81648
4223 3.807919
4224 3.76625
4225 3.839121
4226 4.410957
4227 4.328339
4228 4.086448
4229 3.834055
4230 3.709423
4231 4.012323
4232 4.015595
4233 3.851553
4234 3.603982
4235 3.37816
4236 3.843634
4237 3.772382
4238 3.613271
4239 3.457347
4240 3.299339
4241 3.137321
4242 2.959253
4243 2.795695
4244 2.62225
4245 2.4193
4246 2.227086
4247 2.392829
4248 2.453593
4249 2.35596
4250 2.163854
4251 1.972296
4252 1.775672
4253 1.564952
4254 2.884808
4255 3.808639
4256 4.131386
4257 4.114905
4258 4.478217
4259 4.495998
4260 4.394844
4261 4.310908
4262 4.198107
4263 4.065715
4264 4.166954
4265 4.91393
4266 4.901622
4267 4.751337
4268 4.56889
4269 4.430881
4270 4.362699
4271 4.712074
4272 5.447324
4273 7.311443
4274 7.890913
4275 7.906542
4276 7.874807
4277 7.776649
4278 7.791967
4279 7.695433
4280 7.707673
4281 7.580945
4282 7.554189
4283 7.668539
4284 7.995941
4285 7.993407
4286 7.781633
4287 7.5325
4288 7.436587
4289 7.271863
4290 7.172995
4291 7.041258
4292 6.759756
4293 6.46236
4294 6.23059
4295 6.723453
4296 6.588232
4297 6.413673
4298 6.18259
4299 5.925974
4300 5.741194
4301 5.781961
4302 6.086165
4303 6.017084
4304 5.895105
4305 5.752085
4306 5.590244
4307 5.74626
4308 6.384855
4309 6.484358
4310 6.487699
4311 6.408976
4312 6.951645
4313 7.28774
4314 7.301598
4315 7.272951
4316 7.177057
4317 7.241765
4318 7.162155
4319 7.018294
4320 6.876437
4321 6.718247
4322 6.593894
4323 6.474059
4324 6.380107
4325 6.280686
4326 6.191633
4327 6.050873
4328 5.943756
4329 5.806219
4330 5.667191
4331 5.502573
4332 6.089785
4333 6.272891
4334 6.195651
4335 6.14809
4336 6.060174
4337 5.973512
4338 5.882474
4339 5.806921
4340 5.71613
4341 5.612884
4342 5.504631
4343 5.374931
4344 5.250663
4345 5.124131
4346 4.997009
4347 4.88409
4348 4.879276
4349 5.210315
4350 6.061237
4351 6.431344
4352 6.618553
4353 6.935295
4354 6.833815
4355 6.826523
4356 6.798697
4357 6.761452
4358 6.702803
4359 6.648275
4360 6.572276
4361 6.457282
4362 6.459703
4363 6.422416
4364 6.398689
4365 6.342222
4366 6.274791
4367 6.202207
4368 6.126837
4369 6.026941
4370 5.929488
4371 5.824978
4372 5.815944
4373 6.528687
4374 6.914945
4375 7.102004
4376 7.109134
4377 7.127073
4378 7.119231
4379 7.116251
4380 7.085648
4381 7.042456
4382 7.008017
4383 7.171185
4384 7.127512
4385 7.046532
4386 6.960949
4387 7.132859
4388 7.525355
4389 7.517822
4390 7.487757
4391 7.443411
4392 7.393336
4393 7.369088
4394 7.333538
4395 7.30714
4396 7.344297
4397 7.5477
4398 7.679547
4399 7.504211
4400 7.384022
4401 7.2906
4402 7.170813
4403 7.081284
4404 7.420608
4405 7.151829
4406 7.007613
4407 6.878238
4408 6.746476
4409 6.611783
4410 6.499235
4411 6.40882
4412 6.373345
4413 6.290413
4414 6.177612
4415 6.06183
4416 5.955516
4417 5.860129
4418 5.765319
4419 5.671308
4420 5.667966
4421 5.551649
4422 5.453302
4423 5.359846
4424 5.268009
4425 5.249668
4426 5.250974
4427 5.160463
4428 5.055169
4429 4.960986
4430 4.879388
4431 4.786396
4432 4.697815
4433 4.584275
4434 4.523487
4435 4.370962
4436 4.401886
4437 5.059377
4438 5.600774
4439 5.641259
4440 5.628661
4441 5.49955
4442 5.468573
4443 5.582035
4444 5.787135
4445 5.724615
4446 5.64969
4447 5.573975
4448 5.535781
4449 5.467618
4450 5.3928
4451 5.433305
4452 5.511833
4453 5.404511
4454 5.46324
4455 6.871265
4456 7.532862
4457 8.036105
4458 8.29634
4459 8.487363
4460 8.619996
4461 8.736466
4462 8.908179
4463 9.632716
4464 10.742442
4465 11.120188
4466 11.166101
4467 11.381341
4468 11.393568
4469 11.397514
4470 11.775921
4471 11.873401
4472 11.966362
4473 12.788815
4474 14.285223
4475 15.065436
4476 18.173393
4477 19.176088
4478 19.615932
4479 19.90965
4480 20.043102
4481 20.06547
4482 19.985762
4483 20.01292
4484 21.248115
4485 21.404446
4486 21.070974
4487 20.692949
4488 20.261451
4489 19.703641
4490 19.119428
4491 18.748369
4492 18.20389
4493 17.535763
4494 16.824515
4495 16.409461
4496 16.706483
4497 16.876812
4498 17.666001
4499 18.602975
4500 18.305799
4501 17.732414
4502 17.21192
4503 16.706642
4504 16.213226
4505 15.70801
4506 15.242143
4507 14.867053
4508 14.46067
4509 13.900476
4510 13.346097
4511 12.741032
4512 12.126638
4513 11.529876
4514 11.025221
4515 10.680476
4516 10.892214
4517 10.392887
4518 10.602785
4519 10.508648
4520 10.175289
4521 9.73587
4522 9.301843
4523 8.948697
4524 8.537605
4525 8.108415
4526 7.733851
4527 7.710368
4528 7.599519
4529 7.411031
4530 7.071957
4531 6.77043
4532 6.444253
4533 6.138535
4534 5.90584
4535 5.772925
4536 6.174895
4537 6.468633
4538 7.708216
4539 7.794697
4540 7.753626
4541 7.557984
4542 7.339406
4543 7.064585
4544 6.771155
4545 6.468666
4546 6.164221
4547 5.870579
4548 5.57191
4549 5.288705
4550 5.044733
4551 4.836555
4552 4.754585
4553 4.73218
4554 4.477194
4555 4.81601
4556 4.851753
4557 4.666247
4558 4.418539
4559 4.150336
4560 3.889409
4561 3.641627
4562 3.471132
4563 3.293341
4564 3.053173
4565 2.850949
4566 2.668332
4567 2.657523
4568 3.004587
4569 2.794921
4570 2.579204
4571 2.358535
4572 2.127676
4573 2.01509
4574 1.872278
4575 1.736687
4576 1.548342
4577 1.392817
4578 1.212289
4579 1.067161
4580 0.970251
4581 0.879545
4582 0.829563
4583 0.772579
4584 0.728075
4585 0.681239
4586 0.640062
4587 0.596041
4588 0.569231
4589 0.531178
4590 0.602844
4591 0.660639
4592 0.614869
4593 0.576059
4594 0.537187
4595 0.495966
4596 0.462004
4597 0.42804
4598 0.388706
4599 0.477957
4600 0.586112
4601 0.628578
4602 0.768569
4603 0.774593
4604 0.872984
4605 0.844856
4606 0.823314
4607 0.857438
4608 0.88303
4609 1.207482
4610 1.678652
4611 1.68569
4612 1.632773
4613 1.486002
4614 5.05301
4615 7.562535
4616 9.124899
4617 11.804241
4618 15.691249
4619 19.739353
4620 22.510016
4621 24.17278
4622 27.036398
4623 28.053938
4624 28.658962
4625 28.596137
4626 28.208347
4627 27.579491
4628 26.746226
4629 26.065236
4630 25.224468
4631 24.318366
4632 23.633358
4633 23.374
4634 22.413182
4635 21.408521
4636 22.209384
4637 21.91437
4638 21.015074
4639 20.070709
4640 19.248313
4641 18.441668
4642 17.685474
4643 16.868649
4644 16.032439
4645 15.239987
4646 14.513954
4647 14.252779
4648 14.222454
4649 13.561907
4650 12.92781
4651 12.82962
4652 12.416808
4653 11.901839
4654 11.345867
4655 10.828912
4656 10.548485
4657 11.21057
4658 11.275638
4659 11.466401
4660 11.141726
4661 10.850677
4662 10.509593
4663 10.256548
4664 10.026599
4665 9.706313
4666 9.487277
4667 9.239997
4668 9.039536
4669 8.819821
4670 8.95538
4671 8.947274
4672 9.235814
4673 9.415412
4674 10.538797
4675 10.727461
4676 10.631954
4677 10.485173
4678 10.4475
4679 10.255488
4680 10.060807
4681 9.870457
4682 9.761555
4683 9.545212
4684 9.310326
4685 9.080607
4686 8.837662
4687 8.620679
4688 8.395886
4689 8.171163
4690 7.945324
4691 7.720864
4692 7.51617
4693 7.327348
4694 7.156476
4695 6.963855
4696 6.789993
4697 6.603414
4698 6.407699
4699 6.210902
4700 6.008343
4701 5.817451
4702 5.660617
4703 5.518033
4704 5.399804
4705 5.264472
4706 5.128945
4707 4.987785
4708 4.883008
4709 4.811024
4710 4.696228
4711 4.724187
4712 4.692602
4713 4.641641
4714 4.541783
4715 4.452782
4716 4.340772
4717 4.246659
4718 4.17253
4719 4.093905
4720 4.018645
4721 3.946468
4722 6.710601
4723 5.240522
4724 5.067569
4725 5.430849
4726 5.136789
4727 5.011463
4728 4.934292
4729 4.84648
4730 4.693933
4731 4.68176
4732 5.088009
4733 4.795658
4734 4.64844
4735 4.513689
4736 4.468502
4737 4.400046
4738 4.294602
4739 4.154983
4740 4.126529
4741 4.056235
4742 3.977321
4743 4.532011
4744 4.520565
4745 4.410027
4746 4.310549
4747 4.30281
4748 4.264256
4749 4.186296
4750 4.105352
4751 4.026084
4752 3.945512
4753 3.808177
4754 3.802609
4755 4.210802
4756 4.994364
4757 5.487289
4758 5.670156
4759 6.404586
4760 6.837042
4761 7.129042
4762 7.32495
4763 7.46825
4764 7.630642
4765 7.937758
4766 7.918767
4767 7.984531
4768 8.04728
4769 8.570333
4770 8.467968
4771 8.458516
4772 8.410373
4773 8.470909
4774 8.415388
4775 8.30704
4776 8.079144
4777 8.348028
4778 8.273899
4779 8.309525
4780 8.23119
4781 8.28548
4782 8.170113
4783 8.332471
4784 8.66956
4785 9.693459
4786 9.261912
4787 9.06119
4788 8.941735
4789 8.77863
4790 8.666078
4791 8.637077
4792 8.45417
4793 8.356673
4794 8.194752
4795 8.514733
4796 9.898777
4797 9.456068
4798 9.189628
4799 8.947994
4800 8.737882
4801 8.517493
4802 8.318438
4803 8.125285
4804 8.048764
4805 7.88218
4806 7.704568
4807 7.617211
4808 7.470467
4809 7.298072
4810 7.245974
4811 8.1413
4812 8.172043
4813 8.189509
4814 8.146172
4815 8.117954
4816 8.079977
4817 8.038864
4818 7.943824
4819 7.822032
4820 7.674745
4821 7.275927
4822 7.903826
4823 8.969223
4824 9.442955
4825 9.600707
4826 10.71538
4827 12.933038
4828 15.883202
4829 19.976863
4830 21.994162
4831 23.711943
4832 24.562154
4833 26.100763
4834 26.83522
4835 27.570815
4836 27.685903
4837 27.602211
4838 27.595984
4839 29.100272
4840 29.539222
4841 29.239336
4842 29.276779
4843 28.987501
4844 28.208817
4845 27.516004
4846 26.982897
4847 27.724536
4848 28.451699
4849 31.081948
4850 34.437794
4851 35.457818
4852 35.677011
4853 35.461879
4854 34.952171
4855 34.271999
4856 34.0724
4857 35.214609
4858 35.122226
4859 34.175664
4860 33.182299
4861 32.433256
4862 31.351119
4863 31.38534
4864 35.104464
4865 35.865256
4866 35.913899
4867 36.25951
4868 36.019031
4869 35.298157
4870 34.550923
4871 35.052297
4872 34.734593
4873 33.756425
4874 32.625405
4875 31.644999
4876 31.408184
4877 30.394869
4878 29.441879
4879 28.538878
4880 28.532643
4881 27.489908
4882 26.361821
4883 25.326883
4884 24.214485
4885 23.146209
4886 22.128185
4887 21.239272
4888 20.380874
4889 19.578842
4890 18.746519
4891 17.902216
4892 17.129311
4893 16.304455
4894 15.960777
4895 15.61241
4896 14.954095
4897 14.271179
4898 14.288113
4899 15.329637
4900 14.742487
4901 14.060482
4902 13.413585
4903 13.186986
4904 12.800211
4905 15.1939
4906 15.514328
4907 15.124291
4908 22.942231
4909 33.86098
4910 42.034989
4911 49.107595
4912 57.263751
4913 68.290923
4914 75.08131
4915 79.42659
4916 80.860744
4917 80.121719
4918 77.674566
4919 74.054881
4920 69.883187
4921 65.733797
4922 61.595752
4923 57.911692
4924 54.271687
4925 50.835882
4926 47.483498
4927 44.71036
4928 42.250323
4929 39.889643
4930 37.250848
4931 34.726166
4932 33.060137
4933 31.008011
4934 29.01002
4935 27.161462
4936 25.606635
4937 25.313037
4938 25.673785
4939 24.258164
4940 24.03507
4941 27.659684
4942 28.6275
4943 28.181667
4944 27.550332
4945 26.767631
4946 25.923929
4947 25.013584
4948 24.160265
4949 23.541442
4950 22.820761
4951 21.886437
4952 21.024973
4953 20.058174
4954 19.236674
4955 18.350538
4956 17.409404
4957 16.520488
4958 15.678654
4959 14.938765
4960 14.233406
4961 13.610921
4962 12.9155
4963 12.245074
4964 11.766459
4965 12.750787
4966 12.269171
4967 11.686427
4968 11.109417
4969 10.579466
4970 10.193027
4971 9.752371
4972 9.290858
4973 8.930372
4974 8.798006
4975 8.411405
4976 7.984744
4977 7.575998
4978 7.193914
4979 6.808965
4980 6.464422
4981 6.138366
4982 5.920319
4983 5.654184
4984 5.399987
4985 5.12878
4986 4.892741
4987 4.643349
4988 4.406634
4989 4.314494
4990 4.0399
4991 3.784483
4992 3.546485
4993 3.319126
4994 3.110391
4995 3.020491
4996 3.743934
4997 3.800563
4998 3.640332
4999 3.434863
5000 3.554051
5001 3.37378
5002 3.199427
5003 3.19152
5004 3.286852
5005 4.07359
5006 4.358966
5007 4.302751
5008 4.140938
5009 3.971055
5010 3.825044
5011 3.673329
5012 3.513872
5013 3.362115
5014 3.238614
5015 3.110375
5016 3.037662
5017 2.87707
5018 2.73227
5019 2.592578
5020 2.504671
5021 2.472558
5022 2.387402
5023 2.299406
5024 2.227616
5025 2.148191
5026 2.048552
5027 2.110913
5028 2.075322
5029 2.58948
5030 2.959682
5031 2.874757
5032 2.77714
5033 2.683928
5034 2.592567
5035 2.543935
5036 2.477482
5037 2.718453
5038 2.671437
5039 2.650807
5040 2.600359
5041 2.513871
5042 2.479711
5043 2.431019
5044 2.413091
5045 2.470993
5046 2.734889
5047 2.799578
5048 2.771862
5049 2.751731
5050 2.714597
5051 2.656038
5052 2.599112
5053 2.54044
5054 2.496506
5055 2.482724
5056 2.410114
5057 2.335268
5058 2.273385
5059 2.479477
5060 2.581171
5061 2.648854
5062 2.629819
5063 2.60143
5064 2.607516
5065 2.691429
5066 2.754777
5067 2.921552
5068 2.937394
5069 2.935173
5070 2.936181
5071 2.906001
5072 2.877153
5073 2.856864
5074 2.836412
5075 2.822674
5076 2.881879
5077 2.915246
5078 2.919898
5079 2.896201
5080 2.883845
5081 2.862644
5082 2.848597
5083 2.928173
5084 2.977856
5085 2.970955
5086 3.124061
5087 3.086882
5088 3.153071
5089 3.149345
5090 3.152767
5091 3.595643
5092 3.692613
5093 3.613198
5094 3.568584
5095 3.531172
5096 3.458647
5097 3.558158
5098 3.854758
5099 4.195327
5100 4.117135
5101 4.992537
5102 4.97414
5103 4.976841
5104 4.911041
5105 4.887524
5106 4.993856
5107 5.095445
5108 5.039172
5109 4.881067
5110 5.399721
5111 5.824374
5112 5.888188
5113 6.038059
5114 6.064468
5115 6.093131
5116 6.107188
5117 6.152966
5118 6.162527
5119 6.139586
5120 6.108858
5121 6.129569
5122 6.210075
5123 6.676504
5124 6.508859
5125 6.423501
5126 6.476098
5127 6.447599
5128 6.412387
5129 6.318089
5130 6.23279
5131 6.163605
5132 6.08897
5133 6.026537
5134 5.930379
5135 5.834242
5136 5.739311
5137 5.645446
5138 5.567875
5139 5.491672
5140 5.412482
5141 5.334627
5142 5.255056
5143 5.171677
5144 5.072621
5145 4.981604
5146 4.82842
5147 4.81693
5148 4.77913
5149 4.728636
5150 4.674399
5151 4.55482
5152 4.489325
5153 4.612222
5154 4.413218
5155 4.448509
5156 6.073179
5157 6.762145
5158 7.318057
5159 7.671874
5160 7.917096
5161 8.06636
5162 8.137646
5163 8.462085
5164 8.560016
5165 8.946405
5166 9.305192
5167 9.210918
5168 9.183738
5169 9.156824
5170 8.982742
5171 9.936257
5172 10.92532
5173 11.223684
5174 11.451519
5175 11.605217
5176 11.710688
5177 11.702084
5178 11.625421
5179 11.482392
5180 12.714625
5181 14.451626
5182 15.617625
5183 17.259257
5184 17.936929
5185 18.332158
5186 18.573532
5187 18.597969
5188 18.53933
5189 18.415695
5190 18.170614
5191 17.939682
5192 17.675529
5193 17.458932
5194 17.12868
5195 16.723936
5196 16.915925
5197 19.98322
5198 21.676145
5199 21.98094
5200 22.165153
5201 22.649801
5202 22.859197
5203 22.809249
5204 23.499345
5205 23.526067
5206 23.382692
5207 23.128686
5208 22.769046
5209 22.621172
5210 22.227099
5211 21.64461
5212 21.00078
5213 20.322126
5214 19.657008
5215 18.984999
5216 18.295326
5217 17.864527
5218 17.325701
5219 16.612198
5220 15.872211
5221 15.134989
5222 14.597866
5223 14.771032
5224 15.363168
5225 15.61435
5226 15.133641
5227 14.690382
5228 14.302881
5229 15.976782
5230 19.014321
5231 19.685242
5232 19.93069
5233 20.09581
5234 20.881698
5235 20.851397
5236 20.602466
5237 20.278552
5238 19.915191
5239 19.649926
5240 20.287342
5241 20.897077
5242 20.791224
5243 22.387193
5244 22.317131
5245 22.054328
5246 21.81797
5247 22.516821
5248 23.568804
5249 23.544086
5250 23.325847
5251 22.990685
5252 22.730457
5253 22.191089
5254 21.52147
5255 20.86224
5256 20.593683
5257 20.613138
5258 19.907561
5259 19.239587
5260 19.080801
5261 19.562351
5262 19.308293
5263 18.527947
5264 17.82728
5265 17.137977
5266 16.642237
5267 16.170407
5268 15.506642
5269 14.762012
5270 14.015071
5271 13.59521
5272 13.730657
5273 15.28869
5274 14.891578
5275 14.619039
5276 14.349136
5277 14.037256
5278 14.108945
5279 13.548975
5280 12.952076
5281 12.620825
5282 12.35475
5283 12.742122
5284 15.526063
5285 15.855908
5286 15.879598
5287 15.876952
5288 15.484859
5289 14.987686
5290 14.657261
5291 14.193076
5292 13.913545
5293 13.566753
5294 13.276919
5295 13.090254
5296 12.920134
5297 12.584219
5298 12.101989
5299 11.840581
5300 11.254642
5301 10.669465
5302 10.204253
5303 10.03102
5304 9.684944
5305 9.700571
5306 9.492628
5307 9.02938
5308 8.608434
5309 8.381804
5310 8.19436
5311 7.754604
5312 7.62386
5313 7.367188
5314 7.038586
5315 6.663834
5316 6.991078
5317 7.16736
5318 6.851936
5319 6.638946
5320 6.351921
5321 6.021182
5322 5.802151
5323 5.469749
5324 5.143704
5325 5.301833
5326 5.050712
5327 4.78291
5328 4.488349
5329 4.275515
5330 3.980574
5331 3.720028
5332 3.502546
5333 3.743556
5334 4.974059
5335 5.132617
5336 5.092526
5337 4.855662
5338 4.609784
5339 4.402977
5340 4.199473
5341 3.97876
5342 3.944619
5343 3.819912
5344 3.639989
5345 3.625599
5346 3.838796
5347 3.912278
5348 3.797483
5349 3.640606
5350 3.473031
5351 3.374513
5352 3.351197
5353 3.653407
5354 3.628774
5355 3.736787
5356 3.619125
5357 3.469261
5358 3.291776
5359 3.123631
5360 2.949263
5361 2.747068
5362 2.54765
5363 2.373526
5364 2.191031
5365 2.017338
5366 1.873157
5367 1.72219
5368 1.579534
5369 1.406012
5370 1.235239
5371 1.076429
5372 0.929501
5373 0.866699
5374 0.826645
5375 0.790406
5376 0.753329
5377 0.735207
5378 0.734278
5379 2.258186
5380 2.37057
5381 2.35433
5382 2.505271
5383 2.439867
5384 2.530301
5385 2.701751
5386 2.71406
5387 2.651248
5388 2.941495
5389 3.205201
5390 3.341766
5391 3.361219
5392 3.342077
5393 3.76789
5394 3.769607
5395 3.940582
5396 3.973028
5397 3.992888
5398 3.985884
5399 4.021509
5400 3.981291
5401 4.095978
5402 4.311479
5403 4.305818
5404 4.265106
5405 4.18917
5406 4.09954
5407 4.066528
5408 4.109921
5409 5.068073
5410 6.299193
5411 6.685766
5412 6.842518
5413 7.156795
5414 7.267756
5415 7.305327
5416 7.953886
5417 9.225772
5418 9.313884
5419 9.493751
5420 9.578706
5421 9.637264
5422 9.667184
5423 9.625731
5424 9.5732
5425 9.468562
5426 9.38161
5427 9.249266
5428 9.109453
5429 8.974738
5430 8.835481
5431 8.672447
5432 8.539101
5433 8.367307
5434 8.20279
5435 8.043693
5436 8.043224
5437 7.981682
5438 7.858298
5439 7.674651
5440 7.515532
5441 7.358735
5442 7.455372
5443 8.002887
5444 8.44752
5445 8.399903
5446 8.3098
5447 8.245725
5448 8.139169
5449 8.012452
5450 7.885228
5451 7.878859
5452 7.80195
5453 7.683708
5454 7.607671
5455 7.590559
5456 8.200863
5457 9.00391
5458 8.905734
5459 8.800912
5460 8.699441
5461 8.612236
5462 8.586306
5463 8.50187
5464 8.400215
5465 8.286778
5466 8.162947
5467 8.04262
5468 7.925315
5469 7.890909
5470 8.010285
5471 8.305228
5472 8.640411
5473 9.412468
5474 9.687764
5475 9.706488
5476 9.710001
5477 9.717717
5478 9.744363
5479 9.699183
5480 9.633565
5481 9.553374
5482 9.464966
5483 9.371691
5484 9.272509
5485 9.288881
5486 9.685527
5487 9.407672
5488 9.250597
5489 9.095378
5490 8.942433
5491 8.784039
5492 8.625487
5493 8.467939
5494 8.319589
5495 8.168561
5496 8.016678
5497 7.867126
5498 7.721597
5499 7.580292
5500 7.447069
5501 7.303432
5502 7.159273
5503 7.876554
5504 8.095371
5505 8.113085
5506 8.117892
5507 8.112122
5508 8.099336
5509 8.059955
5510 8.001333
5511 8.084433
5512 8.147744
5513 8.020396
5514 7.934373
5515 7.850084
5516 7.748087
5517 7.681297
5518 7.779549
5519 8.0611
5520 7.810463
5521 7.674272
5522 7.551777
5523 7.422015
5524 7.295486
5525 7.23979
5526 7.114825
5527 6.996195
5528 6.865258
5529 6.773627
5530 6.774768
5531 6.691986
5532 6.666587
5533 6.614373
5534 6.504424
5535 6.375314
5536 6.250321
5537 6.134782
5538 6.023979
5539 5.898525
5540 5.782586
5541 5.662593
5542 5.535073
5543 5.418031
5544 5.324
5545 5.217703
5546 5.072911
5547 5.388766
5548 7.152113
5549 8.376358
5550 9.08262
5551 9.647108
5552 9.866495
5553 10.052919
5554 10.185467
5555 10.25643
5556 10.296906
5557 10.511733
5558 10.841434
5559 10.849976
5560 10.766785
5561 10.634535
5562 10.480498
5563 10.357756
5564 10.236923
5565 10.118843
5566 9.912808
5567 9.67531
5568 9.393168
5569 9.077384
5570 8.749406
5571 8.515465
5572 8.375812
5573 8.16563
5574 8.175709
5575 9.64045
5576 11.242387
5577 12.307266
5578 12.547633
5579 12.731562
5580 12.633874
5581 12.731095
5582 12.614779
5583 12.385136
5584 12.115231
5585 11.97852
5586 11.765525
5587 11.549273
5588 11.321156
5589 11.013602
5590 10.710971
5591 10.428717
5592 10.267237
5593 10.633576
5594 11.733506
5595 11.562856
5596 11.318393
5597 11.030281
5598 10.77615
5599 10.793596
5600 11.01465
5601 10.901098
5602 10.614812
5603 10.314561
5604 10.125762
5605 9.929418
5606 10.368978
5607 10.493531
5608 10.265477
5609 10.08583
5610 11.055189
5611 11.588716
5612 13.406045
5613 13.720409
5614 13.820837
5615 14.004021
5616 13.994234
5617 13.795668
5618 13.468183
5619 13.224566
5620 13.495354
5621 13.253959
5622 12.856281
5623 12.406377
5624 12.378619
5625 12.641362
5626 12.688469
5627 12.213314
5628 11.717331
5629 11.23235
5630 10.81275
5631 10.347843
5632 10.226334
5633 10.120407
5634 10.422557
5635 11.160111
5636 11.893337
5637 11.76361
5638 12.617477
5639 12.473927
5640 12.188078
5641 12.162196
5642 12.001761
5643 11.892238
5644 11.93338
5645 12.772534
5646 13.054728
5647 12.751406
5648 12.880923
5649 12.688358
5650 12.419649
5651 13.956209
5652 15.263941
5653 16.985034
5654 17.261974
5655 17.672295
5656 18.940567
5657 19.928397
5658 20.075492
5659 20.168755
5660 20.021563
5661 19.753636
5662 19.361172
5663 18.896148
5664 18.547196
5665 18.577355
5666 18.157015
5667 19.039466
5668 18.798437
5669 18.046325
5670 17.231672
5671 16.613722
5672 15.998163
5673 15.41383
5674 14.398288
5675 16.288444
5676 16.158687
5677 15.949224
5678 16.188015
5679 15.94746
5680 15.63774
5681 15.219542
5682 19.40739
5683 23.51986
5684 26.326505
5685 27.877891
5686 28.558111
5687 28.738814
5688 29.030616
5689 28.790348
5690 29.330953
5691 29.071312
5692 28.392343
5693 27.629117
5694 26.721396
5695 25.776034
5696 24.721559
5697 23.723373
5698 22.714438
5699 24.754201
5700 25.206813
5701 24.442918
5702 23.573459
5703 22.675408
5704 24.534802
5705 25.973341
5706 25.748313
5707 25.454391
5708 25.117964
5709 24.765415
5710 24.245585
5711 23.905008
5712 23.815538
5713 23.115625
5714 22.331736
5715 21.59566
5716 20.809011
5717 20.008943
5718 19.191348
5719 18.320732
5720 17.473884
5721 16.668225
5722 16.956649
5723 18.694427
5724 19.841659
5725 20.486497
5726 20.117605
5727 19.703332
5728 19.194192
5729 18.640028
5730 18.016734
5731 17.430739
5732 16.859737
5733 16.933406
5734 16.280526
5735 15.570718
5736 14.905465
5737 14.307415
5738 13.910649
5739 13.532068
5740 14.290414
5741 14.020869
5742 13.565361
5743 13.065968
5744 12.575527
5745 12.151074
5746 12.023104
5747 11.640499
5748 11.221898
5749 10.777821
5750 10.363793
5751 9.950049
5752 9.541568
5753 9.182603
5754 8.920467
5755 8.599269
5756 8.259082
5757 7.909238
5758 7.575745
5759 7.233324
5760 6.878489
5761 6.543596
5762 6.198939
5763 5.898808
5764 5.624073
5765 5.384736
5766 5.16539
5767 4.962935
5768 4.746845
5769 4.538695
5770 4.38244
5771 4.212197
5772 4.035111
5773 3.885547
5774 3.699459
5775 3.935779
5776 4.962101
5777 5.018374
5778 6.185618
5779 6.306713
5780 6.376238
5781 6.351371
5782 6.287987
5783 6.219232
5784 6.133719
5785 6.03832
5786 5.936277
5787 5.893003
5788 5.830873
5789 5.772353
5790 5.683616
5791 5.583751
5792 5.482965
5793 5.375682
5794 5.274229
5795 5.337443
5796 5.602236
5797 5.634806
5798 5.593753
5799 5.550139
5800 5.57722
5801 5.523418
5802 5.462283
5803 5.399472
5804 5.413111
5805 5.467604
5806 5.419857
5807 5.56621
5808 5.718699
5809 5.677279
5810 5.634072
5811 5.577572
5812 5.596406
5813 5.658701
5814 5.635436
5815 5.590061
5816 5.875383
5817 6.162389
5818 5.970096
5819 5.881333
5820 5.801137
5821 5.724795
5822 5.753778
5823 5.665955
5824 5.918787
5825 6.414964
5826 6.439081
5827 6.445505
5828 6.449228
5829 6.468935
5830 6.465108
5831 6.458136
5832 6.431054
5833 6.71013
5834 6.620975
5835 6.544574
5836 6.478881
5837 6.601303
5838 6.49782
5839 6.41751
5840 6.342386
5841 6.267569
5842 6.177108
5843 6.069903
