Time [d]	T_in [degC]
1
-1 0.00
1 0.48750001
2 0.42817786
3 0.44157109
4 0.58138913
5 0.66567614
6 0.74043796
7 0.74457873
8 0.78439384
9 0.83705499
10 0.85430741
11 0.84936231
12 0.84944751
13 0.86659076
14 0.8801579
15 0.88343108
16 0.89680375
17 0.90970119
18 0.91577617
19 0.95073197
20 0.94984547
21 0.95988462
22 0.95671112
23 0.95860525
24 0.9708145
25 0.99953777
26 1.0281581
27 1.0497782
28 1.068916
29 1.0895626
30 1.1026279
31 1.1295058
32 1.1367858
33 1.152332
34 1.1615612
35 1.1679998
36 1.1853285
37 1.2356502
38 1.2642768
39 1.2662088
40 1.3082242
41 1.2992404
42 1.3192847
43 1.3278602
44 1.3553692
45 1.355628
46 1.3612926
47 1.3767075
48 1.3914733
49 1.4143953
50 1.4284483
51 1.4566562
52 1.4740765
53 1.4925184
54 1.5133175
55 1.5309073
56 1.5532066
57 1.5543927
58 1.564387
59 1.578272
60 1.5834968
61 1.6026586
62 1.6262619
63 1.6457189
64 1.6663275
65 1.6751625
66 1.7007503
67 1.7151384
68 1.730793
69 1.7483756
70 1.78067
71 1.8374096
72 1.8688241
73 1.898981
74 1.9735725
75 2.0338484
76 2.1583722
77 2.2372555
78 2.3086131
79 2.423576
80 2.5116886
81 2.647446
82 2.791346
83 2.9365251
84 3.0662704
85 3.1664062
86 3.2281752
87 3.1469025
88 2.9721521
89 2.8340475
90 2.8886453
91 2.9201253
92 3.0132578
93 3.0786647
94 3.2796748
95 2.7242699
96 2.5840569
97 2.8140791
98 2.9349319
99 3.1137087
100 3.0403903
101 2.8668981
102 3.0398776
103 3.0878777
104 3.3254279
105 3.5804888
106 3.7941394
107 4.1861116
108 4.6187933
109 4.7722236
110 5.0360734
111 5.1107395
112 5.2820239
113 5.5608436
114 5.8689365
115 5.9584626
116 6.1631719
117 6.2957422
118 6.1928139
119 6.5595946
120 6.6734244
121 6.9596367
122 7.099044
123 7.3565358
124 7.8170117
125 8.1372464
126 8.3626801
127 8.9554132
128 9.3147529
129 8.5672592
130 8.7281138
131 8.8419673
132 9.3784002
133 10.098629
134 9.9903431
135 10.367775
136 11.030919
137 11.758002
138 12.062395
139 12.227033
140 12.636967
141 12.720075
142 12.842222
143 13.166957
144 13.237642
145 13.433587
146 13.905697
147 14.000489
148 13.215564
149 13.487635
150 13.712101
151 14.488084
152 15.241176
153 15.669579
154 16.199091
155 16.784545
156 18.190037
157 18.926807
158 19.118511
159 19.650863
160 17.781568
161 17.781352
162 17.862069
163 18.001226
164 18.131884
165 18.555846
166 18.877264
167 19.799903
168 20.209535
169 20.910489
170 21.925281
171 22.486722
172 22.965272
173 24.273802
174 24.70797
175 24.944511
176 25.259141
177 26.090533
178 25.540525
179 25.363609
180 25.199815
181 25.147053
182 23.593155
183 22.541063
184 22.024868
185 20.948744
186 20.842262
187 21.133757
188 20.662114
189 20.496411
190 20.543512
191 20.94133
192 21.614382
193 22.345465
194 23.147624
195 24.397512
196 25.366028
197 25.832525
198 26.430611
199 25.733592
200 24.532671
201 24.416986
202 24.443577
203 24.838326
204 24.762671
205 24.845418
206 25.215949
207 25.592501
208 25.684544
209 25.508659
210 25.715227
211 25.552247
212 25.873048
213 26.188006
214 25.728477
215 25.360663
216 25.373191
217 25.422098
218 25.670806
219 26.135338
220 25.998008
221 25.583451
222 25.71752
223 26.044153
224 26.188924
225 26.786186
226 27.104666
227 27.422609
228 26.834389
229 26.493066
230 26.485268
231 26.680422
232 26.642892
233 26.224143
234 25.834564
235 25.729479
236 25.646562
237 25.188285
238 24.864325
239 24.894876
240 25.287886
241 25.509642
242 25.663919
243 25.507902
244 25.064942
245 24.473358
246 23.977081
247 23.740992
248 23.707661
249 23.812821
250 23.680142
251 22.693696
252 21.852765
253 21.403398
254 21.10312
255 20.777091
256 20.416117
257 20.440522
258 20.041728
259 19.710629
260 19.689405
261 19.338916
262 19.015144
263 18.629677
264 18.224267
265 17.862272
266 16.826641
267 16.581406
268 16.282404
269 16.284863
270 16.19327
271 16.284648
272 16.272881
273 16.15527
274 16.384886
275 16.386582
276 16.359359
277 16.420465
278 16.287454
279 15.86576
280 15.678905
281 15.453737
282 15.365112
283 15.340848
284 15.229792
285 15.218058
286 15.336798
287 15.35431
288 14.808306
289 14.273077
290 13.887041
291 13.68138
292 13.600095
293 13.627016
294 13.279042
295 12.720277
296 12.429302
297 12.323408
298 11.91449
299 11.590354
300 11.495528
301 11.418594
302 11.241341
303 10.998863
304 10.77031
305 10.514823
306 10.396482
307 10.046236
308 9.3882068
309 8.805405
310 8.2949551
311 7.9834887
312 7.5983268
313 7.0759627
314 6.668993
315 6.4320889
316 5.8442128
317 5.4709924
318 5.2099787
319 4.8759433
320 4.6206187
321 4.4643811
322 4.2929171
323 4.1223102
324 3.9982575
325 3.8677317
326 3.559865
327 3.2164805
328 2.8490283
329 2.5274089
330 2.4587155
331 2.4222417
332 2.4031519
333 2.1632121
334 1.9585352
335 2.0527705
336 1.9821267
337 2.0000215
338 1.9212876
339 1.8299904
340 1.7398241
341 1.5233651
342 1.3760115
343 1.3473385
344 1.2251105
345 1.0844705
346 1.1119127
347 1.091114
348 1.103603
349 1.1177295
350 1.1305312
351 1.1262933
352 1.1321297
353 1.1300875
354 1.1379518
355 1.1437658
356 1.1565109
357 1.1416521
358 1.1378536
359 1.1492719
360 1.127423
361 1.1180306
362 1.1165385
363 1.1241436
364 1.1257384
365 1.1320296
366 1.1336222
367 1.1295668
368 1.1501476
369 1.1457166
370 1.1466842
371 1.1528354
372 1.1642388
373 1.1892482
374 1.1951894
375 1.199141
376 1.2069059
377 1.2078628
378 1.2237863
379 1.2372296
380 1.2595841
381 1.2746058
382 1.2817898
383 1.2823005
384 1.2722103
385 1.2867923
386 1.2748733
387 1.2880418
388 1.3024024
389 1.2964405
390 1.30844
391 1.293905
392 1.2958751
393 1.3104455
394 1.3212301
395 1.3184239
396 1.3346509
397 1.3657637
398 1.3842097
399 1.415459
400 1.4283919
401 1.4303591
402 1.4371352
403 1.4411864
404 1.4494011
405 1.4555288
406 1.4618319
407 1.4737054
408 1.4757133
409 1.4991479
410 1.5097332
411 1.5139639
412 1.5065758
413 1.5352995
414 1.5547698
415 1.582794
416 1.6097193
417 1.6316273
418 1.6588224
419 1.6915231
420 1.7272035
421 1.7619645
422 1.8056434
423 1.8478597
424 1.8930834
425 1.7671633
426 1.664415
427 1.7713807
428 1.8236237
429 1.8787085
430 1.8972388
431 1.9026338
432 1.9222573
433 1.9539206
434 1.9817797
435 2.0345338
436 2.0835848
437 2.1027646
438 2.1394137
439 2.2307561
440 2.3313738
441 2.4265545
442 2.5062581
443 2.5524814
444 2.6071698
445 2.6338496
446 2.6431848
447 2.6228898
448 2.6523208
449 2.661884
450 2.7192828
451 2.7502468
452 2.621852
453 2.530197
454 2.6521
455 2.7492281
456 2.8113461
457 2.9331715
458 3.0115554
459 3.1021342
460 3.2371535
461 3.2668409
462 3.2555212
463 3.2897565
464 3.3327144
465 3.4267506
466 3.5461382
467 3.2988967
468 3.5696592
469 3.7386394
470 3.9319768
471 4.2460594
472 3.6160794
473 3.7011288
474 3.9644761
475 4.5517568
476 5.1298484
477 5.2139724
478 5.5367734
479 5.6429993
480 5.8913577
481 6.267659
482 6.108878
483 5.8911575
484 6.1643389
485 6.1537968
486 5.9064161
487 5.8777444
488 6.0618486
489 6.4440885
490 7.1846733
491 7.5913145
492 7.559117
493 7.633309
494 7.9859738
495 8.4132981
496 8.8639619
497 8.8831202
498 8.7627459
499 8.9464598
500 9.1787554
501 9.0549145
502 9.3913943
503 10.415942
504 11.289303
505 12.952662
506 14.236185
507 14.690545
508 14.898828
509 15.273582
510 14.617167
511 13.183599
512 12.745393
513 12.50968
514 12.059535
515 11.726973
516 12.047607
517 12.471485
518 12.999274
519 13.319406
520 14.146123
521 14.609791
522 14.53828
523 14.789283
524 15.447035
525 15.285945
526 15.216247
527 15.444536
528 16.146947
529 16.677456
530 17.396346
531 19.380609
532 19.92051
533 20.220496
534 20.245083
535 20.737621
536 20.493738
537 20.453011
538 20.933044
539 21.409583
540 21.687768
541 21.215628
542 21.087786
543 21.037335
544 21.490088
545 21.983553
546 22.406886
547 23.074032
548 23.628324
549 23.603104
550 23.673717
551 23.510587
552 23.182327
553 23.508763
554 23.410999
555 23.634601
556 22.827284
557 22.133212
558 21.93456
559 21.440427
560 21.43303
561 21.738115
562 22.049584
563 22.122332
564 22.572959
565 22.699778
566 23.740988
567 23.932883
568 23.19122
569 23.020553
570 23.038905
571 23.009538
572 22.845323
573 22.574496
574 22.750919
575 22.817069
576 23.103838
577 23.191395
578 22.883259
579 22.462268
580 22.535967
581 22.725117
582 22.935862
583 23.006426
584 23.547819
585 24.268738
586 25.006484
587 24.60367
588 24.027341
589 23.803289
590 23.678078
591 23.79126
592 23.829987
593 23.871748
594 23.491277
595 23.296195
596 23.348896
597 23.346116
598 23.426092
599 23.723131
600 24.083748
601 24.389545
602 24.23662
603 23.929284
604 23.580217
605 23.6011
606 23.412071
607 23.267865
608 23.272685
609 23.269617
610 23.130328
611 23.122295
612 23.034484
613 23.069688
614 23.114478
615 23.348223
616 23.265335
617 23.24759
618 23.44945
619 23.483829
620 23.197995
621 22.547567
622 21.395612
623 20.270154
624 19.261777
625 19.025588
626 18.790881
627 18.534185
628 18.26492
629 18.024826
630 17.715647
631 17.652709
632 17.444032
633 17.204644
634 16.797726
635 16.491991
636 15.964354
637 15.709817
638 15.276396
639 15.127145
640 15.236435
641 15.150042
642 14.59663
643 14.237097
644 13.716365
645 13.71151
646 13.92255
647 13.748725
648 13.425575
649 13.227877
650 12.915015
651 12.479415
652 12.642031
653 13.036677
654 12.681252
655 12.767189
656 13.0182
657 13.069962
658 12.556092
659 12.278616
660 11.96959
661 11.899914
662 11.901563
663 11.713052
664 11.510835
665 11.468076
666 11.630471
667 11.663689
668 11.385746
669 11.146892
670 10.699384
671 10.005155
672 9.4315739
673 8.9397141
674 8.5638661
675 8.357046
676 8.3282625
677 8.4322588
678 8.2993202
679 8.0297222
680 7.6795548
681 7.1650925
682 6.6823031
683 6.2205979
684 5.8327641
685 5.3566175
686 4.9370719
687 4.7392163
688 4.6920977
689 4.4707958
690 4.258053
691 4.0566635
692 3.8909983
693 3.6464277
694 3.5076066
695 3.315934
696 2.9406972
697 2.3847837
698 1.9789007
699 2.0066647
700 2.0500537
701 2.060809
702 2.0278461
703 1.9552904
704 1.9134224
705 1.8382801
706 1.8152373
707 1.7358424
708 1.6668603
709 1.6239795
710 1.5531613
711 1.5539398
712 1.5530667
713 1.5343219
714 1.490561
715 1.4481349
716 1.4677553
717 1.2552911
718 1.0963143
719 1.0321087
720 0.97705652
721 1.0281526
722 1.0412993
723 1.0459209
724 1.0462958
725 1.0581799
726 1.0717932
727 1.0686676
728 1.0692667
729 1.0905091
730 1.1010587
731 1.1038764
732 1.1425833
733 1.1348326
734 1.1498567
735 1.1534998
736 1.1464522
737 1.1408981
738 1.1557178
739 1.1851559
740 1.1974595
741 1.1841621
742 1.195569
743 1.176501
744 1.1862788
745 1.1719178
746 1.1965811
747 1.2030687
748 1.21086
749 1.2673258
750 1.288719
751 1.2792474
752 1.2678687
753 1.2751695
754 1.2860591
755 1.2982463
756 1.3022328
757 1.3067472
758 1.316795
759 1.3279597
760 1.3447523
761 1.3607934
762 1.3686355
763 1.390052
764 1.4229863
765 1.4667816
766 1.4713169
767 1.4873468
768 1.5303286
769 1.5777621
770 1.562319
771 1.5981269
772 1.6171044
773 1.6380868
774 1.6627618
775 1.7009217
776 1.7336907
777 1.751528
778 1.7833717
779 1.8150518
780 1.8422551
781 1.8643116
782 1.8839168
783 1.8495044
784 1.8687062
785 1.8288078
786 1.7847525
787 1.7616639
788 1.8528641
789 1.8583885
790 1.8542162
791 1.880407
792 1.9169822
793 1.9629662
794 1.9689325
795 2.0384449
796 2.0677739
797 2.0243649
798 2.0538804
799 2.1815629
800 2.2134821
801 2.260874
802 2.3518928
803 2.3781458
804 2.3542226
805 2.3083726
806 2.2353109
807 2.3560164
808 2.459214
809 2.4964679
810 2.5719329
811 2.6704986
812 2.7551215
813 2.8401463
814 2.8967478
815 2.8810666
816 2.9804894
817 3.0866542
818 2.9367658
819 3.1432684
820 3.3264016
821 3.4152023
822 3.6157724
823 3.6448996
824 3.8557778
825 4.171496
826 4.6329879
827 4.6579848
828 4.2370738
829 3.8249942
830 3.4252025
831 3.4444566
832 3.5114915
833 3.4502361
834 3.2778033
835 3.473199
836 3.5089962
837 3.8215391
838 3.9297531
839 4.0049517
840 4.1918318
841 4.4006409
842 4.8494122
843 5.114868
844 5.3951734
845 5.60759
846 5.6978372
847 6.0365399
848 6.4849591
849 6.7840929
850 7.1860317
851 7.1861922
852 7.1197063
853 7.0054409
854 7.1292593
855 7.2402763
856 7.5288019
857 7.8607988
858 8.2742788
859 8.4157373
860 8.6927055
861 8.6132596
862 9.0505931
863 9.2238105
864 9.1595345
865 9.4836267
866 9.3266586
867 9.0597
868 9.0992648
869 10.053269
870 10.658874
871 10.484786
872 10.542097
873 10.872776
874 11.261158
875 12.051086
876 12.533663
877 11.985224
878 11.591277
879 11.630562
880 11.824985
881 12.14112
882 12.592004
883 13.518977
884 14.049134
885 14.626668
886 15.384753
887 15.828088
888 16.376441
889 16.898255
890 16.837982
891 16.558793
892 17.042447
893 17.518531
894 18.129327
895 18.496255
896 19.816323
897 19.983877
898 18.637751
899 18.962491
900 19.323757
901 19.524155
902 20.291258
903 21.286995
904 21.726229
905 22.200592
906 23.308674
907 23.524738
908 23.720477
909 23.460238
910 23.672882
911 23.991437
912 24.403245
913 24.776009
914 25.647851
915 23.959354
916 22.434334
917 21.664171
918 21.52351
919 21.497226
920 21.608961
921 21.812885
922 21.885264
923 21.98741
924 22.052751
925 22.802541
926 23.774309
927 24.328115
928 24.73366
929 24.925343
930 25.345079
931 25.593072
932 25.437864
933 25.226848
934 25.599554
935 24.936169
936 24.855867
937 25.086076
938 25.166271
939 25.529336
940 26.075294
941 26.682016
942 25.600678
943 25.128659
944 24.96683
945 24.368324
946 24.584848
947 24.774828
948 24.850264
949 24.130141
950 23.686422
951 23.561848
952 23.297162
953 23.036839
954 23.099618
955 22.457395
956 22.250362
957 22.445499
958 22.146004
959 22.489421
960 22.829479
961 22.48461
962 21.978396
963 21.67931
964 21.567722
965 21.092475
966 20.922478
967 20.732595
968 21.086362
969 21.232824
970 21.352408
971 21.71045
972 21.91451
973 21.71108
974 21.493827
975 21.61587
976 22.211514
977 22.181093
978 21.338142
979 20.937487
980 20.30883
981 20.415262
982 20.507387
983 20.544184
984 20.603767
985 20.210283
986 20.122558
987 20.173241
988 20.035985
989 20.169136
990 20.514008
991 20.732083
992 20.702443
993 20.482159
994 20.538096
995 19.951373
996 19.639055
997 19.318687
998 18.948169
999 18.441086
1000 18.172606
1001 18.052343
1002 17.829842
1003 17.572421
1004 17.003225
1005 16.690986
1006 16.441174
1007 16.428519
1008 16.824223
1009 17.004589
1010 16.912326
1011 17.178323
1012 17.525468
1013 17.702225
1014 17.494558
1015 17.113138
1016 16.890491
1017 16.579427
1018 16.256994
1019 15.638018
1020 15.389666
1021 15.262723
1022 15.114353
1023 14.787206
1024 14.478652
1025 14.145706
1026 13.620527
1027 13.141457
1028 12.822405
1029 12.615028
1030 12.195443
1031 11.616504
1032 11.082744
1033 10.609037
1034 10.417615
1035 10.382065
1036 10.471136
1037 10.437695
1038 10.166527
1039 9.8457038
1040 9.6453171
1041 9.4905249
1042 9.2949902
1043 9.2252715
1044 9.1796068
1045 9.0348021
1046 8.7543138
1047 8.4264817
1048 8.0327419
1049 7.7069478
1050 7.4010053
1051 7.0622606
1052 6.6262549
1053 6.1803339
1054 5.8166922
1055 5.504124
1056 5.2404243
1057 4.9496654
1058 4.6932646
1059 4.3409144
1060 4.0042723
1061 3.9212914
1062 3.796922
1063 3.7242254
1064 3.7335331
1065 3.7470986
1066 3.6406147
1067 3.4434288
1068 3.3079617
1069 3.2694601
1070 3.1072718
1071 2.8031861
1072 2.5474067
1073 2.3638942
1074 2.1564262
1075 2.0714987
1076 2.1068856
1077 2.0243339
1078 1.8435098
1079 1.5954701
1080 1.3762958
1081 1.2899049
1082 1.1496781
1083 1.1214155
1084 1.1610475
1085 1.1830654
1086 1.1521815
1087 1.0819661
1088 1.0650073
1089 0.99276987
1090 0.99716951
1091 0.94695609
1092 0.88899533
1093 0.76937843
1094 0.76588871
1095 0.76690892
1096 0.69845313
1097 0.67055846
1098 0.72132786
1099 0.74210283
1100 0.74649658
1101 0.73581844
1102 0.73439606
1103 0.7973229
1104 0.86954975
1105 0.90425012
1106 0.83202327
1107 0.68311232
1108 0.76417239
1109 0.7727226
1110 0.84911829
1111 0.85020101
1112 0.85341014
1113 0.87123701
1114 0.87754188
1115 0.88422836
1116 0.87928795
1117 0.8934467
1118 0.89747003
1119 0.89739905
1120 0.91011194
1121 0.92570017
1122 0.93314294
1123 0.9382467
1124 0.97603292
1125 1.0114012
1126 1.0507704
1127 1.0472317
1128 1.0794649
1129 1.0733436
1130 1.0655264
1131 1.0544004
1132 1.0467714
1133 1.0125927
1134 1.0511836
1135 1.1101452
1136 1.139401
1137 1.1676711
1138 1.1842065
1139 1.2057957
1140 1.2152063
1141 1.2230873
1142 1.2668352
1143 1.301975
1144 1.3510034
1145 1.4088564
1146 1.4657496
1147 1.5036232
1148 1.5340274
1149 1.573464
1150 1.6343039
1151 1.6548417
1152 1.7517848
1153 1.8529938
1154 1.9420578
1155 2.0869206
1156 1.9402132
1157 1.975221
1158 1.8862295
1159 1.8198268
1160 1.7429654
1161 1.7648591
1162 1.7880369
1163 1.7792259
1164 1.6265243
1165 1.2477955
1166 0.72142355
1167 0.67292985
1168 0.67279697
1169 0.79414617
1170 0.95039709
1171 0.92694331
1172 0.98686067
1173 0.97935112
1174 0.98722278
1175 0.99278467
1176 1.0151919
1177 1.0447396
1178 1.0772192
1179 1.1804006
1180 1.2778276
1181 1.4775224
1182 2.1734647
1183 2.8056066
1184 3.2766273
1185 3.6848958
1186 4.1708867
1187 4.2668527
1188 4.2352995
1189 4.4217254
1190 4.5569898
1191 4.7585332
1192 4.9891017
1193 5.2025688
1194 5.1626078
1195 5.1900473
1196 5.2177436
1197 5.3915299
1198 5.7363084
1199 6.0812457
1200 6.4302139
1201 6.8476186
1202 6.9091001
1203 6.8238502
1204 6.8609524
1205 7.1582322
1206 7.5934329
1207 7.9075538
1208 8.0384372
1209 8.3897804
1210 8.8644993
1211 9.3619035
1212 8.8596611
1213 8.5500727
1214 8.6481682
1215 8.9276012
1216 9.1698402
1217 9.5517613
1218 10.299526
1219 10.774383
1220 10.99415
1221 11.7988
1222 12.414318
1223 13.148111
1224 13.150347
1225 13.815151
1226 14.270486
1227 14.56119
1228 14.976556
1229 14.837504
1230 15.31693
1231 16.055875
1232 16.781675
1233 17.123853
1234 17.392562
1235 18.213254
1236 19.330942
1237 19.454731
1238 19.074727
1239 18.19676
1240 17.593383
1241 16.972231
1242 17.184442
1243 17.861622
1244 18.260434
1245 19.097001
1246 19.887206
1247 20.368767
1248 20.318111
1249 19.749964
1250 19.066812
1251 18.161372
1252 17.652821
1253 17.37989
1254 17.082342
1255 17.112073
1256 16.992057
1257 15.920865
1258 16.247328
1259 16.934567
1260 17.752743
1261 18.50477
1262 18.860458
1263 19.227686
1264 19.744277
1265 20.609346
1266 21.112857
1267 21.271377
1268 21.768401
1269 22.572924
1270 22.833412
1271 23.12789
1272 23.716258
1273 24.348078
1274 24.775343
1275 25.826513
1276 26.231819
1277 26.125892
1278 25.24801
1279 25.207211
1280 25.29303
1281 25.16287
1282 25.278784
1283 25.102208
1284 25.060693
1285 25.506593
1286 25.792767
1287 26.193863
1288 26.169907
1289 25.937087
1290 25.730378
1291 25.670684
1292 26.249837
1293 26.373163
1294 26.320447
1295 25.899013
1296 25.899619
1297 26.557815
1298 26.782088
1299 27.054608
1300 26.817692
1301 25.880082
1302 25.388695
1303 25.334402
1304 25.181341
1305 25.060654
1306 25.077092
1307 25.020332
1308 24.910818
1309 24.735371
1310 24.740556
1311 24.556818
1312 24.462655
1313 24.280797
1314 24.171864
1315 24.131805
1316 24.204191
1317 24.430618
1318 24.788628
1319 25.095884
1320 24.927064
1321 24.677654
1322 24.552511
1323 24.744139
1324 24.770835
1325 24.814129
1326 24.914746
1327 24.716253
1328 24.246974
1329 24.423037
1330 24.650942
1331 25.136426
1332 25.254244
1333 25.502494
1334 25.200818
1335 25.044134
1336 24.443378
1337 24.506974
1338 24.494976
1339 24.031983
1340 23.922557
1341 23.667899
1342 23.175503
1343 23.016614
1344 22.891511
1345 22.770304
1346 22.967405
1347 22.553699
1348 21.817419
1349 21.494029
1350 21.110204
1351 20.808813
1352 20.805102
1353 21.138865
1354 20.956237
1355 21.123423
1356 21.013515
1357 21.035781
1358 21.08327
1359 21.154261
1360 21.325025
1361 20.715385
1362 20.224054
1363 19.277692
1364 19.397043
1365 19.496248
1366 20.020281
1367 20.119651
1368 19.811703
1369 19.625248
1370 19.315474
1371 18.528383
1372 18.032902
1373 17.352098
1374 16.918311
1375 16.801864
1376 16.663974
1377 16.417861
1378 16.351538
1379 16.003786
1380 15.847865
1381 15.648233
1382 15.479178
1383 15.008792
1384 14.695727
1385 14.486647
1386 14.647419
1387 15.002802
1388 14.709855
1389 14.166958
1390 13.786364
1391 13.347516
1392 12.997173
1393 12.717942
1394 12.603636
1395 12.566263
1396 12.614726
1397 12.756192
1398 12.759223
1399 12.572838
1400 12.662964
1401 12.648962
1402 12.451971
1403 11.93096
1404 11.304255
1405 10.721561
1406 10.446988
1407 10.175947
1408 9.8981374
1409 9.9094302
1410 9.6756118
1411 9.1502965
1412 8.7978706
1413 8.3328727
1414 7.9685767
1415 7.8101498
1416 7.6870596
1417 7.59079
1418 7.4516031
1419 7.381937
1420 7.1180344
1421 6.6948864
1422 6.32528
1423 6.1268358
1424 6.0359985
1425 5.9002269
1426 5.8350925
1427 5.712265
1428 5.6403678
1429 5.6838387
1430 6.0367347
1431 6.2270349
1432 6.1308371
1433 6.2119319
1434 6.3011053
1435 6.3880207
1436 6.5760102
1437 6.5307803
1438 6.2656142
1439 5.815776
1440 5.5885941
1441 5.0957028
1442 4.9025218
1443 4.7025438
1444 4.5417093
1445 4.4476298
1446 4.2681293
1447 4.0585483
1448 3.7911687
1449 3.6351462
1450 3.3652534
1451 3.091016
1452 2.7647502
1453 2.0870062
1454 1.4435989
1455 1.1428228
1456 1.1741611
1457 1.101472
1458 1.0883688
1459 1.0748796
1460 1.0273661
1461 0.80395326
1462 0.83339175
1463 0.86114839
1464 0.86825341
1465 0.85938834
1466 0.90452612
1467 0.93307519
1468 0.9404443
1469 0.97611446
1470 0.96857158
1471 0.99438279
1472 1.019187
1473 1.0004991
1474 0.98517967
1475 0.97411769
1476 0.96757494
1477 0.97255197
1478 0.98650576
1479 0.99747581
1480 0.97924072
1481 0.98126762
1482 0.99182916
1483 1.0072186
1484 1.0030449
1485 0.99704146
1486 1.0056177
1487 1.0297058
1488 1.0557741
1489 1.0763471
1490 1.0902298
1491 1.1102788
1492 1.1348086
1493 1.1497529
1494 1.1473892
1495 1.1532207
1496 1.1633367
1497 1.1457673
1498 1.0753321
1499 1.1648636
1500 1.1995866
1501 1.2250057
1502 1.2687853
1503 1.2646877
1504 1.3141157
1505 1.23568
1506 1.1278514
1507 1.1956336
1508 1.2454137
1509 1.2649894
1510 1.245646
1511 1.2062302
1512 1.263541
1513 1.3012416
1514 1.3635513
1515 1.3968658
1516 1.426381
1517 1.4020832
1518 1.4187111
1519 1.4529383
1520 1.5186281
1521 1.5524774
1522 1.5572114
1523 1.612725
1524 1.6309488
1525 1.6178596
1526 1.6398452
1527 1.5829522
1528 1.6403422
1529 1.7235107
1530 1.7348601
1531 1.8200642
1532 1.9140448
1533 2.00437
1534 2.0790781
1535 2.1767363
1536 2.2883145
1537 2.4192028
1538 2.5776702
1539 2.7375878
1540 2.870619
1541 3.0153349
1542 3.1472251
1543 3.2558969
1544 3.3922361
1545 3.5168731
1546 3.5818113
1547 3.7042171
1548 3.8591677
1549 3.6748915
1550 3.6517792
1551 3.8759121
1552 3.6937385
1553 4.2497409
1554 5.0169373
1555 5.5853821
1556 5.7813767
1557 5.5616473
1558 5.6230677
1559 5.9568386
1560 6.1023569
1561 5.979705
1562 5.9728241
1563 6.0689732
1564 6.2597256
1565 6.6156238
1566 7.0152901
1567 7.1061012
1568 7.0203187
1569 7.041261
1570 7.1706726
1571 7.2270439
1572 7.3080777
1573 7.7376642
1574 7.5484082
1575 7.5782226
1576 7.861784
1577 8.349788
1578 8.6980851
1579 8.25457
1580 8.3814141
1581 8.7146616
1582 9.1077035
1583 9.5323381
1584 10.250416
1585 10.734056
1586 11.302617
1587 11.790636
1588 11.81201
1589 11.286034
1590 11.527005
1591 12.077338
1592 12.516823
1593 12.847253
1594 13.063068
1595 12.760174
1596 12.987654
1597 13.28239
1598 14.050153
1599 14.771145
1600 14.584279
1601 14.785968
1602 15.304346
1603 15.854296
1604 16.271222
1605 15.951813
1606 14.854758
1607 14.547955
1608 14.951812
1609 15.410445
1610 16.537854
1611 17.601323
1612 18.009775
1613 18.540569
1614 19.319285
1615 19.347333
1616 19.550428
1617 18.804194
1618 19.593004
1619 20.845296
1620 21.393124
1621 22.069995
1622 22.85164
1623 23.471338
1624 23.767828
1625 23.937781
1626 23.796913
1627 22.443504
1628 21.776591
1629 21.25507
1630 20.940865
1631 20.976622
1632 21.006874
1633 21.128157
1634 21.555447
1635 22.016806
1636 22.159211
1637 22.566068
1638 23.443985
1639 23.791951
1640 23.929642
1641 24.119525
1642 22.896917
1643 22.438423
1644 22.514947
1645 23.154474
1646 23.90242
1647 24.88833
1648 25.525877
1649 25.40833
1650 24.997491
1651 24.798918
1652 24.673538
1653 24.316837
1654 24.1782
1655 24.226105
1656 23.899637
1657 23.591836
1658 23.98798
1659 24.53366
1660 24.94236
1661 24.823856
1662 25.249154
1663 25.408916
1664 25.710929
1665 26.170142
1666 26.701086
1667 27.341407
1668 27.515936
1669 28.147589
1670 28.114473
1671 28.355054
1672 28.406705
1673 28.820574
1674 28.475048
1675 27.278966
1676 26.644842
1677 26.222677
1678 25.839214
1679 25.451792
1680 25.411896
1681 25.085611
1682 24.801039
1683 23.996569
1684 24.026929
1685 24.107972
1686 23.987766
1687 23.763322
1688 23.457092
1689 23.092726
1690 22.926371
1691 23.058209
1692 22.956792
1693 22.743798
1694 22.820746
1695 22.839482
1696 22.642425
1697 22.572325
1698 22.779714
1699 23.160342
1700 23.346378
1701 24.078332
1702 24.485033
1703 23.279404
1704 22.431535
1705 22.005892
1706 21.815824
1707 21.777629
1708 22.520448
1709 22.678399
1710 22.724103
1711 22.164195
1712 21.910254
1713 21.422712
1714 20.69072
1715 20.207072
1716 20.177607
1717 19.954325
1718 19.478069
1719 18.988162
1720 18.634061
1721 18.468967
1722 18.429343
1723 18.209841
1724 18.073483
1725 17.612852
1726 17.433607
1727 16.906789
1728 16.95403
1729 16.662095
1730 16.564478
1731 16.734329
1732 16.463273
1733 16.070569
1734 15.808442
1735 15.446329
1736 15.110096
1737 14.703111
1738 14.251349
1739 14.132175
1740 13.784498
1741 13.524401
1742 13.29306
1743 13.270896
1744 13.485847
1745 13.525826
1746 13.328261
1747 13.353622
1748 13.083304
1749 12.674541
1750 12.796856
1751 12.761348
1752 12.407313
1753 12.195688
1754 12.016338
1755 11.670863
1756 11.500832
1757 11.024821
1758 10.521815
1759 10.191461
1760 9.9107065
1761 9.6473939
1762 9.5884937
1763 9.619112
1764 9.6599321
1765 9.8630276
1766 9.8748055
1767 9.7821029
1768 9.366175
1769 8.9641651
1770 8.6422838
1771 8.5163061
1772 8.4159169
1773 8.2801682
1774 8.3076059
1775 8.4845486
1776 8.4786534
1777 8.2798115
1778 8.2020421
1779 8.2162224
1780 7.9915365
1781 7.76408
1782 7.5325046
1783 7.2898879
1784 7.2566328
1785 7.2395498
1786 7.1601941
1787 7.0190357
1788 7.0132756
1789 7.0233253
1790 6.8080242
1791 6.5316375
1792 6.2930415
1793 6.095794
1794 5.8151674
1795 5.4572037
1796 5.1341578
1797 4.8158303
1798 4.7528644
1799 4.8891973
1800 4.9303215
1801 4.7503742
1802 4.4769797
1803 4.1900636
1804 4.0071143
1805 3.9016272
1806 3.6701601
1807 3.4565519
1808 3.3192494
1809 3.0806906
1810 3.0224078
1811 2.9353296
1812 2.6082426
1813 2.1043898
1814 1.6566207
1815 1.5831553
1816 1.3624596
1817 1.0727077
1818 0.87690997
1819 0.82032619
1820 0.91063754
1821 0.98725452
1822 1.0498836
1823 1.0836932
1824 1.046121
1825 1.0417003
1826 1.0389057
1827 1.0436976
1828 1.0339211
1829 1.0048447
1830 0.97702845
1831 0.96102708
1832 0.98098585
1833 0.97939018
1834 0.99881645
1835 1.0336156
1836 0.98155857
1837 1.0054252
1838 0.9829258
1839 0.84939684
1840 0.953516
1841 0.98825053
1842 1.0381685
1843 1.0732259
1844 1.0859728
1845 1.1278679
1846 1.1613299
1847 1.2282788
1848 1.3005713
1849 1.303253
1850 1.3626857
1851 1.4148279
1852 1.4351007
1853 1.4889764
1854 1.5403983
1855 1.5848074
1856 1.5834967
1857 1.5772462
1858 1.6052412
1859 1.6375431
1860 1.6475083
1861 1.6550678
1862 1.6686059
1863 1.700552
1864 1.7153208
1865 1.7310571
1866 1.7533494
1867 1.7736265
1868 1.7791064
1869 1.8011943
1870 1.8118725
1871 1.8117274
1872 1.8253297
1873 1.8320729
1874 1.8279322
1875 1.7357265
1876 1.7692874
1877 1.8083696
1878 1.8656161
1879 1.9011297
1880 1.938764
1881 1.9827791
1882 2.004318
1883 2.0613811
1884 2.1905317
1885 2.2911347
1886 2.3528138
1887 2.4281117
1888 2.5060683
1889 2.5620687
1890 2.6119347
1891 2.6851424
1892 2.7770042
1893 2.8724007
1894 3.0074611
1895 3.1197508
1896 3.0307921
1897 2.9846638
1898 2.9676569
1899 3.0169531
1900 3.0814175
1901 3.1409527
1902 3.2184289
1903 3.1779738
1904 3.1248946
1905 3.080313
1906 3.0962474
1907 3.1707421
1908 3.4857671
1909 3.7186607
1910 4.0442185
1911 4.1870619
1912 4.2242284
1913 4.5414522
1914 4.6308751
1915 4.4964038
1916 4.6162227
1917 4.9971525
1918 5.4054688
1919 5.4577608
1920 5.7136757
1921 5.5375204
1922 5.2848913
1923 5.4011577
1924 5.6434917
1925 5.5900725
1926 5.4971795
1927 5.5540234
1928 5.5774926
1929 5.598705
1930 5.8207574
1931 5.9061111
1932 6.3437018
1933 6.8401222
1934 6.6002334
1935 6.6584813
1936 7.30324
1937 7.1858846
1938 7.1633856
1939 7.2894185
1940 7.8771381
1941 7.9735044
1942 8.1035811
1943 8.4132016
1944 8.9842275
1945 9.5230735
1946 9.9734027
1947 10.148863
1948 10.603555
1949 11.23374
1950 12.187617
1951 12.555181
1952 13.007827
1953 14.035806
1954 14.726657
1955 16.030258
1956 16.495124
1957 15.624214
1958 15.334578
1959 15.308584
1960 15.737553
1961 14.673309
1962 13.835715
1963 14.073566
1964 14.388744
1965 14.464705
1966 13.576171
1967 13.525767
1968 13.703511
1969 13.949573
1970 14.652268
1971 15.407317
1972 15.548428
1973 15.407756
1974 15.514983
1975 15.011234
1976 14.80627
1977 15.367525
1978 15.792549
1979 16.532344
1980 17.247575
1981 17.51848
1982 17.762664
1983 17.360282
1984 16.918841
1985 17.225435
1986 17.633391
1987 18.521645
1988 19.450085
1989 20.014584
1990 20.730682
1991 20.30537
1992 20.319365
1993 20.458499
1994 20.293107
1995 20.207137
1996 20.16864
1997 20.254784
1998 20.374587
1999 20.53463
2000 20.673337
2001 20.694249
2002 21.432425
2003 21.771502
2004 22.827335
2005 22.587295
2006 22.050904
2007 21.389656
2008 21.289551
2009 21.558754
2010 21.922194
2011 22.587048
2012 23.321126
2013 23.675582
2014 24.085747
2015 24.766431
2016 24.240898
2017 24.270759
2018 24.605216
2019 25.165579
2020 25.190067
2021 25.004235
2022 25.556547
2023 25.421047
2024 25.432673
2025 25.370709
2026 25.320265
2027 24.122883
2028 23.393181
2029 23.059738
2030 22.649106
2031 22.768496
2032 22.645622
2033 22.952396
2034 22.53449
2035 22.703863
2036 23.36506
2037 23.435571
2038 23.230643
2039 23.315993
2040 23.555788
2041 23.892066
2042 24.482488
2043 24.227521
2044 23.84414
2045 22.900258
2046 23.190128
2047 23.551213
2048 24.213759
2049 24.306722
2050 24.456952
2051 24.364333
2052 24.393311
2053 24.760146
2054 25.164668
2055 25.280319
2056 24.624489
2057 24.404051
2058 23.914013
2059 23.718234
2060 22.970275
2061 22.608294
2062 22.659257
2063 23.110065
2064 23.451356
2065 23.70708
2066 23.763098
2067 23.736531
2068 23.660395
2069 23.960814
2070 23.876387
2071 24.338174
2072 24.831279
2073 24.799469
2074 24.828018
2075 23.708491
2076 22.624109
2077 21.879124
2078 21.620172
2079 21.817172
2080 22.020019
2081 22.345727
2082 22.416345
2083 21.970973
2084 21.368268
2085 20.895379
2086 20.12549
2087 19.626359
2088 19.370375
2089 19.266106
2090 19.229208
2091 18.828302
2092 18.25325
2093 17.62616
2094 17.331458
2095 16.890904
2096 16.565137
2097 16.272035
2098 16.019347
2099 15.806499
2100 15.647518
2101 15.578682
2102 15.678479
2103 15.894856
2104 15.762378
2105 15.486762
2106 15.2307
2107 14.271462
2108 13.5185
2109 13.173019
2110 12.578863
2111 12.328345
2112 12.061755
2113 12.038177
2114 12.302621
2115 12.625242
2116 12.595263
2117 12.535484
2118 12.348153
2119 12.259279
2120 12.318072
2121 12.445691
2122 12.442495
2123 12.591951
2124 12.839831
2125 13.033979
2126 13.18674
2127 13.314126
2128 13.36817
2129 12.79639
2130 12.376051
2131 12.107835
2132 12.133902
2133 12.340859
2134 12.567966
2135 12.182245
2136 11.865058
2137 11.500391
2138 11.227377
2139 11.130508
2140 10.815243
2141 10.464622
2142 10.102341
2143 9.8299475
2144 9.6234624
2145 9.3419609
2146 8.9099716
2147 8.4422038
2148 8.1540019
2149 7.7480354
2150 7.316556
2151 6.8999642
2152 6.3127488
2153 5.7097338
2154 5.282866
2155 4.9645097
2156 4.6894506
2157 4.5276417
2158 4.4242462
2159 4.2381442
2160 4.0599624
2161 3.9565749
2162 3.8654623
2163 3.7329069
2164 3.5223668
2165 3.1611856
2166 2.9549829
2167 2.2621866
2168 1.9062745
2169 1.7129702
2170 1.7186009
2171 1.6533585
2172 1.5929309
2173 1.5110715
2174 1.3006981
2175 1.0958318
2176 0.92117648
2177 0.96329355
2178 0.96492306
2179 0.98428082
2180 0.98403978
2181 0.97597819
2182 0.98471842
2183 0.99659826
2184 1.0143937
2185 1.0114678
2186 1.0399416
2187 1.0904494
2188 1.1044151
2189 1.0924648
2190 1.0970211
2191 1.1060562
2192 1.124848
2193 1.1273726
2194 1.1172157
2195 1.1598572
2196 1.1764399
2197 1.1686779
2198 1.2104879
2199 1.2298789
2200 1.2406572
2201 1.2573557
2202 1.2427425
2203 1.2380526
2204 1.2484398
2205 1.275554
2206 1.3083335
2207 1.3090902
2208 1.3141627
2209 1.3489897
2210 1.374314
2211 1.4062783
2212 1.4309845
2213 1.4621051
2214 1.4905355
2215 1.5416478
2216 1.560653
2217 1.5886742
2218 1.6111228
2219 1.6204665
2220 1.6567102
2221 1.6683127
2222 1.6620055
2223 1.650497
2224 1.6451453
2225 1.6471589
2226 1.6555995
2227 1.6534198
2228 1.6405865
2229 1.6459277
2230 1.6591706
2231 1.6686251
2232 1.6628323
2233 1.6496001
2234 1.656708
2235 1.6769366
2236 1.6909492
2237 1.699165
2238 1.6940923
2239 1.6915063
2240 1.7101063
2241 1.7349941
2242 1.7459614
2243 1.7554637
2244 1.7646594
2245 1.7850246
2246 1.7897922
2247 1.7889183
2248 1.782331
2249 1.7782561
2250 1.7938364
2251 1.8311636
2252 1.8287517
2253 1.8678042
2254 1.9075655
2255 1.9658291
2256 1.9878444
2257 1.9425397
2258 1.8810231
2259 1.9716072
2260 2.0088331
2261 2.0501788
2262 2.0677728
2263 2.0836108
2264 2.0950275
2265 2.1241485
2266 2.1312156
2267 2.1933306
2268 2.2355016
2269 2.2915895
2270 2.3704725
2271 2.4457366
2272 2.5365702
2273 2.6309458
2274 2.7436873
2275 2.8437833
2276 2.832004
2277 2.7474493
2278 2.6774349
2279 2.7052534
2280 2.7899982
2281 2.8474053
2282 2.886249
2283 2.9394291
2284 3.0246192
2285 3.0692451
2286 3.1713649
2287 3.3055834
2288 3.3764235
2289 3.3952417
2290 3.8478141
2291 4.5932274
2292 4.875308
2293 5.2433918
2294 5.4329141
2295 5.4944259
2296 5.9948076
2297 6.3854295
2298 6.3749812
2299 5.6762843
2300 5.5482222
2301 5.7446098
2302 6.0391083
2303 6.5317723
2304 7.2081774
2305 7.5776297
2306 7.935369
2307 8.2581224
2308 8.8466428
2309 9.014403
2310 9.6986984
2311 9.6956135
2312 9.9035158
2313 10.518735
2314 11.437612
2315 12.475071
2316 13.063222
2317 12.563493
2318 12.184872
2319 12.559658
2320 13.045883
2321 13.079809
2322 13.66448
2323 14.470679
2324 14.896214
2325 14.991922
2326 15.047784
2327 14.903172
2328 15.669219
2329 16.516994
2330 17.355426
2331 18.290296
2332 18.463404
2333 17.916035
2334 17.389367
2335 16.585368
2336 16.126163
2337 16.046885
2338 16.162699
2339 15.996574
2340 16.033195
2341 16.302762
2342 16.879241
2343 16.767948
2344 15.93125
2345 15.856789
2346 15.431747
2347 15.323607
2348 15.327418
2349 15.20041
2350 15.631344
2351 16.118898
2352 16.707887
2353 18.171408
2354 18.518004
2355 19.800001
2356 20.931842
2357 20.775794
2358 21.764152
2359 21.808361
2360 21.713273
2361 22.020018
2362 22.277593
2363 22.068298
2364 22.107926
2365 22.091324
2366 21.868554
2367 22.047297
2368 22.137538
2369 22.363257
2370 23.013646
2371 23.365084
2372 24.082446
2373 24.18968
2374 24.425655
2375 23.331835
2376 22.687495
2377 22.909737
2378 23.062653
2379 22.71415
2380 22.584475
2381 23.138313
2382 23.761797
2383 24.425417
2384 24.32093
2385 23.954844
2386 23.94596
2387 23.92801
2388 24.402905
2389 24.80017
2390 24.756765
2391 24.949603
2392 25.417819
2393 25.82059
2394 26.526415
2395 26.885267
2396 27.375933
2397 28.441108
2398 28.515428
2399 26.993858
2400 25.773773
2401 24.987896
2402 24.858051
2403 25.301292
2404 25.792066
2405 26.275285
2406 26.487375
2407 26.773015
2408 26.862102
2409 27.018893
2410 27.132857
2411 27.439997
2412 27.809738
2413 28.157934
2414 27.819873
2415 26.648884
2416 26.250107
2417 26.092576
2418 25.504133
2419 25.309957
2420 24.284711
2421 23.756954
2422 23.583653
2423 23.444464
2424 23.01099
2425 23.053309
2426 22.851238
2427 23.156033
2428 24.071112
2429 23.712132
2430 23.504615
2431 23.510171
2432 23.68699
2433 23.500986
2434 22.980025
2435 22.803045
2436 22.545334
2437 22.217086
2438 21.906273
2439 22.020409
2440 21.811602
2441 21.625805
2442 21.624345
2443 21.847193
2444 21.979391
2445 21.807268
2446 21.136361
2447 20.91519
2448 20.874092
2449 20.221587
2450 19.608668
2451 19.388759
2452 19.160446
2453 18.970392
2454 18.955566
2455 18.298009
2456 18.445105
2457 18.346195
2458 18.478025
2459 17.939712
2460 17.106297
2461 16.50757
2462 16.114052
2463 15.936545
2464 15.812744
2465 15.76509
2466 15.714324
2467 16.037716
2468 15.980057
2469 15.952251
2470 15.793417
2471 15.335787
2472 14.710144
2473 14.375786
2474 13.937054
2475 14.03421
2476 14.147482
2477 14.140197
2478 14.087255
2479 13.990209
2480 13.816987
2481 13.547096
2482 13.091021
2483 12.634425
2484 12.393546
2485 12.251004
2486 12.095172
2487 12.01798
2488 11.963659
2489 12.162272
2490 12.058104
2491 11.108749
2492 10.42031
2493 10.045036
2494 9.7706703
2495 9.6295532
2496 9.4831607
2497 9.5396179
2498 9.6457389
2499 9.5809323
2500 9.4942226
2501 9.3756129
2502 9.191775
2503 9.1138245
2504 9.2089612
2505 9.1145782
2506 8.80618
2507 8.5566578
2508 8.3781336
2509 8.1663033
2510 8.0672324
2511 8.262102
2512 8.509263
2513 8.5416635
2514 8.520721
2515 8.5958627
2516 8.2991403
2517 7.908761
2518 7.6657154
2519 7.4988791
2520 7.5116754
2521 7.6586431
2522 7.6048524
2523 7.4917057
2524 7.398876
2525 7.3067643
2526 7.2133017
2527 7.0983876
2528 6.8999839
2529 6.7290648
2530 6.6343644
2531 6.8962531
2532 7.0451686
2533 6.8708024
2534 6.6864203
2535 6.4665058
2536 6.0402551
2537 5.7811616
2538 5.5322412
2539 5.4565063
2540 5.3237626
2541 5.1054826
2542 4.9431339
2543 4.9670579
2544 4.8638204
2545 4.6988018
2546 4.4332319
2547 4.1040341
2548 3.8307923
2549 3.699942
2550 3.3930109
2551 2.8286898
2552 2.2199905
2553 2.0092928
2554 1.8244285
2555 1.6168589
2556 1.4139645
2557 1.3654965
2558 1.1790462
2559 0.98903635
2560 0.98159774
2561 1.0583408
2562 1.0846269
2563 1.0972197
2564 1.1039873
2565 1.0896425
2566 1.0955036
2567 1.1041456
2568 1.1203072
2569 1.1434298
2570 1.1603507
2571 1.1282532
2572 1.120443
2573 1.1137211
2574 1.0960009
2575 1.1176961
2576 1.2055719
2577 1.2516509
2578 1.2956295
2579 1.3478214
2580 1.3721741
2581 1.402588
2582 1.4353998
2583 1.4554048
2584 1.5040944
2585 1.5594582
2586 1.5962419
2587 1.5783145
2588 1.5607297
2589 1.5206851
2590 1.5016925
2591 1.559726
2592 1.611999
2593 1.685224
2594 1.7228
2595 1.7737161
2596 1.7908889
2597 1.8115726
2598 1.8235365
2599 1.8123741
2600 1.8149083
2601 1.8126889
2602 1.7617511
2603 1.7594623
2604 1.7865367
2605 1.8169888
2606 1.8449174
2607 1.8431612
2608 1.8585362
2609 1.8745212
2610 1.858213
2611 1.8288155
2612 1.8491657
2613 1.9215716
2614 1.9490466
2615 1.9305616
2616 1.885079
2617 1.9421738
2618 2.0229636
2619 2.0689162
2620 2.1278815
2621 2.160324
2622 2.1657225
2623 2.2227343
2624 2.2696044
2625 2.3085542
2626 2.3415029
2627 2.2467929
2628 2.3040614
2629 2.4399559
2630 2.5532921
2631 2.622374
2632 2.7291242
2633 2.8172123
2634 2.8368396
2635 2.9302583
2636 2.9753619
2637 3.0928237
2638 3.0980672
2639 3.006746
2640 3.025426
2641 3.0523791
2642 2.6851027
2643 2.5971782
2644 2.6591409
2645 2.7302933
2646 2.8829517
2647 2.7157364
2648 2.6141207
2649 2.666655
2650 2.6418907
2651 2.5903353
2652 2.604938
2653 2.6311922
2654 2.7447796
2655 2.8049599
2656 3.0243804
2657 3.332168
2658 3.5300855
2659 3.995093
2660 4.5532543
2661 5.0399984
2662 5.2599716
2663 5.9076242
2664 6.7170064
2665 7.5686582
2666 7.9511121
2667 8.2591047
2668 8.2565002
2669 7.7875094
2670 7.7578665
2671 7.8749749
2672 8.0309753
2673 7.8287106
2674 8.0966053
2675 7.7641404
2676 7.786492
2677 8.0490389
2678 8.460187
2679 8.7569459
2680 8.587309
2681 8.9060249
2682 9.0298011
2683 9.657725
2684 10.611908
2685 11.35662
2686 11.477552
2687 11.082669
2688 10.849723
2689 10.616728
2690 10.662573
2691 10.692019
2692 11.021258
2693 11.345439
2694 11.910802
2695 11.856171
2696 11.806911
2697 11.822868
2698 11.802192
2699 11.949351
2700 11.878947
2701 12.324596
2702 12.727536
2703 12.50574
2704 12.91242
2705 13.881105
2706 14.790145
2707 15.569629
2708 16.377267
2709 17.062735
2710 17.844337
2711 17.622039
2712 16.750058
2713 17.148612
2714 17.737644
2715 18.182959
2716 18.346876
2717 18.996886
2718 19.856178
2719 20.676494
2720 21.505166
2721 21.858925
2722 22.481205
2723 20.776333
2724 20.310434
2725 20.240189
2726 20.339167
2727 20.823505
2728 20.78031
2729 21.515144
2730 22.833347
2731 23.232653
2732 23.784376
2733 24.618463
2734 24.844683
2735 25.386361
2736 25.631959
2737 25.529301
2738 26.209927
2739 26.7718
2740 27.339144
2741 27.0393
2742 27.021856
2743 27.251474
2744 26.038465
2745 25.88026
2746 26.138174
2747 26.809345
2748 26.976765
2749 25.895551
2750 25.149307
2751 24.951976
2752 25.161146
2753 25.118982
2754 25.411067
2755 25.666019
2756 26.11634
2757 26.276454
2758 26.813179
2759 26.78853
2760 27.22401
2761 27.176671
2762 26.430594
2763 25.526023
2764 25.430918
2765 25.96596
2766 25.952573
2767 26.88561
2768 26.853317
2769 26.962934
2770 26.824312
2771 26.756184
2772 26.21785
2773 25.994363
2774 26.297618
2775 26.19803
2776 25.134967
2777 24.617102
2778 24.481
2779 24.472441
2780 24.288563
2781 24.566751
2782 24.431858
2783 24.607138
2784 24.394885
2785 24.078613
2786 24.173107
2787 23.559063
2788 23.209946
2789 23.098648
2790 22.951649
2791 22.959113
2792 23.212853
2793 23.371119
2794 23.587291
2795 23.766134
2796 24.094022
2797 24.306121
2798 23.910681
2799 23.639409
2800 23.551422
2801 23.476006
2802 23.195174
2803 23.324624
2804 23.097356
2805 23.003393
2806 22.914406
2807 22.806725
2808 22.841998
2809 23.171721
2810 23.449315
2811 23.026068
2812 22.551775
2813 22.220947
2814 21.910046
2815 21.674001
2816 21.461252
2817 21.191525
2818 20.885708
2819 20.809282
2820 21.121663
2821 21.026351
2822 20.649649
2823 20.010534
2824 18.849168
2825 18.458721
2826 17.854805
2827 17.830491
2828 17.564349
2829 17.401617
2830 17.506446
2831 17.397843
2832 17.477424
2833 17.199139
2834 16.797118
2835 16.601728
2836 16.334987
2837 15.964236
2838 15.456759
2839 15.133002
2840 15.033188
2841 14.909999
2842 14.895927
2843 14.705181
2844 14.123222
2845 13.604803
2846 13.344881
2847 12.886235
2848 12.483704
2849 12.333421
2850 12.072704
2851 11.788808
2852 11.406655
2853 11.200373
2854 10.881559
2855 10.507305
2856 10.388767
2857 10.286824
2858 10.163884
2859 9.9359856
2860 9.6706063
2861 9.496809
2862 9.2099889
2863 8.6989365
2864 8.2771794
2865 7.9724512
2866 7.7100666
2867 7.6617139
2868 7.5095944
2869 7.2735033
2870 7.27543
2871 7.4034932
2872 7.4892154
2873 7.3816854
2874 7.16096
2875 7.0731219
2876 7.0060999
2877 6.7831488
2878 6.545097
2879 6.3040799
2880 6.0654697
2881 5.897515
2882 5.8533947
2883 5.6934695
2884 5.5231972
2885 5.3187307
2886 5.0534941
2887 4.7721198
2888 4.5280544
2889 4.2888994
2890 4.022234
2891 3.8546394
2892 3.3312574
2893 2.8675023
2894 2.6012517
2895 2.2934654
2896 2.1854354
2897 2.0488921
2898 2.0114512
2899 1.9508311
2900 1.8276577
2901 1.7633252
2902 1.681029
2903 1.6072174
2904 1.5737333
2905 1.5279513
2906 1.4876473
2907 1.4393511
2908 1.3922653
2909 1.3693504
2910 1.4386117
2911 1.4698522
2912 1.4278597
2913 1.3331311
2914 1.2363316
2915 1.06611
2916 1.0496254
2917 1.0689323
2918 0.97369012
2919 0.94317984
2920 0.91029877
2921 0.94903557
2922 0.99373678
2923 0.98809584
2924 1.0159747
2925 1.0235596
2926 1.0326081
2927 1.0435995
2928 1.0312615
2929 1.0387346
2930 1.0502443
2931 1.0711153
2932 1.0497501
2933 0.93899166
2934 0.92808221
2935 1.0341518
2936 1.0855368
2937 1.1123221
2938 1.1732348
2939 1.1540778
2940 1.1726297
2941 1.1941589
2942 1.221975
2943 1.2180714
2944 1.2402193
2945 1.2549236
2946 1.2674233
2947 1.2776084
2948 1.2868134
2949 1.3056778
2950 1.280322
2951 1.2817239
2952 1.3154077
2953 1.2780545
2954 1.2616164
2955 1.2746729
2956 1.2832103
2957 1.2791664
2958 1.2934083
2959 1.3104503
2960 1.3244122
2961 1.3464811
2962 1.3295147
2963 1.3362946
2964 1.351736
2965 1.3414957
2966 1.3546539
2967 1.3841978
2968 1.3857357
2969 1.4068155
2970 1.4186231
2971 1.4080907
2972 1.4228292
2973 1.4402084
2974 1.4547841
2975 1.4821987
2976 1.4660655
2977 1.4993274
2978 1.490196
2979 1.4753759
2980 1.5181557
2981 1.5105262
2982 1.5253281
2983 1.5277636
2984 1.5734803
2985 1.5996405
2986 1.592145
2987 1.6384327
2988 1.6674129
2989 1.6458386
2990 1.6568355
2991 1.7053397
2992 1.763835
2993 1.7983867
2994 1.8124726
2995 1.8512308
2996 1.8858448
2997 2.003071
2998 2.1360022
2999 2.2132458
3000 2.3661387
3001 2.4489482
3002 2.528917
3003 2.6020221
3004 2.7530011
3005 2.9216046
3006 3.0669421
3007 3.2147079
3008 3.3431075
3009 3.4782053
3010 3.5533601
3011 3.5204696
3012 3.5439409
3013 3.47735
3014 3.6304278
3015 3.9948649
3016 3.5122668
3017 3.3931748
3018 3.2173231
3019 3.1400611
3020 2.8712483
3021 2.6938677
3022 2.8142997
3023 3.0167545
3024 3.3468204
3025 3.6267819
3026 3.9423134
3027 4.616846
3028 5.5710799
3029 5.4305552
3030 5.2420576
3031 5.4593226
3032 5.9733825
3033 6.4791837
3034 6.4592962
3035 6.5657972
3036 6.9153126
3037 7.1277699
3038 7.3738124
3039 7.873435
3040 8.1145652
3041 8.5332564
3042 9.0402419
3043 9.2744646
3044 9.3324064
3045 9.4648746
3046 9.7162574
3047 9.4384731
3048 9.4873422
3049 10.136605
3050 10.341581
3051 10.817637
3052 11.283498
3053 12.325758
3054 11.235497
3055 10.83527
3056 11.354225
3057 11.384066
3058 11.553528
3059 12.342012
3060 12.853491
3061 13.455064
3062 14.379637
3063 13.636312
3064 13.60405
3065 13.709009
3066 14.015209
3067 14.314329
3068 14.682426
3069 15.325172
3070 16.236807
3071 15.617286
3072 15.732274
3073 15.767992
3074 15.229863
3075 15.298806
3076 15.909739
3077 16.172167
3078 16.101111
3079 16.515632
3080 16.511803
3081 16.750888
3082 17.029202
3083 17.601292
3084 17.801338
3085 18.31824
3086 18.61473
3087 19.192584
3088 20.353067
3089 21.047867
3090 21.215576
3091 21.540599
3092 22.068298
3093 21.405001
3094 21.239133
3095 21.221932
3096 20.936629
3097 20.975325
3098 21.694843
3099 22.78167
3100 21.345417
3101 20.900986
3102 20.886059
3103 21.267476
3104 21.504641
3105 22.00904
3106 22.769325
3107 23.793191
3108 24.691844
3109 25.553912
3110 25.752742
3111 26.108873
3112 25.525947
3113 24.844157
3114 24.21363
3115 22.976013
3116 22.917126
3117 23.002284
3118 22.872045
3119 23.012101
3120 23.523701
3121 23.981539
3122 23.596642
3123 23.388995
3124 23.876483
3125 23.610015
3126 23.096678
3127 23.078482
3128 23.120419
3129 22.840146
3130 22.970384
3131 23.586531
3132 23.875192
3133 23.901987
3134 24.040159
3135 24.251838
3136 24.286302
3137 24.247959
3138 24.267935
3139 24.350325
3140 24.66046
3141 24.489379
3142 24.259233
3143 23.90742
3144 23.896887
3145 24.145827
3146 23.864542
3147 23.773899
3148 23.833242
3149 24.162407
3150 24.602288
3151 25.124325
3152 25.025258
3153 24.999126
3154 24.911617
3155 24.858278
3156 25.085759
3157 24.808147
3158 24.510818
3159 24.19619
3160 24.432466
3161 24.933971
3162 24.78507
3163 24.301773
3164 24.291971
3165 23.907022
3166 23.673787
3167 23.444551
3168 23.362024
3169 22.612765
3170 22.103118
3171 21.896822
3172 21.853045
3173 21.978669
3174 22.572229
3175 22.362513
3176 22.428793
3177 22.130908
3178 21.855921
3179 21.746216
3180 21.395093
3181 20.931112
3182 20.698978
3183 20.375631
3184 20.234391
3185 19.666829
3186 19.195093
3187 18.912924
3188 18.761981
3189 18.335242
3190 17.990592
3191 17.582684
3192 17.225212
3193 16.808045
3194 16.146072
3195 15.84731
3196 15.304795
3197 14.75236
3198 14.397992
3199 13.865253
3200 13.58162
3201 13.410847
3202 13.307712
3203 13.404951
3204 13.644717
3205 13.863224
3206 14.071206
3207 14.167203
3208 13.853802
3209 13.672534
3210 13.473202
3211 13.186762
3212 12.932575
3213 12.69238
3214 12.640751
3215 12.597018
3216 12.700181
3217 12.523671
3218 12.369152
3219 12.270958
3220 12.179165
3221 12.024844
3222 11.780229
3223 11.581086
3224 11.248759
3225 11.019916
3226 11.033409
3227 11.066671
3228 10.858996
3229 10.75433
3230 10.541602
3231 10.485107
3232 10.118613
3233 9.7240508
3234 9.164161
3235 8.7238544
3236 8.3275115
3237 8.0541979
3238 8.0266069
3239 7.8549824
3240 7.3495142
3241 7.0751095
3242 7.0536208
3243 7.05245
3244 7.0867414
3245 7.211154
3246 7.054536
3247 6.9886082
3248 6.7969683
3249 6.6775943
3250 6.7161878
3251 6.0615071
3252 5.6054595
3253 5.4028878
3254 5.2601132
3255 4.8703209
3256 4.5109785
3257 4.3130306
3258 3.9565163
3259 3.6646897
3260 3.4945323
3261 3.3750784
3262 3.2619475
3263 3.0710019
3264 3.0072435
3265 2.9326367
3266 2.8868651
3267 2.7536859
3268 2.2578505
3269 1.786556
3270 1.5760607
3271 1.4764544
3272 1.5206485
3273 1.4962606
3274 1.3358113
3275 1.2856051
3276 1.2606339
3277 1.1941238
3278 1.1923463
3279 1.1794365
3280 1.1178859
3281 1.0450997
3282 0.93311089
3283 0.88149019
3284 1.0462367
3285 1.0827684
3286 1.0583412
3287 0.98471406
3288 0.87730844
3289 0.90603507
3290 0.96209358
3291 0.94369955
3292 0.88416464
3293 0.80625144
3294 0.87054611
3295 0.9159283
3296 0.94162691
3297 0.93496632
3298 0.93190815
3299 0.94054381
3300 0.95594522
3301 0.97171142
3302 0.94301417
3303 0.93599859
3304 0.93756857
3305 0.9506541
3306 0.96831075
3307 1.0065422
3308 1.0103191
3309 0.99516667
3310 1.0235154
3311 1.0437712
3312 1.0639975
3313 1.0920146
3314 1.1097864
3315 1.1281082
3316 1.1492489
3317 1.1551649
3318 1.2100913
3319 1.2371708
3320 1.2510372
3321 1.2521768
3322 1.2606769
3323 1.2720987
3324 1.2751517
3325 1.2788503
3326 1.2850792
3327 1.2842327
3328 1.3057915
3329 1.3180609
3330 1.3181828
3331 1.3324367
3332 1.3274192
3333 1.3634692
3334 1.3933533
3335 1.4140585
3336 1.4369233
3337 1.454637
3338 1.4640505
3339 1.4433165
3340 1.4495048
3341 1.4564214
3342 1.4751726
3343 1.5083431
3344 1.521346
3345 1.5439414
3346 1.5400286
3347 1.5736262
3348 1.6462419
3349 1.7361593
3350 1.8368229
3351 1.9027379
3352 1.9656317
3353 2.0671703
3354 2.1443079
3355 2.1895209
3356 2.2014649
3357 2.2864698
3358 2.3819846
3359 2.4090057
3360 2.3270948
3361 2.3420936
3362 2.3953704
3363 2.468478
3364 2.4866232
3365 2.4881753
3366 2.4934341
3367 2.5537638
3368 2.6814191
3369 2.6897451
3370 2.7038977
3371 2.7875192
3372 3.043323
3373 3.1775636
3374 3.8021629
3375 4.2300944
3376 4.6769837
3377 4.9438399
3378 4.7847495
3379 4.729402
3380 4.8390793
3381 4.8728382
3382 4.6779226
3383 4.697076
3384 4.8850023
3385 5.1850255
3386 5.662158
3387 5.5203714
3388 5.7859505
3389 5.7370141
3390 5.7265366
3391 5.6749811
3392 5.7465806
3393 5.9832282
3394 6.3756258
3395 7.0331767
3396 7.8383954
3397 8.211858
3398 8.2369471
3399 8.4645726
3400 8.7062229
3401 9.0667121
3402 9.2754863
3403 9.2544597
3404 9.3694042
3405 9.3334761
3406 9.3031597
3407 9.6959836
3408 10.369981
3409 10.709608
3410 10.653978
3411 10.535561
3412 10.622097
3413 10.78499
3414 11.121871
3415 12.015982
3416 11.8051
3417 12.118521
3418 13.127571
3419 13.990629
3420 14.50885
3421 15.381312
3422 16.204814
3423 15.444829
3424 15.122978
3425 15.235474
3426 15.70384
3427 16.43398
3428 16.955369
3429 17.763302
3430 17.287711
3431 17.81885
3432 18.280692
3433 18.008351
3434 17.867291
3435 17.905822
3436 18.001279
3437 18.17727
3438 17.370101
3439 17.514786
3440 17.543772
3441 17.405509
3442 17.695873
3443 18.401017
3444 18.754311
3445 19.181248
3446 19.937068
3447 20.16678
3448 21.53208
3449 22.605684
3450 21.779208
3451 21.574871
3452 21.937531
3453 22.630187
3454 23.022249
3455 23.116458
3456 23.269257
3457 23.652198
3458 23.022519
3459 22.027782
3460 21.274241
3461 21.063019
3462 20.887929
3463 20.886642
3464 20.144219
3465 19.819359
3466 19.911517
3467 20.101595
3468 20.308035
3469 20.679955
3470 21.109859
3471 21.253695
3472 21.970239
3473 22.08592
3474 22.279399
3475 22.685494
3476 22.873407
3477 22.150529
3478 22.035874
3479 21.91463
3480 22.274207
3481 22.965426
3482 23.630711
3483 23.967766
3484 23.58809
3485 23.927947
3486 23.903631
3487 23.758814
3488 23.764131
3489 24.282042
3490 24.494319
3491 24.969162
3492 25.11622
3493 24.748988
3494 24.266366
3495 24.132078
3496 24.151525
3497 24.447077
3498 24.138119
3499 23.868679
3500 23.912167
3501 24.097033
3502 24.2222
3503 24.473455
3504 24.78261
3505 24.372821
3506 23.63863
3507 23.429311
3508 23.020518
3509 23.031932
3510 22.972105
3511 22.214883
3512 21.138966
3513 20.484969
3514 20.215193
3515 20.349033
3516 20.536594
3517 20.263667
3518 20.545853
3519 20.83557
3520 20.464816
3521 20.193709
3522 19.884875
3523 19.966283
3524 20.462316
3525 20.661502
3526 21.074409
3527 21.62657
3528 22.256226
3529 21.846801
3530 21.523101
3531 21.290673
3532 21.132687
3533 21.322643
3534 21.65134
3535 21.849457
3536 22.277952
3537 22.512681
3538 22.240167
3539 21.638331
3540 21.235417
3541 21.014229
3542 20.724297
3543 20.760393
3544 20.864209
3545 20.851838
3546 21.166388
3547 21.104045
3548 20.711096
3549 20.363084
3550 20.218506
3551 19.875574
3552 19.648232
3553 19.426395
3554 19.25013
3555 19.168693
3556 19.031907
3557 18.923571
3558 18.800268
3559 18.732647
3560 18.233507
3561 17.893436
3562 17.52411
3563 17.219575
3564 16.617449
3565 16.154594
3566 15.517237
3567 14.949394
3568 14.850598
3569 14.904178
3570 15.194975
3571 14.952334
3572 14.840076
3573 14.569788
3574 14.547842
3575 14.39577
3576 14.056597
3577 13.800572
3578 12.955149
3579 12.494838
3580 12.12472
3581 12.031018
3582 12.033018
3583 11.897167
3584 12.046983
3585 12.32153
3586 12.302488
3587 12.182998
3588 12.049642
3589 12.061193
3590 12.066515
3591 12.591544
3592 12.48045
3593 12.196407
3594 11.891536
3595 11.646719
3596 11.43685
3597 11.084963
3598 10.79962
3599 10.578697
3600 10.162663
3601 9.9537287
3602 9.5473963
3603 9.4833854
3604 9.182306
3605 8.623017
3606 8.246441
3607 7.9899082
3608 8.1238391
3609 8.2056621
3610 8.466091
3611 8.549126
3612 8.5176137
3613 8.4755022
3614 8.1333106
3615 8.0066196
3616 7.8311822
3617 7.3881439
3618 7.0381355
3619 6.9593561
3620 6.8078047
3621 6.4804022
3622 6.2729117
3623 6.0718875
3624 5.6976469
3625 5.3876816
3626 5.0397435
3627 4.6586925
3628 4.4951291
3629 4.4624817
3630 4.3422511
3631 4.1886732
3632 4.1393474
3633 4.1240694
3634 3.9268448
3635 3.7038355
3636 3.0628869
3637 2.3974433
3638 2.1117464
3639 1.8521455
3640 1.6048836
3641 1.4697219
3642 1.114964
3643 1.1420992
3644 1.1096345
3645 0.95680406
3646 0.81682662
3647 0.84615253
3648 0.83990894
3649 0.87099076
3650 0.87454796
3651 0.87645071
3652 0.87497651
3653 0.8694464
3654 0.87388186
3655 0.87159889
3656 0.88743599
3657 0.87957485
3658 0.89111189
3659 0.87723014
3660 0.89289505
3661 0.91068871
3662 0.96014918
3663 0.9388746
3664 0.95002263
3665 0.92803797
3666 0.94052585
3667 0.95600051
3668 1.0075199
3669 1.0403605
3670 1.0645304
3671 1.1101894
3672 1.1098418
3673 1.0928829
3674 1.0925337
3675 1.0928466
3676 1.1025589
3677 1.0967328
3678 1.1210432
3679 1.1570035
3680 1.1606127
3681 1.189483
3682 1.1758215
3683 1.2020993
3684 1.1785368
3685 1.1945833
3686 1.2075254
3687 1.2229212
3688 1.2360963
3689 1.2683754
3690 1.2974218
3691 1.3091404
3692 1.3173758
3693 1.3116469
3694 1.2813018
3695 1.2491551
3696 1.2524407
3697 1.3256482
3698 1.3541802
3699 1.3542092
3700 1.3749816
3701 1.3515406
3702 1.2723564
3703 1.3503293
3704 1.4089471
3705 1.419709
3706 1.4494541
3707 1.4771176
3708 1.5102517
3709 1.5246183
3710 1.5504401
3711 1.578795
3712 1.5533312
3713 1.5502425
3714 1.5252575
3715 1.5845044
3716 1.6947022
3717 1.7416468
3718 1.8457423
3719 1.9583041
3720 2.0189675
3721 2.0181155
3722 1.9870231
3723 1.934545
3724 1.9681573
3725 2.0113871
3726 2.0754912
3727 2.0915431
3728 2.1155507
3729 2.1860948
3730 2.2104898
3731 2.2641312
3732 2.285792
3733 2.3285208
3734 2.3753641
3735 2.4480691
3736 2.5254916
3737 2.6163364
3738 2.6841295
3739 2.7526754
3740 2.8668863
3741 3.0036986
3742 3.1760128
3743 3.372635
3744 3.1106722
3745 3.2555354
3746 3.5220164
3747 3.9108858
3748 3.8428636
3749 4.3662267
3750 5.160828
3751 5.1794173
3752 5.6800195
3753 5.7499029
3754 6.1470017
3755 6.4398087
3756 6.3185863
3757 6.3663689
3758 6.6270604
3759 7.1368739
3760 7.4012353
3761 8.4413215
3762 9.0179362
3763 9.3597383
3764 10.111181
3765 10.27901
3766 9.8031308
3767 8.4117568
3768 7.8825839
3769 8.0766036
3770 8.0679185
3771 7.9711828
3772 8.1697432
3773 8.4129699
3774 8.2624421
3775 8.1180731
3776 7.9530843
3777 8.081741
3778 8.3824755
3779 8.6472146
3780 9.3267498
3781 9.8605665
3782 10.653788
3783 11.509103
3784 12.555556
3785 12.294503
3786 10.992384
3787 11.242091
3788 11.185786
3789 10.92351
3790 11.195901
3791 11.566878
3792 11.893953
3793 12.702539
3794 13.402517
3795 13.928185
3796 14.288266
3797 14.660174
3798 15.162637
3799 15.697713
3800 15.881778
3801 15.71525
3802 15.541242
3803 15.647304
3804 16.070009
3805 16.641891
3806 17.010592
3807 17.539679
3808 17.885267
3809 18.404994
3810 19.088556
3811 19.736631
3812 20.623771
3813 21.632346
3814 21.880427
3815 23.043779
3816 23.332621
3817 23.938491
3818 24.342319
3819 23.353734
3820 22.087154
3821 21.479555
3822 21.220228
3823 21.27949
3824 21.654084
3825 21.81871
3826 22.499203
3827 22.970878
3828 23.151447
3829 23.951734
3830 24.440092
3831 25.635102
3832 25.872374
3833 26.51985
3834 26.460171
3835 25.197051
3836 24.163063
3837 23.961768
3838 23.688896
3839 23.716394
3840 23.884602
3841 24.070053
3842 24.132759
3843 24.29187
3844 24.503176
3845 24.556433
3846 24.748622
3847 24.595688
3848 24.754529
3849 25.231208
3850 25.762705
3851 26.306926
3852 26.702635
3853 25.744129
3854 25.652182
3855 25.509225
3856 25.76501
3857 26.16789
3858 25.977697
3859 26.362619
3860 26.808073
3861 26.066599
3862 25.374445
3863 25.011859
3864 24.861519
3865 24.752963
3866 25.015091
3867 25.159915
3868 25.415794
3869 25.415428
3870 25.293453
3871 25.005768
3872 24.890063
3873 25.167823
3874 25.228118
3875 25.553674
3876 25.634132
3877 25.20591
3878 25.107376
3879 24.692759
3880 24.381614
3881 24.32372
3882 24.503106
3883 24.65776
3884 24.797604
3885 24.918762
3886 24.853439
3887 24.156923
3888 23.600924
3889 23.316772
3890 23.102416
3891 22.748771
3892 22.980835
3893 22.985614
3894 22.873089
3895 22.908761
3896 22.795788
3897 22.808961
3898 22.435033
3899 21.956827
3900 21.909009
3901 21.888621
3902 21.93675
3903 21.769325
3904 21.878396
3905 21.838857
3906 21.866414
3907 22.06084
3908 22.377125
3909 22.622806
3910 22.708102
3911 22.284225
3912 21.82296
3913 21.577539
3914 21.490969
3915 21.319516
3916 21.317551
3917 21.163986
3918 20.913141
3919 20.825253
3920 20.516596
3921 20.250364
3922 20.435108
3923 20.095971
3924 19.715188
3925 19.207809
3926 18.437507
3927 17.645294
3928 17.585567
3929 17.824495
3930 18.389311
3931 18.954745
3932 19.351409
3933 18.137002
3934 17.321688
3935 16.861063
3936 16.581496
3937 16.201347
3938 15.910585
3939 16.023684
3940 16.102638
3941 15.962243
3942 15.487326
3943 15.188102
3944 14.939962
3945 14.796905
3946 14.526867
3947 14.138217
3948 14.010413
3949 13.54489
3950 13.28658
3951 12.726232
3952 12.547362
3953 12.400465
3954 12.295683
3955 11.934439
3956 11.692918
3957 11.484216
3958 11.431165
3959 11.162923
3960 10.967873
3961 10.913699
3962 10.845908
3963 10.761291
3964 10.58222
3965 10.425448
3966 10.340371
3967 10.099393
3968 9.7130359
3969 9.4578953
3970 9.483126
3971 9.3209496
3972 9.0974719
3973 8.9224857
3974 8.2264395
3975 7.5445663
3976 7.1251345
3977 6.8194936
3978 6.6590749
3979 6.4320196
3980 6.1487141
3981 5.9032489
3982 5.0751832
3983 4.5904198
3984 4.3189546
3985 4.2679968
3986 4.440975
3987 4.229946
3988 3.9594228
3989 3.6322026
3990 3.1754279
3991 2.7558275
3992 2.4429021
3993 2.0383106
3994 1.658884
3995 1.6152731
3996 1.5606067
3997 1.5481126
3998 1.5167767
3999 1.4201478
4000 1.3166329
4001 1.3638929
4002 1.3813793
4003 1.3606086
4004 1.29628
4005 1.2023148
4006 1.0966125
4007 1.0136904
4008 1.077511
4009 1.1178187
4010 1.1311986
4011 1.1427061
4012 1.1399241
4013 1.1530122
4014 1.1741958
4015 1.1560545
4016 1.1462358
4017 1.137001
4018 1.1216013
4019 1.1091554
4020 1.135782
4021 1.1411718
4022 1.1594568
4023 1.1643758
4024 1.1550483
4025 1.1461888
4026 1.1158054
4027 1.1220964
4028 1.079556
4029 1.0523009
4030 1.1210552
4031 1.1576344
4032 1.1690781
4033 1.1480416
4034 1.1747248
4035 1.2409094
4036 1.263469
4037 1.297278
4038 1.3067226
4039 1.3250872
4040 1.2969883
4041 1.2501217
4042 1.2705462
4043 1.3131854
4044 1.3392459
4045 1.3470781
4046 1.3976936
4047 1.4008352
4048 1.4165368
4049 1.4270687
4050 1.4106542
4051 1.4651936
4052 1.4724026
4053 1.4987344
4054 1.4674328
4055 1.4206297
4056 1.4865788
4057 1.4947391
4058 1.5526998
4059 1.5687087
4060 1.5853813
4061 1.6211005
4062 1.6364266
4063 1.661597
4064 1.706088
4065 1.7279685
4066 1.7381994
4067 1.7254665
4068 1.8191524
4069 1.8719884
4070 1.9468246
4071 1.9917367
4072 2.0496628
4073 2.0728763
4074 2.0354252
4075 2.077611
4076 2.0804382
4077 2.0988049
4078 2.1299735
4079 2.1539433
4080 2.1631366
4081 2.1907807
4082 2.2194291
4083 2.2244937
4084 2.2391086
4085 2.2520945
4086 2.3386638
4087 2.394715
4088 2.4684155
4089 2.5717857
4090 2.6864846
4091 2.7739291
4092 2.7999886
4093 2.8331292
4094 2.8408394
4095 2.8976379
4096 2.9256467
4097 2.9711012
4098 3.0040364
4099 3.0190279
4100 3.0530227
4101 3.0708261
4102 3.099478
4103 3.0230912
4104 3.1014939
4105 2.9265283
4106 3.0219195
4107 3.2279346
4108 3.1497328
4109 3.3357563
4110 3.643635
4111 3.6137629
4112 3.6627236
4113 3.6690812
4114 3.8447459
4115 4.1298111
4116 4.1857169
4117 4.2822382
4118 4.4785097
4119 4.7855252
4120 5.2468858
4121 5.8934744
4122 6.476192
4123 7.2711067
4124 7.8805844
4125 7.5362035
4126 7.5185804
4127 7.6816406
4128 8.1449337
4129 8.6078227
4130 9.1221962
4131 9.4269435
4132 9.5579561
4133 10.155936
4134 9.5560544
4135 9.4863768
4136 9.8301818
4137 10.049658
4138 9.942757
4139 9.6289066
4140 10.005313
4141 11.030648
4142 11.418456
4143 11.864433
4144 11.836607
4145 12.09907
4146 12.307324
4147 12.589269
4148 13.032631
4149 13.671357
4150 12.492748
4151 11.593681
4152 11.515429
4153 11.57998
4154 11.836776
4155 12.246835
4156 12.541943
4157 12.53206
4158 12.602444
4159 13.085182
4160 13.220434
4161 13.445623
4162 13.917427
4163 14.493064
4164 15.311059
4165 16.161055
4166 16.740789
4167 17.712922
4168 19.050848
4169 19.720373
4170 20.430157
4171 20.657237
4172 21.20638
4173 21.445788
4174 21.319347
4175 21.517086
4176 20.934443
4177 21.319117
4178 21.81306
4179 21.02327
4180 20.068936
4181 19.522814
4182 19.600162
4183 19.971746
4184 20.275223
4185 20.717377
4186 21.420828
4187 22.215017
4188 22.660206
4189 22.626108
4190 22.691688
4191 22.90471
4192 23.123766
4193 23.147186
4194 23.223672
4195 23.358974
4196 23.076754
4197 22.854034
4198 22.557022
4199 22.530185
4200 22.958703
4201 22.564983
4202 23.280706
4203 23.949933
4204 23.838442
4205 23.658635
4206 23.507263
4207 23.748402
4208 23.382386
4209 23.862562
4210 24.047511
4211 24.218461
4212 24.455957
4213 25.390938
4214 25.825042
4215 26.257301
4216 26.467351
4217 26.918086
4218 26.778447
4219 26.593716
4220 26.874659
4221 25.742392
4222 25.289803
4223 25.362148
4224 24.774791
4225 24.95698
4226 25.289363
4227 25.691193
4228 26.835562
4229 27.231341
4230 27.487121
4231 27.45649
4232 27.648517
4233 27.53989
4234 27.16458
4235 26.907314
4236 26.376029
4237 26.064353
4238 25.866865
4239 25.598477
4240 25.305338
4241 25.663801
4242 25.312426
4243 24.940826
4244 24.633854
4245 24.348962
4246 24.074778
4247 24.083949
4248 23.687918
4249 23.727195
4250 23.968157
4251 23.912217
4252 23.654246
4253 23.642641
4254 23.758707
4255 23.765039
4256 23.814741
4257 24.205716
4258 24.714688
4259 23.728393
4260 23.298436
4261 23.047562
4262 22.648417
4263 22.414655
4264 22.341935
4265 22.117904
4266 22.116264
4267 22.149459
4268 22.06916
4269 21.935563
4270 21.850012
4271 21.605475
4272 21.11509
4273 20.774429
4274 20.556949
4275 20.394277
4276 20.273462
4277 20.169618
4278 19.98079
4279 20.115853
4280 19.459637
4281 18.383529
4282 17.870577
4283 17.349792
4284 17.08684
4285 16.92651
4286 16.669483
4287 16.463382
4288 16.296607
4289 16.053912
4290 15.756213
4291 15.447259
4292 15.321236
4293 15.403317
4294 15.950942
4295 16.42378
4296 16.150012
4297 15.71156
4298 15.235467
4299 15.048532
4300 14.896536
4301 14.759716
4302 14.592974
4303 14.040467
4304 13.031711
4305 12.383757
4306 11.909039
4307 11.620326
4308 11.49545
4309 11.599921
4310 11.420947
4311 11.216819
4312 10.986072
4313 10.825484
4314 10.396418
4315 9.9987892
4316 9.5854588
4317 9.4424543
4318 9.3221062
4319 9.2558537
4320 8.9912847
4321 8.7389644
4322 8.7730897
4323 8.4671901
4324 8.024666
4325 7.5475672
4326 7.2391489
4327 7.0445113
4328 6.9812059
4329 7.0392205
4330 7.1508195
4331 7.2053148
4332 7.2390561
4333 7.0230975
4334 6.761941
4335 6.4003735
4336 6.2155458
4337 6.0882861
4338 5.8756504
4339 5.6031998
4340 5.4265908
4341 5.298166
4342 5.0789737
4343 4.8431508
4344 4.7003716
4345 4.5874767
4346 4.5467114
4347 4.478008
4348 4.5883838
4349 4.894129
4350 5.1521516
4351 5.1434299
4352 5.1603352
4353 4.5972594
4354 4.0964367
4355 3.6274296
4356 3.0945022
4357 2.6123645
4358 2.2224423
4359 1.9539809
4360 1.3194447
4361 1.1476922
4362 1.1908462
4363 1.1810293
4364 1.2088387
4365 1.2330933
4366 1.217014
4367 1.2107422
4368 1.1874446
4369 1.2155172
4370 1.1872036
4371 1.1208555
4372 1.0148018
4373 1.0630711
4374 1.1105746
4375 1.1338983
4376 1.1202455
4377 1.038937
4378 0.97806223
4379 0.90507585
4380 0.90124886
4381 0.91259027
4382 0.95449916
4383 1.0073252
4384 1.1443085
4385 1.1276999
4386 1.0771516
4387 1.0474169
4388 1.0888213
4389 1.1390736
4390 1.10687
4391 1.0926002
4392 1.0214345
4393 0.87727861
4394 0.77937118
4395 0.85903467
4396 0.86456858
4397 0.83654532
4398 0.82054465
4399 0.75584621
4400 0.77755902
4401 0.83443198
4402 0.81982467
4403 0.85503053
4404 0.8530227
4405 0.87142648
4406 0.87685099
4407 0.88405587
4408 0.90389714
4409 0.91621566
4410 0.93195357
4411 0.93421301
4412 0.93171844
4413 0.95334331
4414 0.93975408
4415 0.97049866
4416 0.98272559
4417 1.0099367
4418 1.0493437
4419 1.046446
4420 1.105269
4421 1.1011763
4422 1.1388677
4423 1.174133
4424 1.2139336
4425 1.2181396
4426 1.2172563
4427 1.2069561
4428 1.2123678
4429 1.2104236
4430 1.2203949
4431 1.233768
4432 1.2460619
4433 1.2720461
4434 1.3093762
4435 1.3442859
4436 1.3733281
4437 1.3965388
4438 1.4033136
4439 1.4042706
4440 1.4199894
4441 1.4223651
4442 1.4351599
4443 1.4471283
4444 1.4993628
4445 1.4797277
4446 1.4180169
4447 1.4896898
4448 1.5791007
4449 1.6243037
4450 1.6688872
4451 1.7266382
4452 1.7620153
4453 1.8266983
4454 1.9034627
4455 2.0388679
4456 2.1714314
4457 2.2358778
4458 2.3066948
4459 2.3369346
4460 2.3777824
4461 2.4342564
4462 2.5277084
4463 2.6004507
4464 2.660755
4465 2.7931415
4466 2.8364467
4467 2.954083
4468 3.1211026
4469 3.6472784
4470 3.8559112
4471 3.8471538
4472 4.1740452
4473 4.3228908
4474 4.694788
4475 4.9016514
4476 5.2407236
4477 5.3626699
4478 4.603797
4479 4.1250686
4480 3.6967529
4481 3.3447868
4482 3.306589
4483 3.4168529
4484 3.5188005
4485 3.4912972
4486 3.4401151
4487 3.6014481
4488 3.7904283
4489 4.0440669
4490 4.3437657
4491 4.741116
4492 4.6669332
4493 5.037696
4494 5.4935012
4495 5.8800036
4496 6.6337862
4497 7.5008869
4498 8.0226135
4499 7.783624
4500 7.4874036
4501 7.8902696
4502 8.3743121
4503 8.9430256
4504 9.7560746
4505 10.569551
4506 11.185724
4507 11.404813
4508 11.409646
4509 11.77527
4510 11.797088
4511 12.493559
4512 13.286916
4513 14.78971
4514 15.43471
4515 15.500099
4516 15.730475
4517 14.849138
4518 14.607438
4519 15.055732
4520 14.91706
4521 14.97911
4522 14.761986
4523 15.064037
4524 15.797956
4525 16.102049
4526 16.492421
4527 16.715224
4528 17.069895
4529 17.378231
4530 17.640021
4531 17.6008
4532 17.940477
4533 18.645058
4534 19.300342
4535 19.727036
4536 20.314512
4537 20.6047
4538 20.823537
4539 20.203076
4540 20.102484
4541 19.389985
4542 19.234037
4543 19.176359
4544 19.297188
4545 19.626165
4546 20.209422
4547 20.88494
4548 21.345055
4549 21.81164
4550 23.170291
4551 23.421558
4552 23.950667
4553 22.65436
4554 21.932031
4555 21.98476
4556 22.197351
4557 22.574857
4558 22.590813
4559 22.860217
4560 23.643433
4561 24.28936
4562 24.823293
4563 24.153808
4564 23.938073
4565 23.840961
4566 23.730138
4567 23.349566
4568 23.584126
4569 24.481823
4570 24.684242
4571 24.835512
4572 25.158497
4573 25.173841
4574 25.481523
4575 25.285036
4576 24.124576
4577 23.218655
4578 23.0079
4579 22.504791
4580 22.759558
4581 23.036156
4582 23.656975
4583 24.46763
4584 24.203773
4585 23.744575
4586 23.666778
4587 23.294186
4588 23.313534
4589 23.644814
4590 23.982578
4591 24.184337
4592 24.688515
4593 24.882136
4594 25.014257
4595 25.358226
4596 25.735063
4597 25.74264
4598 25.558104
4599 25.32361
4600 24.803957
4601 24.646949
4602 25.575459
4603 26.221775
4604 26.462713
4605 26.911074
4606 26.822081
4607 26.619183
4608 26.639432
4609 26.442776
4610 26.045507
4611 26.047305
4612 25.904041
4613 25.106943
4614 24.094081
4615 23.547044
4616 23.612396
4617 23.880777
4618 24.438169
4619 24.629725
4620 24.645889
4621 24.355911
4622 23.974837
4623 23.446785
4624 23.752098
4625 23.943929
4626 23.525524
4627 23.291402
4628 23.072818
4629 22.852343
4630 22.92252
4631 23.172719
4632 23.377005
4633 23.58997
4634 23.478008
4635 23.312218
4636 22.924564
4637 22.168311
4638 21.146746
4639 20.609301
4640 20.053214
4641 19.291296
4642 18.763992
4643 18.178275
4644 18.291588
4645 18.654304
4646 18.994106
4647 19.018986
4648 19.214597
4649 18.991817
4650 18.82384
4651 19.070423
4652 19.452007
4653 19.130908
4654 18.593407
4655 18.36068
4656 18.081784
4657 18.001301
4658 18.178818
4659 18.160005
4660 17.973489
4661 17.936574
4662 18.175279
4663 18.823179
4664 19.186782
4665 19.229507
4666 18.278198
4667 17.166094
4668 16.686228
4669 16.468737
4670 16.256162
4671 16.131006
4672 16.062301
4673 16.115225
4674 16.036823
4675 15.919365
4676 15.619332
4677 15.40645
4678 15.411318
4679 15.195993
4680 14.857559
4681 14.462541
4682 14.080752
4683 14.006144
4684 13.558652
4685 13.277978
4686 13.006346
4687 12.807384
4688 12.537649
4689 12.167695
4690 11.751885
4691 11.443162
4692 11.192503
4693 10.756205
4694 10.134976
4695 9.7473389
4696 9.4284678
4697 9.1530778
4698 8.9542812
4699 8.9384518
4700 8.9103247
4701 8.7073584
4702 8.4620872
4703 8.0628715
4704 7.7702298
4705 7.5653359
4706 7.3783511
4707 7.3146655
4708 7.2906195
4709 7.0219604
4710 6.6233997
4711 6.2276513
4712 5.7633325
4713 5.3786751
4714 5.0596793
4715 4.6320554
4716 4.2433283
4717 3.8101473
4718 3.3578831
4719 2.9626769
4720 2.8245032
4721 2.3326169
4722 2.0733153
4723 1.734359
4724 1.2994952
4725 1.3331844
4726 1.2379772
4727 1.1639106
4728 1.1062303
4729 1.0975545
4730 1.0421371
4731 1.1341109
4732 0.97434004
4733 0.87564634
4734 0.76760651
4735 0.74021464
4736 0.77888395
4737 0.81862837
4738 0.80366126
4739 0.80917155
4740 0.81763037
4741 0.82043554
4742 0.79087356
4743 0.78759576
4744 0.80921769
4745 0.80979601
4746 0.79362422
4747 0.80010639
4748 0.81296072
4749 0.82453541
4750 0.84200782
4751 0.88149218
4752 0.94870048
4753 0.99395351
4754 1.0258097
4755 1.065313
4756 1.0782745
4757 1.0748594
4758 1.0829567
4759 1.1124472
4760 1.1227924
4761 1.1010534
4762 1.0891311
4763 1.0258737
4764 1.0850728
4765 1.1358056
4766 1.1470523
4767 1.1491556
4768 1.2138701
4769 1.2685685
4770 1.2558839
4771 1.2629393
4772 1.2806277
4773 1.3095799
4774 1.3212237
4775 1.3246808
4776 1.3208279
4777 1.3327906
4778 1.3434065
4779 1.3736613
4780 1.3892498
4781 1.4037975
4782 1.4014384
4783 1.4198665
4784 1.4224271
4785 1.4244976
4786 1.424624
4787 1.4340431
4788 1.442279
4789 1.4452893
4790 1.4542392
4791 1.4478073
4792 1.4232117
4793 1.4068619
4794 1.4282332
4795 1.429307
4796 1.4376728
4797 1.434664
4798 1.4330446
4799 1.4429965
4800 1.4557643
4801 1.4561718
4802 1.4734469
4803 1.5022585
4804 1.4936377
4805 1.5075455
4806 1.5165853
4807 1.5273077
4808 1.5426782
4809 1.5562877
4810 1.5701248
4811 1.5984079
4812 1.6115484
4813 1.4888952
4814 1.4957163
4815 1.5797115
4816 1.6303069
4817 1.6764645
4818 1.680153
4819 1.7012021
4820 1.7345399
4821 1.7702368
4822 1.8675938
4823 1.9544188
4824 1.9934801
4825 2.0469032
4826 2.0813417
4827 2.1358992
4828 2.2201017
4829 2.3138016
4830 2.3325597
4831 2.3474617
4832 2.3452089
4833 2.3967431
4834 2.4821413
4835 2.5980811
4836 2.643623
4837 2.6661022
4838 2.7059995
4839 2.7362114
4840 2.7825607
4841 2.850531
4842 2.9374386
4843 3.0299506
4844 3.1644834
4845 3.3198946
4846 3.6043377
4847 3.7834494
4848 3.8546184
4849 3.8819269
4850 3.6788606
4851 3.9632249
4852 3.9225773
4853 4.0341937
4854 4.3350651
4855 4.4143509
4856 4.9488228
4857 5.401484
4858 5.8073064
4859 6.2544456
4860 6.79883
4861 7.5997442
4862 8.1429265
4863 8.5778592
4864 7.9400752
4865 8.4197923
4866 8.1252186
4867 8.2205982
4868 8.1875234
4869 8.4659133
4870 8.5467246
4871 9.0517473
4872 9.7689114
4873 9.69629
4874 9.7753321
4875 10.476393
4876 11.432762
4877 11.924807
4878 12.361681
4879 12.450381
4880 12.788007
4881 12.106971
4882 12.258897
4883 12.423143
4884 12.966643
4885 13.43219
4886 13.740119
4887 13.933099
4888 13.410069
4889 13.436593
4890 13.307251
4891 13.215889
4892 13.47164
4893 13.610435
4894 13.855746
4895 14.585456
4896 15.641584
4897 15.559437
4898 15.477572
4899 15.25917
4900 15.74829
4901 16.372484
4902 17.315603
4903 18.066797
4904 17.958462
4905 18.341289
4906 19.757085
4907 19.378708
4908 20.035306
4909 21.22598
4910 21.195922
4911 21.101683
4912 21.282924
4913 21.558638
4914 21.9671
4915 21.760309
4916 21.79934
4917 21.089153
4918 20.687553
4919 21.002838
4920 21.08489
4921 21.661718
4922 21.873369
4923 21.58114
4924 21.589426
4925 22.014425
4926 22.535507
4927 23.148057
4928 23.786769
4929 23.165819
4930 22.322542
4931 22.186403
4932 22.417209
4933 22.494932
4934 22.506076
4935 22.507425
4936 22.636484
4937 22.832069
4938 23.717372
4939 24.356486
4940 24.350836
4941 24.363709
4942 24.837163
4943 24.676716
4944 23.77824
4945 23.748469
4946 24.013697
4947 24.840398
4948 25.258603
4949 25.570146
4950 26.08912
4951 26.968922
4952 26.711678
4953 26.178382
4954 25.739623
4955 25.403906
4956 25.298677
4957 25.379369
4958 25.212427
4959 25.470915
4960 25.86599
4961 26.154856
4962 26.225411
4963 26.455964
4964 26.022879
4965 25.443089
4966 25.440957
4967 25.77647
4968 25.505175
4969 24.939576
4970 24.611239
4971 24.249041
4972 23.740924
4973 23.706985
4974 23.714293
4975 23.649257
4976 23.637995
4977 23.414235
4978 23.258377
4979 23.295158
4980 23.454191
4981 23.644832
4982 23.644971
4983 23.537409
4984 23.700565
4985 23.903931
4986 23.408016
4987 22.981232
4988 22.479356
4989 22.39448
4990 22.709447
4991 22.618992
4992 22.556431
4993 22.516269
4994 22.552006
4995 22.892772
4996 22.466814
4997 21.765035
4998 21.208323
4999 21.117894
5000 20.797398
5001 20.243037
5002 19.784139
5003 19.482019
5004 19.315271
5005 19.641397
5006 20.006446
5007 19.807514
5008 19.361013
5009 19.007147
5010 19.061104
5011 18.962364
5012 19.047783
5013 19.186779
5014 19.444021
5015 19.355511
5016 19.334185
5017 19.416783
5018 19.255328
5019 19.180188
5020 19.172752
5021 18.993562
5022 18.618741
5023 18.294836
5024 17.489303
5025 17.038907
5026 16.559372
5027 16.472383
5028 16.025266
5029 15.887861
5030 15.715617
5031 15.616251
5032 15.289387
5033 15.099375
5034 15.157063
5035 15.494864
5036 15.870886
5037 15.685654
5038 15.310014
5039 14.871947
5040 14.539436
5041 14.37225
5042 14.129588
5043 13.927991
5044 13.399096
5045 12.974373
5046 12.562404
5047 12.477019
5048 12.271267
5049 11.812009
5050 11.16282
5051 10.662859
5052 10.278192
5053 10.034106
5054 10.063648
5055 10.016909
5056 10.064115
5057 10.336338
5058 10.545312
5059 10.611764
5060 10.592686
5061 10.238019
5062 9.778731
5063 9.2066943
5064 8.6960394
5065 8.3638741
5066 8.2085002
5067 8.2663199
5068 8.2171698
5069 7.8730505
5070 7.4028695
5071 6.8401639
5072 6.3583508
5073 5.8593367
5074 5.3628127
5075 4.7317066
5076 4.2949142
5077 4.0736039
5078 3.897006
5079 3.609872
5080 3.3300169
5081 3.0963281
5082 2.8823427
5083 2.641905
5084 2.627224
5085 3.0495092
5086 2.7900864
5087 2.5925744
5088 2.1957641
5089 1.8191197
5090 1.5235214
5091 1.1044011
5092 1.1223819
5093 1.0812001
5094 0.94673664
5095 0.91761518
5096 0.83749042
5097 0.92123634
5098 0.93766045
5099 0.74109901
5100 0.57023266
5101 0.57490577
5102 0.60286095
5103 0.60252738
5104 0.61214278
5105 0.65944455
5106 0.71565945
5107 0.70661719
5108 0.68926383
5109 0.71073207
5110 0.71166141
5111 0.71083558
5112 0.72902591
5113 0.73282667
5114 0.74319847
5115 0.79199222
5116 0.80928361
5117 0.85245924
5118 0.84993578
5119 0.8771434
5120 0.91735213
5121 0.94334432
5122 0.94467185
5123 0.93069913
5124 0.93612481
5125 0.94480983
5126 0.94721641
5127 0.97118292
5128 0.997405
5129 1.0190501
5130 1.0784004
5131 1.1237307
5132 1.0909426
5133 1.1049297
5134 1.0982289
5135 1.1036629
5136 1.1195717
5137 1.1365924
5138 1.1391155
5139 1.1750415
5140 1.1822566
5141 1.1833052
5142 1.1819889
5143 1.1797029
5144 1.1838268
5145 1.1818254
5146 1.1880703
5147 1.2002046
5148 1.202873
5149 1.1897693
5150 1.2018088
5151 1.2172918
5152 1.2260607
5153 1.2464949
5154 1.2728304
5155 1.2696208
5156 1.2824499
5157 1.293764
5158 1.3110875
5159 1.3245081
5160 1.3338737
5161 1.2929114
5162 1.2782108
5163 1.3507046
5164 1.3487888
5165 1.3680267
5166 1.3835793
5167 1.368949
5168 1.3738717
5169 1.3956984
5170 1.3957563
5171 1.400598
5172 1.4218355
5173 1.4095131
5174 1.3175353
5175 1.3840255
5176 1.4508096
5177 1.4665076
5178 1.4864991
5179 1.5272291
5180 1.6028892
5181 1.6454464
5182 1.6609622
5183 1.702265
5184 1.7584284
5185 1.7393935
5186 1.673268
5187 1.6768499
5188 1.7252642
5189 1.8176936
5190 1.9119663
5191 2.0561709
5192 2.1722847
5193 2.2663129
5194 2.3212597
5195 2.4252156
5196 2.5544657
5197 2.6460592
5198 2.7682055
5199 2.8940535
5200 2.9250484
5201 2.8555746
5202 2.8167191
5203 2.8374435
5204 2.8894382
5205 2.9805869
5206 3.0222119
5207 3.1638281
5208 3.2657797
5209 3.4323884
5210 3.4480531
5211 3.4076684
5212 3.4228166
5213 3.5427628
5214 4.1486656
5215 3.8068427
5216 3.9356801
5217 4.123208
5218 4.0861014
5219 4.1718272
5220 4.4938968
5221 4.9251552
5222 5.3487132
5223 5.6337206
5224 5.8186463
5225 5.5561209
5226 5.393126
5227 5.6263018
5228 5.9928079
5229 6.8395489
5230 7.5796968
5231 7.7606718
5232 8.108009
5233 8.3462095
5234 8.7748152
5235 9.293088
5236 9.3970604
5237 9.617198
5238 10.045556
5239 10.91229
5240 11.225502
5241 11.653331
5242 12.314053
5243 13.082668
5244 12.701718
5245 12.569599
5246 12.748787
5247 12.56631
5248 12.795476
5249 13.055863
5250 13.319106
5251 12.857113
5252 12.869733
5253 12.318409
5254 12.739459
5255 13.643074
5256 14.536723
5257 15.190889
5258 15.44539
5259 16.360476
5260 15.471501
5261 15.247946
5262 15.207246
5263 15.178736
5264 15.438122
5265 15.650027
5266 15.796159
5267 16.622344
5268 16.470612
5269 16.400733
5270 16.85331
5271 16.887836
5272 16.692456
5273 16.947765
5274 17.366837
5275 17.88896
5276 18.077228
5277 18.059206
5278 18.064269
5279 18.507125
5280 18.946701
5281 20.169084
5282 19.599415
5283 19.721088
5284 20.170758
5285 20.987921
5286 22.249218
5287 22.511475
5288 23.369259
5289 23.940599
5290 24.492002
5291 25.261217
5292 25.610645
5293 25.095324
5294 22.843562
5295 21.516823
5296 20.759728
5297 20.228274
5298 20.205961
5299 20.655514
5300 20.826572
5301 21.156963
5302 21.592915
5303 21.629517
5304 21.565041
5305 21.602572
5306 22.261506
5307 22.688398
5308 22.458584
5309 22.442123
5310 21.962463
5311 22.056182
5312 21.880176
5313 20.944949
5314 20.593048
5315 20.733669
5316 21.353264
5317 21.390945
5318 21.47401
5319 21.996655
5320 22.010995
5321 21.929218
5322 22.029701
5323 22.295324
5324 22.580504
5325 22.527484
5326 22.083252
5327 22.105632
5328 21.577806
5329 21.308103
5330 21.389383
5331 21.740698
5332 21.657607
5333 21.567964
5334 21.154339
5335 21.63387
5336 22.664066
5337 23.380813
5338 23.372325
5339 23.387009
5340 23.646399
5341 23.676768
5342 23.543264
5343 22.935219
5344 23.286386
5345 23.011545
5346 22.744068
5347 22.377118
5348 21.650867
5349 21.211458
5350 21.290761
5351 21.203836
5352 21.3
5353 21.631847
5354 21.286345
5355 21.200718
5356 20.377447
5357 19.906255
5358 19.901863
5359 19.743717
5360 19.567322
5361 19.707744
5362 19.778574
5363 20.040895
5364 20.211667
5365 20.474466
5366 20.800327
5367 20.794575
5368 21.074945
5369 21.232903
5370 21.087303
5371 21.325887
5372 21.272509
5373 21.309726
5374 20.917341
5375 20.618362
5376 20.304804
5377 20.37727
5378 20.057237
5379 20.148952
5380 20.128057
5381 20.334907
5382 20.529637
5383 20.085718
5384 19.805969
5385 19.064317
5386 17.793589
5387 17.036335
5388 16.599169
5389 16.115264
5390 15.817802
5391 15.625259
5392 15.27797
5393 15.188513
5394 14.801372
5395 14.249333
5396 14.005776
5397 13.675531
5398 13.09474
5399 12.678205
5400 12.392743
5401 12.06681
5402 11.851928
5403 11.628336
5404 11.364135
5405 11.138578
5406 10.905586
5407 10.908195
5408 11.011289
5409 11.200221
5410 11.003784
5411 10.707384
5412 10.538027
5413 10.59811
5414 10.512333
5415 10.406275
5416 10.538067
5417 10.543751
5418 10.73162
5419 10.397512
5420 10.164557
5421 9.9696802
5422 9.6474962
5423 9.4978069
5424 9.247015
5425 9.1582092
5426 9.2088343
5427 9.2640263
5428 9.3393119
5429 9.1420879
5430 8.8584
5431 8.6470052
5432 8.4804115
5433 8.5613015
5434 8.3801908
5435 8.1674116
5436 7.9350009
5437 7.848485
5438 7.8069951
5439 7.8353866
5440 7.8110641
5441 7.8321746
5442 7.7319779
5443 7.7266671
5444 7.6929393
5445 7.4046276
5446 7.0842606
5447 6.92136
5448 6.7292468
5449 6.5174486
5450 6.3353445
5451 6.1465953
5452 5.8790951
5453 5.4306566
5454 5.077096
5455 4.7484155
5456 4.4999185
5457 4.2719504
5458 3.9315471
5459 3.2038687
5460 2.3845024
5461 2.0182178
5462 1.9210864
5463 1.8095891
5464 1.3137047
5465 1.0741451
5466 1.0932975
5467 1.1006609
5468 1.1240575
5469 1.0843055
5470 1.0521839
5471 1.0618299
5472 1.1189857
5473 1.1252037
5474 1.1105056
5475 1.0286288
5476 0.96724823
5477 0.92860928
5478 0.72155713
5479 0.75850527
5480 0.72964851
5481 0.64883905
5482 0.73453786
5483 0.80748443
5484 0.83720646
5485 0.85388752
5486 0.86908393
5487 0.85124267
5488 0.86371178
5489 0.89996485
5490 0.91483213
5491 0.9155627
5492 0.90923268
5493 0.92850901
5494 0.93161922
5495 0.94694799
5496 0.96510659
5497 0.99999343
5498 0.98776172
5499 1.0107515
5500 1.0210968
5501 1.0238244
5502 1.0294783
5503 1.0412265
5504 1.036783
5505 1.03386
5506 1.0380912
5507 1.0456029
5508 1.0638559
5509 1.0887806
5510 1.1049385
5511 1.1089422
5512 1.1024931
5513 1.0884719
5514 1.0985234
5515 1.1058472
5516 1.1064426
5517 1.1260856
5518 1.1405323
5519 1.1354144
5520 1.1275687
5521 1.1508516
5522 1.1461042
5523 1.147038
5524 1.1560952
5525 1.1786243
5526 1.1630757
5527 1.1702597
5528 1.1790424
5529 1.2016802
5530 1.2250803
5531 1.2206524
5532 1.232423
5533 1.2277486
5534 1.2080196
5535 1.1572185
5536 1.1413718
5537 1.2326849
5538 1.2726839
5539 1.2953949
5540 1.3313105
5541 1.3694188
5542 1.3995997
5543 1.4016314
5544 1.4463821
5545 1.4728685
5546 1.519861
5547 1.5620355
5548 1.6332034
5549 1.716088
5550 1.7790134
5551 1.8956681
5552 1.9850479
5553 2.1283238
5554 2.2464034
5555 2.3885098
5556 2.5334947
5557 2.721163
5558 2.8629785
5559 2.9326228
5560 3.0756919
5561 3.2441529
5562 3.3676915
5563 3.4863578
5564 3.5928539
5565 3.6524465
5566 3.6863269
5567 3.6137876
5568 3.8013133
5569 3.7271267
5570 4.4512928
5571 5.0439606
5572 5.7195514
5573 5.9095527
5574 6.2384122
5575 6.6950761
5576 6.9258219
5577 6.8496083
5578 6.5019018
5579 6.7348615
5580 6.8730261
5581 7.2105074
5582 7.3382592
5583 7.5347424
5584 8.1097984
5585 8.9894994
5586 8.8384012
5587 8.4604257
5588 8.7232564
5589 9.0238212
5590 9.341555
5591 9.6970568
5592 9.8149951
5593 9.9036516
5594 10.023582
5595 9.7035042
5596 9.8148788
5597 9.8132499
5598 9.9940316
5599 10.017377
5600 10.58679
5601 11.157813
5602 11.587924
5603 11.829967
5604 12.157894
5605 12.334611
5606 12.449033
5607 12.110736
5608 11.465597
5609 11.564545
5610 11.485798
5611 11.205605
5612 11.267978
5613 11.635122
5614 11.893636
5615 12.350034
5616 12.580595
5617 12.676935
5618 13.126147
5619 13.696135
5620 14.300848
5621 14.841257
5622 15.387792
5623 16.346732
5624 17.626418
5625 18.165221
5626 19.043979
5627 19.326894
5628 19.365241
5629 19.648631
5630 20.708854
5631 21.05774
5632 21.508516
5633 21.812481
5634 21.986571
5635 21.236321
5636 21.378604
5637 20.896912
5638 20.950026
5639 20.145847
5640 20.012212
5641 20.014549
5642 20.817832
5643 21.407493
5644 21.908037
5645 22.934251
5646 22.958399
5647 23.099384
5648 23.466841
5649 23.847675
5650 23.799487
5651 23.651605
5652 24.448304
5653 25.012405
5654 25.56841
5655 25.477458
5656 25.185747
5657 25.310314
5658 26.127051
5659 25.285673
5660 24.519939
5661 24.394967
5662 24.225561
5663 23.851103
5664 23.829274
5665 24.102638
5666 24.564269
5667 25.158823
5668 25.882788
5669 26.381313
5670 26.316551
5671 26.054607
5672 25.814903
5673 25.631685
5674 25.95628
5675 26.011588
5676 26.484488
5677 26.263459
5678 26.575302
5679 26.570479
5680 26.531172
5681 26.806482
5682 27.115466
5683 26.826404
5684 27.299943
5685 27.782372
5686 27.573456
5687 27.372887
5688 27.314961
5689 27.357459
5690 26.943378
5691 26.611807
5692 26.475485
5693 26.662399
5694 26.715602
5695 26.84908
5696 27.275124
5697 26.624174
5698 26.011089
5699 25.659557
5700 25.750895
5701 26.226906
5702 27.07361
5703 27.314202
5704 27.709372
5705 27.596925
5706 27.628517
5707 26.697457
5708 25.480827
5709 25.025249
5710 24.443361
5711 24.354651
5712 24.705643
5713 25.310559
5714 25.374526
5715 25.301395
5716 24.797528
5717 23.738007
5718 23.306616
5719 22.984563
5720 22.786549
5721 22.928473
5722 23.305888
5723 23.590949
5724 23.993683
5725 23.805624
5726 22.185555
5727 21.021318
5728 20.59194
5729 20.506894
5730 19.726584
5731 19.250196
5732 19.001763
5733 18.850824
5734 18.836779
5735 18.826309
5736 18.754485
5737 18.661005
5738 18.59462
5739 18.500637
5740 18.362394
5741 18.310646
5742 18.036086
5743 18.204338
5744 18.700661
5745 18.981384
5746 19.136271
5747 18.834695
5748 18.264079
5749 17.931439
5750 17.667903
5751 17.557336
5752 17.549451
5753 17.311947
5754 17.033628
5755 16.394266
5756 15.950683
5757 15.768022
5758 15.492416
5759 15.430482
5760 15.256628
5761 15.17339
5762 15.427754
5763 15.644691
5764 15.797804
5765 15.861191
5766 15.323627
5767 14.760522
5768 14.510593
5769 14.136025
5770 13.900187
5771 13.655704
5772 13.415462
5773 13.18526
5774 12.880169
5775 12.649214
5776 12.817504
5777 13.196473
5778 13.410109
5779 13.232313
5780 12.503316
5781 11.881213
5782 11.401195
5783 11.071691
5784 10.776348
5785 10.548171
5786 10.304718
5787 10.078417
5788 9.670242
5789 9.1900028
5790 8.8185304
5791 8.5257619
5792 8.4057217
5793 8.386299
5794 8.4496492
5795 8.5315469
5796 8.3995835
5797 8.3072866
5798 8.025418
5799 7.8490985
5800 7.811608
5801 7.6117876
5802 7.2756338
5803 6.9439939
5804 6.5490174
5805 6.455044
5806 6.5068881
5807 6.3336843
5808 6.0069963
5809 5.6153328
5810 5.0193774
5811 4.5777846
5812 4.2921953
5813 4.1797291
5814 4.0610218
5815 3.6249532
5816 3.2999171
5817 2.9385118
5818 2.7762419
5819 2.4797481
5820 2.0625959
5821 1.454391
5822 1.2219713
5823 1.3085838
5824 1.2711159
5825 1.311294
5826 1.1838193
5827 0.99454856
5828 0.78822171
5829 0.84901718
5830 0.84740221
5831 0.87261876
5832 0.88578403
5833 0.91226196
5834 0.92341422
5835 0.9116645
5836 0.90705794
5837 0.92610388
5838 0.92516502
5839 0.92698573
5840 0.93711662
5841 0.96252559
5842 0.99899048
5843 1.0199657
