"",21.000
0.0000,0.0000E+000
1.0000,3.6651E-002
2.0000,7.6562E-002
3.0000,1.1608E-001
4.0000,1.6408E-001
5.0000,1.9740E-001
6.0000,2.1256E-001
7.0000,2.3359E-001
8.0000,2.6042E-001
9.0000,2.8451E-001
10.0000,2.9569E-001
11.0000,3.0394E-001
12.0000,3.0105E-001
13.0000,3.0053E-001
14.0000,3.0410E-001
15.0000,3.1481E-001
16.0000,3.2386E-001
17.0000,3.2231E-001
18.0000,3.2906E-001
19.0000,3.3429E-001
20.0000,3.4114E-001
21.0000,3.5068E-001
22.0000,3.6085E-001
23.0000,3.7162E-001
24.0000,3.8909E-001
25.0000,4.0274E-001
26.0000,4.1787E-001
27.0000,4.2751E-001
28.0000,4.3580E-001
29.0000,4.4780E-001
30.0000,4.5802E-001
31.0000,4.6317E-001
32.0000,4.6761E-001
33.0000,4.7433E-001
34.0000,4.8008E-001
35.0000,4.9017E-001
36.0000,5.0775E-001
37.0000,5.2483E-001
38.0000,5.3819E-001
39.0000,5.5310E-001
40.0000,5.5937E-001
41.0000,5.6498E-001
42.0000,5.8162E-001
43.0000,5.9624E-001
44.0000,6.0911E-001
45.0000,6.1908E-001
46.0000,6.2388E-001
47.0000,6.3302E-001
48.0000,6.3863E-001
49.0000,6.3444E-001
50.0000,6.2287E-001
51.0000,6.0270E-001
52.0000,6.0715E-001
53.0000,5.9801E-001
54.0000,5.8469E-001
55.0000,5.8532E-001
56.0000,5.8259E-001
57.0000,5.8531E-001
58.0000,5.7918E-001
59.0000,5.8329E-001
60.0000,5.9386E-001
61.0000,6.0390E-001
62.0000,6.1022E-001
63.0000,6.0335E-001
64.0000,6.0128E-001
65.0000,6.0099E-001
66.0000,6.0402E-001
67.0000,6.1071E-001
68.0000,6.1719E-001
69.0000,6.0409E-001
70.0000,5.6890E-001
71.0000,5.1556E-001
72.0000,4.6898E-001
73.0000,4.2543E-001
74.0000,3.8807E-001
75.0000,3.5401E-001
76.0000,3.2546E-001
77.0000,2.8733E-001
78.0000,2.4942E-001
79.0000,2.0609E-001
80.0000,1.6915E-001
81.0000,1.3632E-001
82.0000,1.0722E-001
83.0000,7.8803E-002
84.0000,4.6024E-002
85.0000,1.2302E-002
86.0000,0.0000E+000
87.0000,0.0000E+000
88.0000,0.0000E+000
89.0000,0.0000E+000
90.0000,0.0000E+000
91.0000,0.0000E+000
92.0000,0.0000E+000
93.0000,0.0000E+000
94.0000,0.0000E+000
95.0000,0.0000E+000
96.0000,0.0000E+000
97.0000,0.0000E+000
98.0000,0.0000E+000
99.0000,0.0000E+000
100.0000,0.0000E+000
101.0000,0.0000E+000
102.0000,0.0000E+000
103.0000,0.0000E+000
104.0000,0.0000E+000
105.0000,0.0000E+000
106.0000,0.0000E+000
107.0000,0.0000E+000
108.0000,0.0000E+000
109.0000,0.0000E+000
110.0000,0.0000E+000
111.0000,0.0000E+000
112.0000,0.0000E+000
113.0000,0.0000E+000
114.0000,0.0000E+000
115.0000,0.0000E+000
116.0000,0.0000E+000
117.0000,0.0000E+000
118.0000,0.0000E+000
119.0000,0.0000E+000
120.0000,0.0000E+000
121.0000,0.0000E+000
122.0000,0.0000E+000
123.0000,0.0000E+000
124.0000,0.0000E+000
125.0000,0.0000E+000
126.0000,0.0000E+000
127.0000,0.0000E+000
128.0000,0.0000E+000
129.0000,0.0000E+000
130.0000,0.0000E+000
131.0000,0.0000E+000
132.0000,0.0000E+000
133.0000,0.0000E+000
134.0000,0.0000E+000
135.0000,0.0000E+000
136.0000,0.0000E+000
137.0000,0.0000E+000
138.0000,0.0000E+000
139.0000,0.0000E+000
140.0000,0.0000E+000
141.0000,0.0000E+000
142.0000,0.0000E+000
143.0000,0.0000E+000
144.0000,0.0000E+000
145.0000,0.0000E+000
146.0000,0.0000E+000
147.0000,0.0000E+000
148.0000,0.0000E+000
149.0000,0.0000E+000
150.0000,0.0000E+000
151.0000,0.0000E+000
152.0000,0.0000E+000
153.0000,0.0000E+000
154.0000,0.0000E+000
155.0000,0.0000E+000
156.0000,0.0000E+000
157.0000,0.0000E+000
158.0000,0.0000E+000
159.0000,0.0000E+000
160.0000,0.0000E+000
161.0000,0.0000E+000
162.0000,0.0000E+000
163.0000,0.0000E+000
164.0000,0.0000E+000
165.0000,0.0000E+000
166.0000,0.0000E+000
167.0000,0.0000E+000
168.0000,0.0000E+000
169.0000,0.0000E+000
170.0000,0.0000E+000
171.0000,0.0000E+000
172.0000,0.0000E+000
173.0000,0.0000E+000
174.0000,0.0000E+000
175.0000,0.0000E+000
176.0000,0.0000E+000
177.0000,0.0000E+000
178.0000,0.0000E+000
179.0000,0.0000E+000
180.0000,0.0000E+000
181.0000,0.0000E+000
182.0000,0.0000E+000
183.0000,0.0000E+000
184.0000,0.0000E+000
185.0000,0.0000E+000
186.0000,0.0000E+000
187.0000,0.0000E+000
188.0000,0.0000E+000
189.0000,0.0000E+000
190.0000,0.0000E+000
191.0000,0.0000E+000
192.0000,0.0000E+000
193.0000,0.0000E+000
194.0000,0.0000E+000
195.0000,0.0000E+000
196.0000,0.0000E+000
197.0000,0.0000E+000
198.0000,0.0000E+000
199.0000,0.0000E+000
200.0000,0.0000E+000
201.0000,0.0000E+000
202.0000,0.0000E+000
203.0000,0.0000E+000
204.0000,0.0000E+000
205.0000,0.0000E+000
206.0000,0.0000E+000
207.0000,0.0000E+000
208.0000,0.0000E+000
209.0000,0.0000E+000
210.0000,0.0000E+000
211.0000,0.0000E+000
212.0000,0.0000E+000
213.0000,0.0000E+000
214.0000,0.0000E+000
215.0000,0.0000E+000
216.0000,0.0000E+000
217.0000,0.0000E+000
218.0000,0.0000E+000
219.0000,0.0000E+000
220.0000,0.0000E+000
221.0000,0.0000E+000
222.0000,0.0000E+000
223.0000,0.0000E+000
224.0000,0.0000E+000
225.0000,0.0000E+000
226.0000,0.0000E+000
227.0000,0.0000E+000
228.0000,0.0000E+000
229.0000,0.0000E+000
230.0000,0.0000E+000
231.0000,0.0000E+000
232.0000,0.0000E+000
233.0000,0.0000E+000
234.0000,0.0000E+000
235.0000,0.0000E+000
236.0000,0.0000E+000
237.0000,0.0000E+000
238.0000,0.0000E+000
239.0000,0.0000E+000
240.0000,0.0000E+000
241.0000,0.0000E+000
242.0000,0.0000E+000
243.0000,0.0000E+000
244.0000,0.0000E+000
245.0000,0.0000E+000
246.0000,0.0000E+000
247.0000,0.0000E+000
248.0000,0.0000E+000
249.0000,0.0000E+000
250.0000,0.0000E+000
251.0000,0.0000E+000
252.0000,0.0000E+000
253.0000,0.0000E+000
254.0000,0.0000E+000
255.0000,0.0000E+000
256.0000,0.0000E+000
257.0000,0.0000E+000
258.0000,0.0000E+000
259.0000,0.0000E+000
260.0000,0.0000E+000
261.0000,0.0000E+000
262.0000,0.0000E+000
263.0000,0.0000E+000
264.0000,0.0000E+000
265.0000,0.0000E+000
266.0000,0.0000E+000
267.0000,0.0000E+000
268.0000,0.0000E+000
269.0000,0.0000E+000
270.0000,0.0000E+000
271.0000,0.0000E+000
272.0000,0.0000E+000
273.0000,0.0000E+000
274.0000,0.0000E+000
275.0000,0.0000E+000
276.0000,0.0000E+000
277.0000,0.0000E+000
278.0000,0.0000E+000
279.0000,0.0000E+000
280.0000,0.0000E+000
281.0000,0.0000E+000
282.0000,0.0000E+000
283.0000,0.0000E+000
284.0000,0.0000E+000
285.0000,0.0000E+000
286.0000,0.0000E+000
287.0000,0.0000E+000
288.0000,0.0000E+000
289.0000,0.0000E+000
290.0000,0.0000E+000
291.0000,0.0000E+000
292.0000,0.0000E+000
293.0000,0.0000E+000
294.0000,0.0000E+000
295.0000,0.0000E+000
296.0000,0.0000E+000
297.0000,0.0000E+000
298.0000,0.0000E+000
299.0000,0.0000E+000
300.0000,0.0000E+000
301.0000,0.0000E+000
302.0000,0.0000E+000
303.0000,0.0000E+000
304.0000,0.0000E+000
305.0000,0.0000E+000
306.0000,0.0000E+000
307.0000,0.0000E+000
308.0000,0.0000E+000
309.0000,0.0000E+000
310.0000,0.0000E+000
311.0000,0.0000E+000
312.0000,0.0000E+000
313.0000,0.0000E+000
314.0000,0.0000E+000
315.0000,0.0000E+000
316.0000,0.0000E+000
317.0000,0.0000E+000
318.0000,0.0000E+000
319.0000,0.0000E+000
320.0000,0.0000E+000
321.0000,0.0000E+000
322.0000,0.0000E+000
323.0000,0.0000E+000
324.0000,0.0000E+000
325.0000,0.0000E+000
326.0000,0.0000E+000
327.0000,0.0000E+000
328.0000,0.0000E+000
329.0000,0.0000E+000
330.0000,0.0000E+000
331.0000,0.0000E+000
332.0000,0.0000E+000
333.0000,0.0000E+000
334.0000,0.0000E+000
335.0000,0.0000E+000
336.0000,0.0000E+000
337.0000,0.0000E+000
338.0000,0.0000E+000
339.0000,0.0000E+000
340.0000,2.2215E-003
341.0000,5.0506E-002
342.0000,7.9409E-002
343.0000,1.3310E-001
344.0000,1.7718E-001
345.0000,2.1742E-001
346.0000,2.4587E-001
347.0000,2.5540E-001
348.0000,2.5858E-001
349.0000,2.7384E-001
350.0000,2.9200E-001
351.0000,3.0358E-001
352.0000,3.0831E-001
353.0000,3.1926E-001
354.0000,3.3067E-001
355.0000,3.4097E-001
356.0000,3.5030E-001
357.0000,3.5690E-001
358.0000,3.6443E-001
359.0000,3.7550E-001
360.0000,3.8713E-001
361.0000,3.9892E-001
362.0000,4.1234E-001
363.0000,4.2408E-001
364.0000,4.2857E-001
365.0000,4.3085E-001
366.0000,4.3287E-001
367.0000,4.4277E-001
368.0000,4.5879E-001
369.0000,4.7094E-001
370.0000,4.8755E-001
371.0000,5.0364E-001
372.0000,5.2069E-001
373.0000,5.3491E-001
374.0000,5.4248E-001
375.0000,5.5339E-001
376.0000,5.5830E-001
377.0000,5.6409E-001
378.0000,5.6828E-001
379.0000,5.7347E-001
380.0000,5.8220E-001
381.0000,5.8509E-001
382.0000,5.8393E-001
383.0000,5.7358E-001
384.0000,5.9124E-001
385.0000,6.0569E-001
386.0000,6.1338E-001
387.0000,6.1752E-001
388.0000,6.2275E-001
389.0000,6.3377E-001
390.0000,6.4576E-001
391.0000,6.5055E-001
392.0000,6.6086E-001
393.0000,6.7302E-001
394.0000,6.8427E-001
395.0000,7.0434E-001
396.0000,7.2667E-001
397.0000,7.4653E-001
398.0000,7.6973E-001
399.0000,7.9143E-001
400.0000,8.0894E-001
401.0000,8.2168E-001
402.0000,8.3050E-001
403.0000,8.3229E-001
404.0000,8.2662E-001
405.0000,8.2777E-001
406.0000,8.1792E-001
407.0000,8.1974E-001
408.0000,8.2510E-001
409.0000,8.2860E-001
410.0000,8.3151E-001
411.0000,8.3540E-001
412.0000,8.4155E-001
413.0000,8.4607E-001
414.0000,8.5217E-001
415.0000,8.4563E-001
416.0000,8.2789E-001
417.0000,8.2544E-001
418.0000,8.1411E-001
419.0000,7.9415E-001
420.0000,7.7142E-001
421.0000,7.4926E-001
422.0000,7.2713E-001
423.0000,7.0472E-001
424.0000,7.1255E-001
425.0000,7.2377E-001
426.0000,7.3076E-001
427.0000,7.3924E-001
428.0000,7.5062E-001
429.0000,7.5703E-001
430.0000,7.6010E-001
431.0000,7.6753E-001
432.0000,7.7832E-001
433.0000,7.8877E-001
434.0000,7.9627E-001
435.0000,7.8599E-001
436.0000,7.5962E-001
437.0000,7.2966E-001
438.0000,6.9350E-001
439.0000,6.5882E-001
440.0000,6.2662E-001
441.0000,5.9960E-001
442.0000,5.8138E-001
443.0000,5.5700E-001
444.0000,5.4479E-001
445.0000,5.4856E-001
446.0000,5.5461E-001
447.0000,5.3794E-001
448.0000,5.2794E-001
449.0000,4.8108E-001
450.0000,4.6809E-001
451.0000,4.8043E-001
452.0000,4.8981E-001
453.0000,4.8177E-001
454.0000,4.5704E-001
455.0000,4.2664E-001
456.0000,3.9253E-001
457.0000,3.7411E-001
458.0000,3.4360E-001
459.0000,2.9669E-001
460.0000,2.9767E-001
461.0000,2.9331E-001
462.0000,2.8023E-001
463.0000,2.7177E-001
464.0000,2.4803E-001
465.0000,2.2132E-001
466.0000,1.8387E-001
467.0000,1.2071E-001
468.0000,5.9330E-002
469.0000,2.1409E-002
470.0000,0.0000E+000
471.0000,0.0000E+000
472.0000,0.0000E+000
473.0000,0.0000E+000
474.0000,0.0000E+000
475.0000,0.0000E+000
476.0000,0.0000E+000
477.0000,0.0000E+000
478.0000,0.0000E+000
479.0000,0.0000E+000
480.0000,0.0000E+000
481.0000,0.0000E+000
482.0000,0.0000E+000
483.0000,0.0000E+000
484.0000,0.0000E+000
485.0000,0.0000E+000
486.0000,0.0000E+000
487.0000,0.0000E+000
488.0000,0.0000E+000
489.0000,0.0000E+000
490.0000,0.0000E+000
491.0000,0.0000E+000
492.0000,0.0000E+000
493.0000,0.0000E+000
494.0000,0.0000E+000
495.0000,0.0000E+000
496.0000,0.0000E+000
497.0000,0.0000E+000
498.0000,0.0000E+000
499.0000,0.0000E+000
500.0000,0.0000E+000
501.0000,0.0000E+000
502.0000,0.0000E+000
503.0000,0.0000E+000
504.0000,0.0000E+000
505.0000,0.0000E+000
506.0000,0.0000E+000
507.0000,0.0000E+000
508.0000,0.0000E+000
509.0000,0.0000E+000
510.0000,0.0000E+000
511.0000,0.0000E+000
512.0000,0.0000E+000
513.0000,0.0000E+000
514.0000,0.0000E+000
515.0000,0.0000E+000
516.0000,0.0000E+000
517.0000,0.0000E+000
518.0000,0.0000E+000
519.0000,0.0000E+000
520.0000,0.0000E+000
521.0000,0.0000E+000
522.0000,0.0000E+000
523.0000,0.0000E+000
524.0000,0.0000E+000
525.0000,0.0000E+000
526.0000,0.0000E+000
527.0000,0.0000E+000
528.0000,0.0000E+000
529.0000,0.0000E+000
530.0000,0.0000E+000
531.0000,0.0000E+000
532.0000,0.0000E+000
533.0000,0.0000E+000
534.0000,0.0000E+000
535.0000,0.0000E+000
536.0000,0.0000E+000
537.0000,0.0000E+000
538.0000,0.0000E+000
539.0000,0.0000E+000
540.0000,0.0000E+000
541.0000,0.0000E+000
542.0000,0.0000E+000
543.0000,0.0000E+000
544.0000,0.0000E+000
545.0000,0.0000E+000
546.0000,0.0000E+000
547.0000,0.0000E+000
548.0000,0.0000E+000
549.0000,0.0000E+000
550.0000,0.0000E+000
551.0000,0.0000E+000
552.0000,0.0000E+000
553.0000,0.0000E+000
554.0000,0.0000E+000
555.0000,0.0000E+000
556.0000,0.0000E+000
557.0000,0.0000E+000
558.0000,0.0000E+000
559.0000,0.0000E+000
560.0000,0.0000E+000
561.0000,0.0000E+000
562.0000,0.0000E+000
563.0000,0.0000E+000
564.0000,0.0000E+000
565.0000,0.0000E+000
566.0000,0.0000E+000
567.0000,0.0000E+000
568.0000,0.0000E+000
569.0000,0.0000E+000
570.0000,0.0000E+000
571.0000,0.0000E+000
572.0000,0.0000E+000
573.0000,0.0000E+000
574.0000,0.0000E+000
575.0000,0.0000E+000
576.0000,0.0000E+000
577.0000,0.0000E+000
578.0000,0.0000E+000
579.0000,0.0000E+000
580.0000,0.0000E+000
581.0000,0.0000E+000
582.0000,0.0000E+000
583.0000,0.0000E+000
584.0000,0.0000E+000
585.0000,0.0000E+000
586.0000,0.0000E+000
587.0000,0.0000E+000
588.0000,0.0000E+000
589.0000,0.0000E+000
590.0000,0.0000E+000
591.0000,0.0000E+000
592.0000,0.0000E+000
593.0000,0.0000E+000
594.0000,0.0000E+000
595.0000,0.0000E+000
596.0000,0.0000E+000
597.0000,0.0000E+000
598.0000,0.0000E+000
599.0000,0.0000E+000
600.0000,0.0000E+000
601.0000,0.0000E+000
602.0000,0.0000E+000
603.0000,0.0000E+000
604.0000,0.0000E+000
605.0000,0.0000E+000
606.0000,0.0000E+000
607.0000,0.0000E+000
608.0000,0.0000E+000
609.0000,0.0000E+000
610.0000,0.0000E+000
611.0000,0.0000E+000
612.0000,0.0000E+000
613.0000,0.0000E+000
614.0000,0.0000E+000
615.0000,0.0000E+000
616.0000,0.0000E+000
617.0000,0.0000E+000
618.0000,0.0000E+000
619.0000,0.0000E+000
620.0000,0.0000E+000
621.0000,0.0000E+000
622.0000,0.0000E+000
623.0000,0.0000E+000
624.0000,0.0000E+000
625.0000,0.0000E+000
626.0000,0.0000E+000
627.0000,0.0000E+000
628.0000,0.0000E+000
629.0000,0.0000E+000
630.0000,0.0000E+000
631.0000,0.0000E+000
632.0000,0.0000E+000
633.0000,0.0000E+000
634.0000,0.0000E+000
635.0000,0.0000E+000
636.0000,0.0000E+000
637.0000,0.0000E+000
638.0000,0.0000E+000
639.0000,0.0000E+000
640.0000,0.0000E+000
641.0000,0.0000E+000
642.0000,0.0000E+000
643.0000,0.0000E+000
644.0000,0.0000E+000
645.0000,0.0000E+000
646.0000,0.0000E+000
647.0000,0.0000E+000
648.0000,0.0000E+000
649.0000,0.0000E+000
650.0000,0.0000E+000
651.0000,0.0000E+000
652.0000,0.0000E+000
653.0000,0.0000E+000
654.0000,0.0000E+000
655.0000,0.0000E+000
656.0000,0.0000E+000
657.0000,0.0000E+000
658.0000,0.0000E+000
659.0000,0.0000E+000
660.0000,0.0000E+000
661.0000,0.0000E+000
662.0000,0.0000E+000
663.0000,0.0000E+000
664.0000,0.0000E+000
665.0000,0.0000E+000
666.0000,0.0000E+000
667.0000,0.0000E+000
668.0000,0.0000E+000
669.0000,0.0000E+000
670.0000,0.0000E+000
671.0000,0.0000E+000
672.0000,0.0000E+000
673.0000,0.0000E+000
674.0000,0.0000E+000
675.0000,0.0000E+000
676.0000,0.0000E+000
677.0000,0.0000E+000
678.0000,0.0000E+000
679.0000,0.0000E+000
680.0000,0.0000E+000
681.0000,0.0000E+000
682.0000,0.0000E+000
683.0000,0.0000E+000
684.0000,0.0000E+000
685.0000,0.0000E+000
686.0000,0.0000E+000
687.0000,0.0000E+000
688.0000,0.0000E+000
689.0000,0.0000E+000
690.0000,0.0000E+000
691.0000,0.0000E+000
692.0000,0.0000E+000
693.0000,0.0000E+000
694.0000,0.0000E+000
695.0000,0.0000E+000
696.0000,0.0000E+000
697.0000,0.0000E+000
698.0000,0.0000E+000
699.0000,0.0000E+000
700.0000,0.0000E+000
701.0000,0.0000E+000
702.0000,0.0000E+000
703.0000,0.0000E+000
704.0000,1.8308E-002
705.0000,2.7759E-002
706.0000,4.0395E-002
707.0000,6.1952E-002
708.0000,8.0600E-002
709.0000,1.0097E-001
710.0000,1.0927E-001
711.0000,1.0702E-001
712.0000,1.0534E-001
713.0000,1.0676E-001
714.0000,1.0218E-001
715.0000,9.8199E-002
716.0000,1.1477E-001
717.0000,1.3527E-001
718.0000,1.6339E-001
719.0000,1.9029E-001
720.0000,2.1865E-001
721.0000,2.2909E-001
722.0000,2.3309E-001
723.0000,2.3446E-001
724.0000,2.5562E-001
725.0000,2.8542E-001
726.0000,3.1103E-001
727.0000,3.2305E-001
728.0000,3.2897E-001
729.0000,3.4419E-001
730.0000,3.5575E-001
731.0000,3.6454E-001
732.0000,3.6928E-001
733.0000,3.5840E-001
734.0000,3.4954E-001
735.0000,3.3599E-001
736.0000,3.4391E-001
737.0000,3.6228E-001
738.0000,3.8368E-001
739.0000,3.9731E-001
740.0000,4.0505E-001
741.0000,4.1381E-001
742.0000,4.3173E-001
743.0000,4.5165E-001
744.0000,4.6760E-001
745.0000,4.8101E-001
746.0000,4.8837E-001
747.0000,5.0782E-001
748.0000,5.3054E-001
749.0000,5.5010E-001
750.0000,5.6033E-001
751.0000,5.6683E-001
752.0000,5.6615E-001
753.0000,5.6229E-001
754.0000,5.7012E-001
755.0000,5.7368E-001
756.0000,5.8603E-001
757.0000,5.9988E-001
758.0000,6.0901E-001
759.0000,6.2637E-001
760.0000,6.3853E-001
761.0000,6.4732E-001
762.0000,6.4672E-001
763.0000,6.5052E-001
764.0000,6.5474E-001
765.0000,6.5932E-001
766.0000,6.6083E-001
767.0000,6.6534E-001
768.0000,6.7278E-001
769.0000,6.7874E-001
770.0000,6.8289E-001
771.0000,6.8787E-001
772.0000,6.9305E-001
773.0000,6.9777E-001
774.0000,7.0526E-001
775.0000,7.1491E-001
776.0000,7.2052E-001
777.0000,7.2784E-001
778.0000,7.3484E-001
779.0000,7.3640E-001
780.0000,7.1464E-001
781.0000,7.1040E-001
782.0000,0.0000E+000
783.0000,0.0000E+000
784.0000,0.0000E+000
785.0000,0.0000E+000
786.0000,6.3374E-002
787.0000,9.2288E-002
788.0000,9.1522E-002
789.0000,9.6914E-002
790.0000,9.9602E-002
791.0000,9.4399E-002
792.0000,9.9775E-002
793.0000,1.0385E-001
794.0000,8.9716E-002
795.0000,9.7100E-002
796.0000,1.2873E-001
797.0000,1.3799E-001
798.0000,1.3991E-001
799.0000,1.3027E-001
800.0000,1.1282E-001
801.0000,9.1770E-002
802.0000,8.9582E-002
803.0000,9.6711E-002
804.0000,1.1528E-001
805.0000,1.5297E-001
806.0000,1.7396E-001
807.0000,1.5319E-001
808.0000,1.5058E-001
809.0000,1.4695E-001
810.0000,1.2364E-001
811.0000,8.7569E-002
812.0000,6.4164E-002
813.0000,5.7876E-002
814.0000,5.7128E-002
815.0000,2.6871E-002
816.0000,3.5094E-003
817.0000,0.0000E+000
818.0000,0.0000E+000
819.0000,0.0000E+000
820.0000,0.0000E+000
821.0000,0.0000E+000
822.0000,0.0000E+000
823.0000,0.0000E+000
824.0000,0.0000E+000
825.0000,0.0000E+000
826.0000,0.0000E+000
827.0000,0.0000E+000
828.0000,0.0000E+000
829.0000,0.0000E+000
830.0000,0.0000E+000
831.0000,0.0000E+000
832.0000,0.0000E+000
833.0000,0.0000E+000
834.0000,0.0000E+000
835.0000,0.0000E+000
836.0000,0.0000E+000
837.0000,0.0000E+000
838.0000,0.0000E+000
839.0000,0.0000E+000
840.0000,0.0000E+000
841.0000,0.0000E+000
842.0000,0.0000E+000
843.0000,0.0000E+000
844.0000,0.0000E+000
845.0000,0.0000E+000
846.0000,0.0000E+000
847.0000,0.0000E+000
848.0000,0.0000E+000
849.0000,0.0000E+000
850.0000,0.0000E+000
851.0000,0.0000E+000
852.0000,0.0000E+000
853.0000,0.0000E+000
854.0000,0.0000E+000
855.0000,0.0000E+000
856.0000,0.0000E+000
857.0000,0.0000E+000
858.0000,0.0000E+000
859.0000,0.0000E+000
860.0000,0.0000E+000
861.0000,0.0000E+000
862.0000,0.0000E+000
863.0000,0.0000E+000
864.0000,0.0000E+000
865.0000,0.0000E+000
866.0000,0.0000E+000
867.0000,0.0000E+000
868.0000,0.0000E+000
869.0000,0.0000E+000
870.0000,0.0000E+000
871.0000,0.0000E+000
872.0000,0.0000E+000
873.0000,0.0000E+000
874.0000,0.0000E+000
875.0000,0.0000E+000
876.0000,0.0000E+000
877.0000,0.0000E+000
878.0000,0.0000E+000
879.0000,0.0000E+000
880.0000,0.0000E+000
881.0000,0.0000E+000
882.0000,0.0000E+000
883.0000,0.0000E+000
884.0000,0.0000E+000
885.0000,0.0000E+000
886.0000,0.0000E+000
887.0000,0.0000E+000
888.0000,0.0000E+000
889.0000,0.0000E+000
890.0000,0.0000E+000
891.0000,0.0000E+000
892.0000,0.0000E+000
893.0000,0.0000E+000
894.0000,0.0000E+000
895.0000,0.0000E+000
896.0000,0.0000E+000
897.0000,0.0000E+000
898.0000,0.0000E+000
899.0000,0.0000E+000
900.0000,0.0000E+000
901.0000,0.0000E+000
902.0000,0.0000E+000
903.0000,0.0000E+000
904.0000,0.0000E+000
905.0000,0.0000E+000
906.0000,0.0000E+000
907.0000,0.0000E+000
908.0000,0.0000E+000
909.0000,0.0000E+000
910.0000,0.0000E+000
911.0000,0.0000E+000
912.0000,0.0000E+000
913.0000,0.0000E+000
914.0000,0.0000E+000
915.0000,0.0000E+000
916.0000,0.0000E+000
917.0000,0.0000E+000
918.0000,0.0000E+000
919.0000,0.0000E+000
920.0000,0.0000E+000
921.0000,0.0000E+000
922.0000,0.0000E+000
923.0000,0.0000E+000
924.0000,0.0000E+000
925.0000,0.0000E+000
926.0000,0.0000E+000
927.0000,0.0000E+000
928.0000,0.0000E+000
929.0000,0.0000E+000
930.0000,0.0000E+000
931.0000,0.0000E+000
932.0000,0.0000E+000
933.0000,0.0000E+000
934.0000,0.0000E+000
935.0000,0.0000E+000
936.0000,0.0000E+000
937.0000,0.0000E+000
938.0000,0.0000E+000
939.0000,0.0000E+000
940.0000,0.0000E+000
941.0000,0.0000E+000
942.0000,0.0000E+000
943.0000,0.0000E+000
944.0000,0.0000E+000
945.0000,0.0000E+000
946.0000,0.0000E+000
947.0000,0.0000E+000
948.0000,0.0000E+000
949.0000,0.0000E+000
950.0000,0.0000E+000
951.0000,0.0000E+000
952.0000,0.0000E+000
953.0000,0.0000E+000
954.0000,0.0000E+000
955.0000,0.0000E+000
956.0000,0.0000E+000
957.0000,0.0000E+000
958.0000,0.0000E+000
959.0000,0.0000E+000
960.0000,0.0000E+000
961.0000,0.0000E+000
962.0000,0.0000E+000
963.0000,0.0000E+000
964.0000,0.0000E+000
965.0000,0.0000E+000
966.0000,0.0000E+000
967.0000,0.0000E+000
968.0000,0.0000E+000
969.0000,0.0000E+000
970.0000,0.0000E+000
971.0000,0.0000E+000
972.0000,0.0000E+000
973.0000,0.0000E+000
974.0000,0.0000E+000
975.0000,0.0000E+000
976.0000,0.0000E+000
977.0000,0.0000E+000
978.0000,0.0000E+000
979.0000,0.0000E+000
980.0000,0.0000E+000
981.0000,0.0000E+000
982.0000,0.0000E+000
983.0000,0.0000E+000
984.0000,0.0000E+000
985.0000,0.0000E+000
986.0000,0.0000E+000
987.0000,0.0000E+000
988.0000,0.0000E+000
989.0000,0.0000E+000
990.0000,0.0000E+000
991.0000,0.0000E+000
992.0000,0.0000E+000
993.0000,0.0000E+000
994.0000,0.0000E+000
995.0000,0.0000E+000
996.0000,0.0000E+000
997.0000,0.0000E+000
998.0000,0.0000E+000
999.0000,0.0000E+000
1000.0000,0.0000E+000
1001.0000,0.0000E+000
1002.0000,0.0000E+000
1003.0000,0.0000E+000
1004.0000,0.0000E+000
1005.0000,0.0000E+000
1006.0000,0.0000E+000
1007.0000,0.0000E+000
1008.0000,0.0000E+000
1009.0000,0.0000E+000
1010.0000,0.0000E+000
1011.0000,0.0000E+000
1012.0000,0.0000E+000
1013.0000,0.0000E+000
1014.0000,0.0000E+000
1015.0000,0.0000E+000
1016.0000,0.0000E+000
1017.0000,0.0000E+000
1018.0000,0.0000E+000
1019.0000,0.0000E+000
1020.0000,0.0000E+000
1021.0000,0.0000E+000
1022.0000,0.0000E+000
1023.0000,0.0000E+000
1024.0000,0.0000E+000
1025.0000,0.0000E+000
1026.0000,0.0000E+000
1027.0000,0.0000E+000
1028.0000,0.0000E+000
1029.0000,0.0000E+000
1030.0000,0.0000E+000
1031.0000,0.0000E+000
1032.0000,0.0000E+000
1033.0000,0.0000E+000
1034.0000,0.0000E+000
1035.0000,0.0000E+000
1036.0000,0.0000E+000
1037.0000,0.0000E+000
1038.0000,0.0000E+000
1039.0000,0.0000E+000
1040.0000,0.0000E+000
1041.0000,0.0000E+000
1042.0000,0.0000E+000
1043.0000,0.0000E+000
1044.0000,0.0000E+000
1045.0000,0.0000E+000
1046.0000,0.0000E+000
1047.0000,0.0000E+000
1048.0000,0.0000E+000
1049.0000,0.0000E+000
1050.0000,0.0000E+000
1051.0000,0.0000E+000
1052.0000,0.0000E+000
1053.0000,0.0000E+000
1054.0000,0.0000E+000
1055.0000,0.0000E+000
1056.0000,0.0000E+000
1057.0000,0.0000E+000
1058.0000,0.0000E+000
1059.0000,0.0000E+000
1060.0000,0.0000E+000
1061.0000,0.0000E+000
1062.0000,0.0000E+000
1063.0000,0.0000E+000
1064.0000,0.0000E+000
1065.0000,0.0000E+000
1066.0000,0.0000E+000
1067.0000,0.0000E+000
1068.0000,0.0000E+000
1069.0000,0.0000E+000
1070.0000,0.0000E+000
1071.0000,0.0000E+000
1072.0000,0.0000E+000
1073.0000,0.0000E+000
1074.0000,0.0000E+000
1075.0000,0.0000E+000
1076.0000,0.0000E+000
1077.0000,0.0000E+000
1078.0000,0.0000E+000
1079.0000,0.0000E+000
1080.0000,0.0000E+000
1081.0000,0.0000E+000
1082.0000,0.0000E+000
1083.0000,0.0000E+000
1084.0000,0.0000E+000
1085.0000,0.0000E+000
1086.0000,1.2023E-002
1087.0000,2.5072E-002
1088.0000,3.6964E-002
1089.0000,5.1819E-002
1090.0000,6.7595E-002
1091.0000,8.5361E-002
1092.0000,1.0889E-001
1093.0000,1.2461E-001
1094.0000,1.3483E-001
1095.0000,1.4856E-001
1096.0000,1.7132E-001
1097.0000,1.8166E-001
1098.0000,1.7220E-001
1099.0000,1.5365E-001
1100.0000,1.5556E-001
1101.0000,1.4418E-001
1102.0000,1.3368E-001
1103.0000,1.3297E-001
1104.0000,1.3847E-001
1105.0000,1.4830E-001
1106.0000,1.8151E-001
1107.0000,2.0996E-001
1108.0000,2.2725E-001
1109.0000,2.5892E-001
1110.0000,2.7607E-001
1111.0000,2.8759E-001
1112.0000,2.9951E-001
1113.0000,3.0846E-001
1114.0000,3.1807E-001
1115.0000,3.2580E-001
1116.0000,3.3326E-001
1117.0000,3.3777E-001
1118.0000,3.4114E-001
1119.0000,3.4501E-001
1120.0000,3.5162E-001
1121.0000,3.5822E-001
1122.0000,3.6108E-001
1123.0000,3.6525E-001
1124.0000,3.6837E-001
1125.0000,3.7143E-001
1126.0000,3.7807E-001
1127.0000,3.7864E-001
1128.0000,3.7063E-001
1129.0000,3.7199E-001
1130.0000,3.7330E-001
1131.0000,3.7830E-001
1132.0000,3.8453E-001
1133.0000,3.9116E-001
1134.0000,3.9483E-001
1135.0000,3.9619E-001
1136.0000,3.9551E-001
1137.0000,3.9389E-001
1138.0000,3.8503E-001
1139.0000,3.8564E-001
1140.0000,3.8091E-001
1141.0000,3.6953E-001
1142.0000,3.5134E-001
1143.0000,3.3131E-001
1144.0000,3.0736E-001
1145.0000,2.8927E-001
1146.0000,2.7837E-001
1147.0000,2.6627E-001
1148.0000,2.5591E-001
1149.0000,2.3760E-001
1150.0000,2.2106E-001
1151.0000,1.9836E-001
1152.0000,1.5565E-001
1153.0000,1.0272E-001
1154.0000,6.9673E-002
1155.0000,5.3084E-002
1156.0000,4.2662E-002
1157.0000,3.3660E-002
1158.0000,3.5902E-002
1159.0000,4.2366E-002
1160.0000,3.8577E-002
1161.0000,3.1872E-002
1162.0000,2.4584E-002
1163.0000,2.4277E-002
1164.0000,4.7814E-002
1165.0000,8.7297E-002
1166.0000,1.2212E-001
1167.0000,1.5471E-001
1168.0000,1.6848E-001
1169.0000,1.8258E-001
1170.0000,1.9352E-001
