"",21.000
0.0000,0.0000E+000
1.0000,0.0000E+000
2.0000,0.0000E+000
3.0000,0.0000E+000
4.0000,0.0000E+000
5.0000,0.0000E+000
6.0000,0.0000E+000
7.0000,0.0000E+000
8.0000,0.0000E+000
9.0000,0.0000E+000
10.0000,0.0000E+000
11.0000,0.0000E+000
12.0000,0.0000E+000
13.0000,1.9640E-004
14.0000,1.9640E-004
15.0000,1.9640E-004
16.0000,1.9640E-004
17.0000,1.8141E-005
18.0000,1.8141E-005
19.0000,1.8141E-005
20.0000,1.8141E-005
21.0000,1.8141E-005
22.0000,1.8141E-005
23.0000,1.8141E-005
24.0000,1.8141E-005
25.0000,1.8141E-005
26.0000,1.8141E-005
27.0000,1.8141E-005
28.0000,1.8141E-005
29.0000,1.8141E-005
30.0000,1.8141E-005
31.0000,1.8141E-005
32.0000,1.8141E-005
33.0000,1.8141E-005
34.0000,1.8141E-005
35.0000,1.8141E-005
36.0000,1.8141E-005
37.0000,1.8141E-005
38.0000,1.8141E-005
39.0000,1.8141E-005
40.0000,1.8141E-005
41.0000,1.8141E-005
42.0000,1.8141E-005
43.0000,1.8141E-005
44.0000,1.8141E-005
45.0000,1.8141E-005
46.0000,1.8141E-005
47.0000,1.8141E-005
48.0000,1.8141E-005
49.0000,0.0000E+000
50.0000,0.0000E+000
51.0000,0.0000E+000
52.0000,0.0000E+000
53.0000,8.0000E-007
54.0000,0.0000E+000
55.0000,4.0000E-007
56.0000,4.0000E-007
57.0000,4.0000E-007
58.0000,3.6800E-006
59.0000,3.6800E-006
60.0000,3.6800E-006
61.0000,3.6800E-006
62.0000,3.6800E-006
63.0000,0.0000E+000
64.0000,0.0000E+000
65.0000,3.4160E-005
66.0000,3.4160E-005
67.0000,3.4160E-005
68.0000,3.4160E-005
69.0000,0.0000E+000
70.0000,0.0000E+000
71.0000,0.0000E+000
72.0000,0.0000E+000
73.0000,0.0000E+000
74.0000,0.0000E+000
75.0000,0.0000E+000
76.0000,0.0000E+000
77.0000,0.0000E+000
78.0000,0.0000E+000
79.0000,0.0000E+000
80.0000,0.0000E+000
81.0000,0.0000E+000
82.0000,0.0000E+000
83.0000,0.0000E+000
84.0000,0.0000E+000
85.0000,0.0000E+000
86.0000,0.0000E+000
87.0000,0.0000E+000
88.0000,0.0000E+000
89.0000,0.0000E+000
90.0000,0.0000E+000
91.0000,0.0000E+000
92.0000,0.0000E+000
93.0000,0.0000E+000
94.0000,0.0000E+000
95.0000,0.0000E+000
96.0000,0.0000E+000
97.0000,0.0000E+000
98.0000,0.0000E+000
99.0000,0.0000E+000
100.0000,0.0000E+000
101.0000,0.0000E+000
102.0000,0.0000E+000
103.0000,0.0000E+000
104.0000,0.0000E+000
105.0000,0.0000E+000
106.0000,0.0000E+000
107.0000,0.0000E+000
108.0000,0.0000E+000
109.0000,0.0000E+000
110.0000,0.0000E+000
111.0000,0.0000E+000
112.0000,0.0000E+000
113.0000,0.0000E+000
114.0000,0.0000E+000
115.0000,0.0000E+000
116.0000,0.0000E+000
117.0000,0.0000E+000
118.0000,0.0000E+000
119.0000,0.0000E+000
120.0000,0.0000E+000
121.0000,0.0000E+000
122.0000,0.0000E+000
123.0000,0.0000E+000
124.0000,0.0000E+000
125.0000,0.0000E+000
126.0000,0.0000E+000
127.0000,0.0000E+000
128.0000,0.0000E+000
129.0000,0.0000E+000
130.0000,0.0000E+000
131.0000,0.0000E+000
132.0000,0.0000E+000
133.0000,0.0000E+000
134.0000,0.0000E+000
135.0000,0.0000E+000
136.0000,0.0000E+000
137.0000,0.0000E+000
138.0000,0.0000E+000
139.0000,0.0000E+000
140.0000,0.0000E+000
141.0000,0.0000E+000
142.0000,0.0000E+000
143.0000,0.0000E+000
144.0000,0.0000E+000
145.0000,0.0000E+000
146.0000,0.0000E+000
147.0000,0.0000E+000
148.0000,0.0000E+000
149.0000,0.0000E+000
150.0000,0.0000E+000
151.0000,0.0000E+000
152.0000,0.0000E+000
153.0000,0.0000E+000
154.0000,0.0000E+000
155.0000,0.0000E+000
156.0000,0.0000E+000
157.0000,0.0000E+000
158.0000,0.0000E+000
159.0000,0.0000E+000
160.0000,0.0000E+000
161.0000,0.0000E+000
162.0000,0.0000E+000
163.0000,0.0000E+000
164.0000,0.0000E+000
165.0000,0.0000E+000
166.0000,0.0000E+000
167.0000,0.0000E+000
168.0000,0.0000E+000
169.0000,0.0000E+000
170.0000,0.0000E+000
171.0000,0.0000E+000
172.0000,0.0000E+000
173.0000,0.0000E+000
174.0000,0.0000E+000
175.0000,0.0000E+000
176.0000,0.0000E+000
177.0000,0.0000E+000
178.0000,0.0000E+000
179.0000,0.0000E+000
180.0000,0.0000E+000
181.0000,0.0000E+000
182.0000,0.0000E+000
183.0000,0.0000E+000
184.0000,0.0000E+000
185.0000,0.0000E+000
186.0000,0.0000E+000
187.0000,0.0000E+000
188.0000,0.0000E+000
189.0000,0.0000E+000
190.0000,0.0000E+000
191.0000,0.0000E+000
192.0000,0.0000E+000
193.0000,0.0000E+000
194.0000,0.0000E+000
195.0000,0.0000E+000
196.0000,0.0000E+000
197.0000,0.0000E+000
198.0000,0.0000E+000
199.0000,0.0000E+000
200.0000,0.0000E+000
201.0000,0.0000E+000
202.0000,0.0000E+000
203.0000,0.0000E+000
204.0000,0.0000E+000
205.0000,0.0000E+000
206.0000,0.0000E+000
207.0000,0.0000E+000
208.0000,0.0000E+000
209.0000,0.0000E+000
210.0000,0.0000E+000
211.0000,0.0000E+000
212.0000,0.0000E+000
213.0000,0.0000E+000
214.0000,0.0000E+000
215.0000,0.0000E+000
216.0000,0.0000E+000
217.0000,0.0000E+000
218.0000,0.0000E+000
219.0000,0.0000E+000
220.0000,0.0000E+000
221.0000,0.0000E+000
222.0000,0.0000E+000
223.0000,0.0000E+000
224.0000,0.0000E+000
225.0000,0.0000E+000
226.0000,0.0000E+000
227.0000,0.0000E+000
228.0000,0.0000E+000
229.0000,0.0000E+000
230.0000,0.0000E+000
231.0000,0.0000E+000
232.0000,0.0000E+000
233.0000,0.0000E+000
234.0000,0.0000E+000
235.0000,0.0000E+000
236.0000,0.0000E+000
237.0000,0.0000E+000
238.0000,0.0000E+000
239.0000,0.0000E+000
240.0000,0.0000E+000
241.0000,0.0000E+000
242.0000,0.0000E+000
243.0000,0.0000E+000
244.0000,0.0000E+000
245.0000,0.0000E+000
246.0000,0.0000E+000
247.0000,0.0000E+000
248.0000,0.0000E+000
249.0000,0.0000E+000
250.0000,0.0000E+000
251.0000,0.0000E+000
252.0000,0.0000E+000
253.0000,0.0000E+000
254.0000,0.0000E+000
255.0000,0.0000E+000
256.0000,0.0000E+000
257.0000,0.0000E+000
258.0000,0.0000E+000
259.0000,0.0000E+000
260.0000,0.0000E+000
261.0000,0.0000E+000
262.0000,0.0000E+000
263.0000,0.0000E+000
264.0000,0.0000E+000
265.0000,0.0000E+000
266.0000,0.0000E+000
267.0000,0.0000E+000
268.0000,0.0000E+000
269.0000,0.0000E+000
270.0000,0.0000E+000
271.0000,0.0000E+000
272.0000,0.0000E+000
273.0000,0.0000E+000
274.0000,0.0000E+000
275.0000,0.0000E+000
276.0000,0.0000E+000
277.0000,0.0000E+000
278.0000,0.0000E+000
279.0000,0.0000E+000
280.0000,0.0000E+000
281.0000,0.0000E+000
282.0000,0.0000E+000
283.0000,0.0000E+000
284.0000,0.0000E+000
285.0000,0.0000E+000
286.0000,0.0000E+000
287.0000,0.0000E+000
288.0000,0.0000E+000
289.0000,0.0000E+000
290.0000,0.0000E+000
291.0000,0.0000E+000
292.0000,0.0000E+000
293.0000,0.0000E+000
294.0000,0.0000E+000
295.0000,0.0000E+000
296.0000,0.0000E+000
297.0000,0.0000E+000
298.0000,0.0000E+000
299.0000,0.0000E+000
300.0000,0.0000E+000
301.0000,0.0000E+000
302.0000,0.0000E+000
303.0000,0.0000E+000
304.0000,0.0000E+000
305.0000,0.0000E+000
306.0000,0.0000E+000
307.0000,0.0000E+000
308.0000,0.0000E+000
309.0000,0.0000E+000
310.0000,0.0000E+000
311.0000,0.0000E+000
312.0000,0.0000E+000
313.0000,0.0000E+000
314.0000,0.0000E+000
315.0000,0.0000E+000
316.0000,0.0000E+000
317.0000,0.0000E+000
318.0000,0.0000E+000
319.0000,0.0000E+000
320.0000,0.0000E+000
321.0000,0.0000E+000
322.0000,0.0000E+000
323.0000,0.0000E+000
324.0000,0.0000E+000
325.0000,0.0000E+000
326.0000,0.0000E+000
327.0000,0.0000E+000
328.0000,0.0000E+000
329.0000,0.0000E+000
330.0000,0.0000E+000
331.0000,0.0000E+000
332.0000,0.0000E+000
333.0000,0.0000E+000
334.0000,0.0000E+000
335.0000,0.0000E+000
336.0000,0.0000E+000
337.0000,0.0000E+000
338.0000,0.0000E+000
339.0000,0.0000E+000
340.0000,0.0000E+000
341.0000,0.0000E+000
342.0000,0.0000E+000
343.0000,0.0000E+000
344.0000,0.0000E+000
345.0000,0.0000E+000
346.0000,0.0000E+000
347.0000,0.0000E+000
348.0000,7.3600E-006
349.0000,7.3600E-006
350.0000,7.3600E-006
351.0000,7.3600E-006
352.0000,7.3600E-006
353.0000,7.3600E-006
354.0000,7.3600E-006
355.0000,7.3600E-006
356.0000,7.3600E-006
357.0000,7.3600E-006
358.0000,7.3600E-006
359.0000,7.3600E-006
360.0000,7.3600E-006
361.0000,7.3600E-006
362.0000,7.3600E-006
363.0000,7.3600E-006
364.0000,7.3600E-006
365.0000,7.3600E-006
366.0000,7.3600E-006
367.0000,7.3600E-006
368.0000,7.3600E-006
369.0000,7.3600E-006
370.0000,7.3600E-006
371.0000,7.3600E-006
372.0000,7.3600E-006
373.0000,7.3600E-006
374.0000,7.3600E-006
375.0000,7.3600E-006
376.0000,7.3600E-006
377.0000,7.3600E-006
378.0000,7.3600E-006
379.0000,7.3600E-006
380.0000,7.3600E-006
381.0000,5.9228E-004
382.0000,0.0000E+000
383.0000,1.2984E-004
384.0000,1.2984E-004
385.0000,1.2984E-004
386.0000,1.2984E-004
387.0000,1.2984E-004
388.0000,1.2984E-004
389.0000,1.2984E-004
390.0000,1.2984E-004
391.0000,1.2984E-004
392.0000,1.2984E-004
393.0000,1.2984E-004
394.0000,1.2984E-004
395.0000,1.2984E-004
396.0000,1.2984E-004
397.0000,1.2984E-004
398.0000,1.2984E-004
399.0000,1.2984E-004
400.0000,1.2984E-004
401.0000,1.2984E-004
402.0000,1.2984E-004
403.0000,1.2984E-004
404.0000,1.2984E-004
405.0000,1.2984E-004
406.0000,0.0000E+000
407.0000,0.0000E+000
408.0000,0.0000E+000
409.0000,0.0000E+000
410.0000,0.0000E+000
411.0000,0.0000E+000
412.0000,0.0000E+000
413.0000,0.0000E+000
414.0000,0.0000E+000
415.0000,0.0000E+000
416.0000,0.0000E+000
417.0000,0.0000E+000
418.0000,0.0000E+000
419.0000,0.0000E+000
420.0000,0.0000E+000
421.0000,0.0000E+000
422.0000,2.8520E-004
423.0000,0.0000E+000
424.0000,0.0000E+000
425.0000,0.0000E+000
426.0000,0.0000E+000
427.0000,0.0000E+000
428.0000,0.0000E+000
429.0000,0.0000E+000
430.0000,0.0000E+000
431.0000,0.0000E+000
432.0000,0.0000E+000
433.0000,0.0000E+000
434.0000,0.0000E+000
435.0000,0.0000E+000
436.0000,0.0000E+000
437.0000,0.0000E+000
438.0000,0.0000E+000
439.0000,0.0000E+000
440.0000,0.0000E+000
441.0000,0.0000E+000
442.0000,0.0000E+000
443.0000,0.0000E+000
444.0000,0.0000E+000
445.0000,0.0000E+000
446.0000,0.0000E+000
447.0000,0.0000E+000
448.0000,0.0000E+000
449.0000,0.0000E+000
450.0000,5.3303E-016
451.0000,5.3303E-016
452.0000,5.3303E-016
453.0000,0.0000E+000
454.0000,0.0000E+000
455.0000,0.0000E+000
456.0000,0.0000E+000
457.0000,0.0000E+000
458.0000,0.0000E+000
459.0000,0.0000E+000
460.0000,1.2912E-004
461.0000,0.0000E+000
462.0000,9.8424E-004
463.0000,0.0000E+000
464.0000,0.0000E+000
465.0000,0.0000E+000
466.0000,0.0000E+000
467.0000,0.0000E+000
468.0000,0.0000E+000
469.0000,0.0000E+000
470.0000,0.0000E+000
471.0000,0.0000E+000
472.0000,0.0000E+000
473.0000,0.0000E+000
474.0000,0.0000E+000
475.0000,0.0000E+000
476.0000,0.0000E+000
477.0000,0.0000E+000
478.0000,0.0000E+000
479.0000,0.0000E+000
480.0000,0.0000E+000
481.0000,0.0000E+000
482.0000,0.0000E+000
483.0000,0.0000E+000
484.0000,0.0000E+000
485.0000,0.0000E+000
486.0000,0.0000E+000
487.0000,0.0000E+000
488.0000,0.0000E+000
489.0000,0.0000E+000
490.0000,0.0000E+000
491.0000,0.0000E+000
492.0000,0.0000E+000
493.0000,0.0000E+000
494.0000,0.0000E+000
495.0000,0.0000E+000
496.0000,0.0000E+000
497.0000,0.0000E+000
498.0000,0.0000E+000
499.0000,0.0000E+000
500.0000,0.0000E+000
501.0000,0.0000E+000
502.0000,0.0000E+000
503.0000,0.0000E+000
504.0000,0.0000E+000
505.0000,0.0000E+000
506.0000,0.0000E+000
507.0000,0.0000E+000
508.0000,0.0000E+000
509.0000,0.0000E+000
510.0000,0.0000E+000
511.0000,0.0000E+000
512.0000,0.0000E+000
513.0000,0.0000E+000
514.0000,0.0000E+000
515.0000,0.0000E+000
516.0000,0.0000E+000
517.0000,0.0000E+000
518.0000,0.0000E+000
519.0000,0.0000E+000
520.0000,0.0000E+000
521.0000,0.0000E+000
522.0000,0.0000E+000
523.0000,0.0000E+000
524.0000,0.0000E+000
525.0000,0.0000E+000
526.0000,0.0000E+000
527.0000,0.0000E+000
528.0000,0.0000E+000
529.0000,0.0000E+000
530.0000,0.0000E+000
531.0000,0.0000E+000
532.0000,0.0000E+000
533.0000,0.0000E+000
534.0000,0.0000E+000
535.0000,0.0000E+000
536.0000,0.0000E+000
537.0000,0.0000E+000
538.0000,0.0000E+000
539.0000,0.0000E+000
540.0000,0.0000E+000
541.0000,0.0000E+000
542.0000,0.0000E+000
543.0000,0.0000E+000
544.0000,0.0000E+000
545.0000,0.0000E+000
546.0000,0.0000E+000
547.0000,0.0000E+000
548.0000,0.0000E+000
549.0000,0.0000E+000
550.0000,0.0000E+000
551.0000,0.0000E+000
552.0000,0.0000E+000
553.0000,0.0000E+000
554.0000,0.0000E+000
555.0000,0.0000E+000
556.0000,0.0000E+000
557.0000,0.0000E+000
558.0000,0.0000E+000
559.0000,0.0000E+000
560.0000,0.0000E+000
561.0000,0.0000E+000
562.0000,0.0000E+000
563.0000,0.0000E+000
564.0000,0.0000E+000
565.0000,0.0000E+000
566.0000,0.0000E+000
567.0000,0.0000E+000
568.0000,0.0000E+000
569.0000,0.0000E+000
570.0000,0.0000E+000
571.0000,0.0000E+000
572.0000,0.0000E+000
573.0000,0.0000E+000
574.0000,0.0000E+000
575.0000,0.0000E+000
576.0000,0.0000E+000
577.0000,0.0000E+000
578.0000,0.0000E+000
579.0000,0.0000E+000
580.0000,0.0000E+000
581.0000,0.0000E+000
582.0000,0.0000E+000
583.0000,0.0000E+000
584.0000,0.0000E+000
585.0000,0.0000E+000
586.0000,0.0000E+000
587.0000,0.0000E+000
588.0000,0.0000E+000
589.0000,0.0000E+000
590.0000,0.0000E+000
591.0000,0.0000E+000
592.0000,0.0000E+000
593.0000,0.0000E+000
594.0000,0.0000E+000
595.0000,0.0000E+000
596.0000,0.0000E+000
597.0000,0.0000E+000
598.0000,0.0000E+000
599.0000,0.0000E+000
600.0000,0.0000E+000
601.0000,0.0000E+000
602.0000,0.0000E+000
603.0000,0.0000E+000
604.0000,0.0000E+000
605.0000,0.0000E+000
606.0000,0.0000E+000
607.0000,0.0000E+000
608.0000,0.0000E+000
609.0000,0.0000E+000
610.0000,0.0000E+000
611.0000,0.0000E+000
612.0000,0.0000E+000
613.0000,0.0000E+000
614.0000,0.0000E+000
615.0000,0.0000E+000
616.0000,0.0000E+000
617.0000,0.0000E+000
618.0000,0.0000E+000
619.0000,0.0000E+000
620.0000,0.0000E+000
621.0000,0.0000E+000
622.0000,0.0000E+000
623.0000,0.0000E+000
624.0000,0.0000E+000
625.0000,0.0000E+000
626.0000,0.0000E+000
627.0000,0.0000E+000
628.0000,0.0000E+000
629.0000,0.0000E+000
630.0000,0.0000E+000
631.0000,0.0000E+000
632.0000,0.0000E+000
633.0000,0.0000E+000
634.0000,0.0000E+000
635.0000,0.0000E+000
636.0000,0.0000E+000
637.0000,0.0000E+000
638.0000,0.0000E+000
639.0000,0.0000E+000
640.0000,0.0000E+000
641.0000,0.0000E+000
642.0000,0.0000E+000
643.0000,0.0000E+000
644.0000,0.0000E+000
645.0000,0.0000E+000
646.0000,0.0000E+000
647.0000,0.0000E+000
648.0000,0.0000E+000
649.0000,0.0000E+000
650.0000,0.0000E+000
651.0000,0.0000E+000
652.0000,0.0000E+000
653.0000,0.0000E+000
654.0000,0.0000E+000
655.0000,0.0000E+000
656.0000,0.0000E+000
657.0000,0.0000E+000
658.0000,0.0000E+000
659.0000,0.0000E+000
660.0000,0.0000E+000
661.0000,0.0000E+000
662.0000,0.0000E+000
663.0000,0.0000E+000
664.0000,0.0000E+000
665.0000,0.0000E+000
666.0000,0.0000E+000
667.0000,0.0000E+000
668.0000,0.0000E+000
669.0000,0.0000E+000
670.0000,0.0000E+000
671.0000,0.0000E+000
672.0000,0.0000E+000
673.0000,0.0000E+000
674.0000,0.0000E+000
675.0000,0.0000E+000
676.0000,0.0000E+000
677.0000,0.0000E+000
678.0000,0.0000E+000
679.0000,0.0000E+000
680.0000,0.0000E+000
681.0000,0.0000E+000
682.0000,0.0000E+000
683.0000,0.0000E+000
684.0000,0.0000E+000
685.0000,0.0000E+000
686.0000,0.0000E+000
687.0000,0.0000E+000
688.0000,0.0000E+000
689.0000,0.0000E+000
690.0000,0.0000E+000
691.0000,0.0000E+000
692.0000,0.0000E+000
693.0000,0.0000E+000
694.0000,0.0000E+000
695.0000,0.0000E+000
696.0000,0.0000E+000
697.0000,0.0000E+000
698.0000,0.0000E+000
699.0000,0.0000E+000
700.0000,0.0000E+000
701.0000,0.0000E+000
702.0000,0.0000E+000
703.0000,0.0000E+000
704.0000,0.0000E+000
705.0000,0.0000E+000
706.0000,0.0000E+000
707.0000,0.0000E+000
708.0000,0.0000E+000
709.0000,0.0000E+000
710.0000,0.0000E+000
711.0000,0.0000E+000
712.0000,0.0000E+000
713.0000,0.0000E+000
714.0000,0.0000E+000
715.0000,0.0000E+000
716.0000,0.0000E+000
717.0000,0.0000E+000
718.0000,0.0000E+000
719.0000,0.0000E+000
720.0000,0.0000E+000
721.0000,0.0000E+000
722.0000,0.0000E+000
723.0000,0.0000E+000
724.0000,0.0000E+000
725.0000,0.0000E+000
726.0000,0.0000E+000
727.0000,0.0000E+000
728.0000,0.0000E+000
729.0000,0.0000E+000
730.0000,0.0000E+000
731.0000,0.0000E+000
732.0000,0.0000E+000
733.0000,0.0000E+000
734.0000,0.0000E+000
735.0000,1.8912E-004
736.0000,1.8912E-004
737.0000,1.8912E-004
738.0000,1.8912E-004
739.0000,1.8912E-004
740.0000,1.8912E-004
741.0000,1.8912E-004
742.0000,1.8912E-004
743.0000,1.8912E-004
744.0000,1.8912E-004
745.0000,1.8912E-004
746.0000,1.8912E-004
747.0000,1.8912E-004
748.0000,1.8912E-004
749.0000,1.8912E-004
750.0000,1.8912E-004
751.0000,1.8912E-004
752.0000,0.0000E+000
753.0000,3.5920E-005
754.0000,3.5920E-005
755.0000,3.5920E-005
756.0000,3.5920E-005
757.0000,3.5920E-005
758.0000,3.5920E-005
759.0000,3.5920E-005
760.0000,3.5920E-005
761.0000,3.5920E-005
762.0000,0.0000E+000
763.0000,0.0000E+000
764.0000,0.0000E+000
765.0000,0.0000E+000
766.0000,0.0000E+000
767.0000,0.0000E+000
768.0000,0.0000E+000
769.0000,0.0000E+000
770.0000,0.0000E+000
771.0000,0.0000E+000
772.0000,0.0000E+000
773.0000,0.0000E+000
774.0000,0.0000E+000
775.0000,0.0000E+000
776.0000,0.0000E+000
777.0000,0.0000E+000
778.0000,0.0000E+000
779.0000,0.0000E+000
780.0000,0.0000E+000
781.0000,0.0000E+000
782.0000,0.0000E+000
783.0000,0.0000E+000
784.0000,0.0000E+000
785.0000,0.0000E+000
786.0000,0.0000E+000
787.0000,0.0000E+000
788.0000,1.2701E-003
789.0000,1.2701E-003
790.0000,1.5099E-004
791.0000,0.0000E+000
792.0000,0.0000E+000
793.0000,0.0000E+000
794.0000,0.0000E+000
795.0000,0.0000E+000
796.0000,0.0000E+000
797.0000,0.0000E+000
798.0000,0.0000E+000
799.0000,0.0000E+000
800.0000,0.0000E+000
801.0000,0.0000E+000
802.0000,0.0000E+000
803.0000,0.0000E+000
804.0000,0.0000E+000
805.0000,0.0000E+000
806.0000,0.0000E+000
807.0000,0.0000E+000
808.0000,0.0000E+000
809.0000,0.0000E+000
810.0000,0.0000E+000
811.0000,0.0000E+000
812.0000,0.0000E+000
813.0000,5.0128E-004
814.0000,0.0000E+000
815.0000,0.0000E+000
816.0000,0.0000E+000
817.0000,0.0000E+000
818.0000,0.0000E+000
819.0000,0.0000E+000
820.0000,0.0000E+000
821.0000,0.0000E+000
822.0000,0.0000E+000
823.0000,0.0000E+000
824.0000,0.0000E+000
825.0000,0.0000E+000
826.0000,0.0000E+000
827.0000,0.0000E+000
828.0000,0.0000E+000
829.0000,0.0000E+000
830.0000,0.0000E+000
831.0000,0.0000E+000
832.0000,0.0000E+000
833.0000,0.0000E+000
834.0000,0.0000E+000
835.0000,0.0000E+000
836.0000,0.0000E+000
837.0000,0.0000E+000
838.0000,0.0000E+000
839.0000,0.0000E+000
840.0000,0.0000E+000
841.0000,0.0000E+000
842.0000,0.0000E+000
843.0000,0.0000E+000
844.0000,0.0000E+000
845.0000,0.0000E+000
846.0000,0.0000E+000
847.0000,0.0000E+000
848.0000,0.0000E+000
849.0000,0.0000E+000
850.0000,0.0000E+000
851.0000,0.0000E+000
852.0000,0.0000E+000
853.0000,0.0000E+000
854.0000,0.0000E+000
855.0000,0.0000E+000
856.0000,0.0000E+000
857.0000,0.0000E+000
858.0000,0.0000E+000
859.0000,0.0000E+000
860.0000,0.0000E+000
861.0000,0.0000E+000
862.0000,0.0000E+000
863.0000,0.0000E+000
864.0000,0.0000E+000
865.0000,0.0000E+000
866.0000,0.0000E+000
867.0000,0.0000E+000
868.0000,0.0000E+000
869.0000,0.0000E+000
870.0000,0.0000E+000
871.0000,0.0000E+000
872.0000,0.0000E+000
873.0000,0.0000E+000
874.0000,0.0000E+000
875.0000,0.0000E+000
876.0000,0.0000E+000
877.0000,0.0000E+000
878.0000,0.0000E+000
879.0000,0.0000E+000
880.0000,0.0000E+000
881.0000,0.0000E+000
882.0000,0.0000E+000
883.0000,0.0000E+000
884.0000,0.0000E+000
885.0000,0.0000E+000
886.0000,0.0000E+000
887.0000,0.0000E+000
888.0000,0.0000E+000
889.0000,0.0000E+000
890.0000,0.0000E+000
891.0000,0.0000E+000
892.0000,0.0000E+000
893.0000,0.0000E+000
894.0000,0.0000E+000
895.0000,0.0000E+000
896.0000,0.0000E+000
897.0000,0.0000E+000
898.0000,0.0000E+000
899.0000,0.0000E+000
900.0000,0.0000E+000
901.0000,0.0000E+000
902.0000,0.0000E+000
903.0000,0.0000E+000
904.0000,0.0000E+000
905.0000,0.0000E+000
906.0000,0.0000E+000
907.0000,0.0000E+000
908.0000,0.0000E+000
909.0000,0.0000E+000
910.0000,0.0000E+000
911.0000,0.0000E+000
912.0000,0.0000E+000
913.0000,0.0000E+000
914.0000,0.0000E+000
915.0000,0.0000E+000
916.0000,0.0000E+000
917.0000,0.0000E+000
918.0000,0.0000E+000
919.0000,0.0000E+000
920.0000,0.0000E+000
921.0000,0.0000E+000
922.0000,0.0000E+000
923.0000,0.0000E+000
924.0000,0.0000E+000
925.0000,0.0000E+000
926.0000,0.0000E+000
927.0000,0.0000E+000
928.0000,0.0000E+000
929.0000,0.0000E+000
930.0000,0.0000E+000
931.0000,0.0000E+000
932.0000,0.0000E+000
933.0000,0.0000E+000
934.0000,0.0000E+000
935.0000,0.0000E+000
936.0000,0.0000E+000
937.0000,0.0000E+000
938.0000,0.0000E+000
939.0000,0.0000E+000
940.0000,0.0000E+000
941.0000,0.0000E+000
942.0000,0.0000E+000
943.0000,0.0000E+000
944.0000,0.0000E+000
945.0000,0.0000E+000
946.0000,0.0000E+000
947.0000,0.0000E+000
948.0000,0.0000E+000
949.0000,0.0000E+000
950.0000,0.0000E+000
951.0000,0.0000E+000
952.0000,0.0000E+000
953.0000,0.0000E+000
954.0000,0.0000E+000
955.0000,0.0000E+000
956.0000,0.0000E+000
957.0000,0.0000E+000
958.0000,0.0000E+000
959.0000,0.0000E+000
960.0000,0.0000E+000
961.0000,0.0000E+000
962.0000,0.0000E+000
963.0000,0.0000E+000
964.0000,0.0000E+000
965.0000,0.0000E+000
966.0000,0.0000E+000
967.0000,0.0000E+000
968.0000,0.0000E+000
969.0000,0.0000E+000
970.0000,0.0000E+000
971.0000,0.0000E+000
972.0000,0.0000E+000
973.0000,0.0000E+000
974.0000,0.0000E+000
975.0000,0.0000E+000
976.0000,0.0000E+000
977.0000,0.0000E+000
978.0000,0.0000E+000
979.0000,0.0000E+000
980.0000,0.0000E+000
981.0000,0.0000E+000
982.0000,0.0000E+000
983.0000,0.0000E+000
984.0000,0.0000E+000
985.0000,0.0000E+000
986.0000,0.0000E+000
987.0000,0.0000E+000
988.0000,0.0000E+000
989.0000,0.0000E+000
990.0000,0.0000E+000
991.0000,0.0000E+000
992.0000,0.0000E+000
993.0000,0.0000E+000
994.0000,0.0000E+000
995.0000,0.0000E+000
996.0000,0.0000E+000
997.0000,0.0000E+000
998.0000,0.0000E+000
999.0000,0.0000E+000
1000.0000,0.0000E+000
1001.0000,0.0000E+000
1002.0000,0.0000E+000
1003.0000,0.0000E+000
1004.0000,0.0000E+000
1005.0000,0.0000E+000
1006.0000,0.0000E+000
1007.0000,0.0000E+000
1008.0000,0.0000E+000
1009.0000,0.0000E+000
1010.0000,0.0000E+000
1011.0000,0.0000E+000
1012.0000,0.0000E+000
1013.0000,0.0000E+000
1014.0000,0.0000E+000
1015.0000,0.0000E+000
1016.0000,0.0000E+000
1017.0000,0.0000E+000
1018.0000,0.0000E+000
1019.0000,0.0000E+000
1020.0000,0.0000E+000
1021.0000,0.0000E+000
1022.0000,0.0000E+000
1023.0000,0.0000E+000
1024.0000,0.0000E+000
1025.0000,0.0000E+000
1026.0000,0.0000E+000
1027.0000,0.0000E+000
1028.0000,0.0000E+000
1029.0000,0.0000E+000
1030.0000,0.0000E+000
1031.0000,0.0000E+000
1032.0000,0.0000E+000
1033.0000,0.0000E+000
1034.0000,0.0000E+000
1035.0000,0.0000E+000
1036.0000,0.0000E+000
1037.0000,0.0000E+000
1038.0000,0.0000E+000
1039.0000,0.0000E+000
1040.0000,0.0000E+000
1041.0000,0.0000E+000
1042.0000,0.0000E+000
1043.0000,0.0000E+000
1044.0000,0.0000E+000
1045.0000,0.0000E+000
1046.0000,0.0000E+000
1047.0000,0.0000E+000
1048.0000,0.0000E+000
1049.0000,0.0000E+000
1050.0000,0.0000E+000
1051.0000,0.0000E+000
1052.0000,0.0000E+000
1053.0000,0.0000E+000
1054.0000,0.0000E+000
1055.0000,0.0000E+000
1056.0000,0.0000E+000
1057.0000,0.0000E+000
1058.0000,0.0000E+000
1059.0000,0.0000E+000
1060.0000,0.0000E+000
1061.0000,0.0000E+000
1062.0000,0.0000E+000
1063.0000,0.0000E+000
1064.0000,0.0000E+000
1065.0000,0.0000E+000
1066.0000,0.0000E+000
1067.0000,0.0000E+000
1068.0000,0.0000E+000
1069.0000,0.0000E+000
1070.0000,0.0000E+000
1071.0000,0.0000E+000
1072.0000,0.0000E+000
1073.0000,0.0000E+000
1074.0000,0.0000E+000
1075.0000,0.0000E+000
1076.0000,0.0000E+000
1077.0000,0.0000E+000
1078.0000,0.0000E+000
1079.0000,0.0000E+000
1080.0000,0.0000E+000
1081.0000,0.0000E+000
1082.0000,0.0000E+000
1083.0000,0.0000E+000
1084.0000,0.0000E+000
1085.0000,0.0000E+000
1086.0000,0.0000E+000
1087.0000,0.0000E+000
1088.0000,0.0000E+000
1089.0000,0.0000E+000
1090.0000,0.0000E+000
1091.0000,0.0000E+000
1092.0000,0.0000E+000
1093.0000,0.0000E+000
1094.0000,0.0000E+000
1095.0000,0.0000E+000
1096.0000,0.0000E+000
1097.0000,0.0000E+000
1098.0000,0.0000E+000
1099.0000,0.0000E+000
1100.0000,2.1577E-003
1101.0000,0.0000E+000
1102.0000,2.8448E-004
1103.0000,8.1664E-004
1104.0000,8.1664E-004
1105.0000,8.1664E-004
1106.0000,8.1664E-004
1107.0000,8.1664E-004
1108.0000,8.1664E-004
1109.0000,8.1664E-004
1110.0000,8.1664E-004
1111.0000,8.1664E-004
1112.0000,8.1664E-004
1113.0000,8.1664E-004
1114.0000,8.1664E-004
1115.0000,8.1664E-004
1116.0000,8.1664E-004
1117.0000,8.1664E-004
1118.0000,8.1664E-004
1119.0000,8.1664E-004
1120.0000,8.1664E-004
1121.0000,8.1664E-004
1122.0000,8.1664E-004
1123.0000,8.1664E-004
1124.0000,8.1664E-004
1125.0000,8.1664E-004
1126.0000,8.1664E-004
1127.0000,8.1664E-004
1128.0000,2.8496E-004
1129.0000,2.8496E-004
1130.0000,2.8496E-004
1131.0000,2.8496E-004
1132.0000,2.8496E-004
1133.0000,2.8496E-004
1134.0000,2.8496E-004
1135.0000,2.8496E-004
1136.0000,2.3747E-004
1137.0000,1.5152E-003
1138.0000,1.8880E-004
1139.0000,1.8880E-004
1140.0000,0.0000E+000
1141.0000,0.0000E+000
1142.0000,0.0000E+000
1143.0000,0.0000E+000
1144.0000,4.1360E-005
1145.0000,0.0000E+000
1146.0000,8.3840E-005
1147.0000,0.0000E+000
1148.0000,0.0000E+000
1149.0000,0.0000E+000
1150.0000,0.0000E+000
1151.0000,0.0000E+000
1152.0000,0.0000E+000
1153.0000,0.0000E+000
1154.0000,0.0000E+000
1155.0000,0.0000E+000
1156.0000,2.1832E-004
1157.0000,1.3824E-004
1158.0000,5.2928E-004
1159.0000,5.2928E-004
1160.0000,0.0000E+000
1161.0000,0.0000E+000
1162.0000,0.0000E+000
1163.0000,1.0904E-003
1164.0000,1.0904E-003
1165.0000,1.0904E-003
1166.0000,1.0904E-003
1167.0000,1.0904E-003
1168.0000,1.0904E-003
1169.0000,1.0904E-003
1170.0000,1.0904E-003
