"",21.000
0.0000,0.0000E+000
1.0000,0.0000E+000
2.0000,0.0000E+000
3.0000,0.0000E+000
4.0000,0.0000E+000
5.0000,0.0000E+000
6.0000,0.0000E+000
7.0000,0.0000E+000
8.0000,0.0000E+000
9.0000,0.0000E+000
10.0000,0.0000E+000
11.0000,0.0000E+000
12.0000,0.0000E+000
13.0000,0.0000E+000
14.0000,0.0000E+000
15.0000,0.0000E+000
16.0000,0.0000E+000
17.0000,0.0000E+000
18.0000,0.0000E+000
19.0000,0.0000E+000
20.0000,0.0000E+000
21.0000,0.0000E+000
22.0000,0.0000E+000
23.0000,0.0000E+000
24.0000,0.0000E+000
25.0000,0.0000E+000
26.0000,0.0000E+000
27.0000,0.0000E+000
28.0000,0.0000E+000
29.0000,0.0000E+000
30.0000,0.0000E+000
31.0000,0.0000E+000
32.0000,0.0000E+000
33.0000,0.0000E+000
34.0000,0.0000E+000
35.0000,0.0000E+000
36.0000,0.0000E+000
37.0000,0.0000E+000
38.0000,0.0000E+000
39.0000,0.0000E+000
40.0000,0.0000E+000
41.0000,0.0000E+000
42.0000,0.0000E+000
43.0000,0.0000E+000
44.0000,0.0000E+000
45.0000,0.0000E+000
46.0000,0.0000E+000
47.0000,0.0000E+000
48.0000,0.0000E+000
49.0000,0.0000E+000
50.0000,0.0000E+000
51.0000,0.0000E+000
52.0000,0.0000E+000
53.0000,0.0000E+000
54.0000,0.0000E+000
55.0000,0.0000E+000
56.0000,0.0000E+000
57.0000,0.0000E+000
58.0000,0.0000E+000
59.0000,0.0000E+000
60.0000,0.0000E+000
61.0000,0.0000E+000
62.0000,0.0000E+000
63.0000,0.0000E+000
64.0000,0.0000E+000
65.0000,0.0000E+000
66.0000,0.0000E+000
67.0000,0.0000E+000
68.0000,0.0000E+000
69.0000,1.4317E+001
70.0000,3.2760E+001
71.0000,8.3700E+001
72.0000,6.5687E+001
73.0000,1.5892E+001
74.0000,4.2123E+001
75.0000,3.7117E+001
76.0000,2.9091E+001
77.0000,3.1392E+001
78.0000,7.5980E+001
79.0000,5.2880E+001
80.0000,1.1389E+001
81.0000,1.8946E+001
82.0000,5.6974E-001
83.0000,0.0000E+000
84.0000,1.6395E+001
85.0000,2.2880E+001
86.0000,-7.1911E+000
87.0000,-6.0770E+000
88.0000,-3.0381E+000
89.0000,-1.0968E+001
90.0000,-7.2216E+000
91.0000,1.5483E+000
92.0000,2.4622E+001
93.0000,-8.2148E+001
94.0000,-5.5227E+001
95.0000,-9.4117E+000
96.0000,-1.0917E+001
97.0000,-1.8839E+000
98.0000,2.7899E+000
99.0000,-5.2629E+001
100.0000,-3.6423E+001
101.0000,1.8521E+001
102.0000,-1.1662E+001
103.0000,-6.2506E+000
104.0000,-1.9409E+001
105.0000,1.5553E+001
106.0000,5.6959E+000
107.0000,1.1534E+001
108.0000,1.4773E+001
109.0000,1.7185E+000
110.0000,-1.4958E+001
111.0000,-8.3734E+000
112.0000,-1.1918E+001
113.0000,-2.3694E+000
114.0000,-1.8319E+001
115.0000,-7.8148E+000
116.0000,-7.3688E+000
117.0000,-1.0811E+001
118.0000,1.7618E+000
119.0000,-4.6238E+000
120.0000,-1.3545E+001
121.0000,-1.0352E+001
122.0000,-1.0915E+000
123.0000,3.8163E-001
124.0000,-9.4146E+000
125.0000,-4.5442E+000
126.0000,8.6627E+000
127.0000,1.3581E+001
128.0000,-2.7205E+001
129.0000,-6.4658E+000
130.0000,-4.8216E+000
131.0000,9.1449E-001
132.0000,-6.5187E-002
133.0000,6.1161E+001
134.0000,-8.3145E+000
135.0000,-3.1871E+000
136.0000,2.2852E+001
137.0000,-3.7256E+001
138.0000,-9.7996E+000
139.0000,-1.5571E+001
140.0000,-3.5031E+001
141.0000,-6.9347E+000
142.0000,6.8548E+000
143.0000,-2.3121E+001
144.0000,-1.6307E+001
145.0000,-1.8836E+001
146.0000,-2.4803E+001
147.0000,1.9958E+000
148.0000,-1.4466E+001
149.0000,-1.2130E+001
150.0000,-4.3527E+000
151.0000,3.4964E+000
152.0000,-1.8842E+000
153.0000,-1.0650E+000
154.0000,-1.1004E+001
155.0000,-2.2822E+001
156.0000,-2.0714E+001
157.0000,2.2343E+000
158.0000,-6.5028E+001
159.0000,-5.0644E+001
160.0000,-2.8475E+001
161.0000,-2.1632E+001
162.0000,-2.9242E+001
163.0000,-3.5153E+001
164.0000,-1.3690E+001
165.0000,-1.5898E+001
166.0000,-2.2632E+001
167.0000,-9.4453E+000
168.0000,6.7847E-001
169.0000,-3.4376E+000
170.0000,-2.0227E+000
171.0000,-6.4616E+000
172.0000,-2.4779E+001
173.0000,-2.9228E+001
174.0000,-3.1024E+001
175.0000,-3.3968E+001
176.0000,-3.0755E+001
177.0000,-2.6421E+001
178.0000,-3.1889E+001
179.0000,-2.9490E+001
180.0000,-2.6731E+001
181.0000,-9.1786E+001
182.0000,-5.5818E+001
183.0000,-6.9350E+001
184.0000,-1.7795E+001
185.0000,2.3072E+000
186.0000,-1.0846E+001
187.0000,-3.4389E+001
188.0000,-3.0691E+001
189.0000,-1.6755E+001
190.0000,-1.3420E+001
191.0000,3.5206E-001
192.0000,-1.0342E+001
193.0000,7.8325E+000
194.0000,5.4814E+000
195.0000,-5.2070E+000
196.0000,-1.2542E+001
197.0000,-1.9948E+001
198.0000,-4.3030E+001
199.0000,-2.9139E+001
200.0000,-2.0734E+001
201.0000,-1.8491E+001
202.0000,-3.6209E+001
203.0000,-1.6503E+001
204.0000,-1.8887E+001
205.0000,-1.5679E+001
206.0000,-2.5325E+001
207.0000,-3.1289E+001
208.0000,-1.1753E+001
209.0000,-3.0671E+001
210.0000,-1.7320E+001
211.0000,-1.3475E+001
212.0000,-1.6043E+001
213.0000,-3.3224E+001
214.0000,-2.0548E+001
215.0000,-1.1682E+001
216.0000,-1.3850E+001
217.0000,-1.1881E+001
218.0000,-1.9702E+001
219.0000,-2.5739E+001
220.0000,-2.9081E+001
221.0000,-5.1181E+000
222.0000,-1.9162E+001
223.0000,-1.2597E+001
224.0000,-1.1076E+001
225.0000,-7.2593E+000
226.0000,-2.4987E+001
227.0000,-3.1584E+001
228.0000,-1.1215E+001
229.0000,-1.3224E+001
230.0000,-1.2525E+001
231.0000,-4.0317E+001
232.0000,-2.9029E+001
233.0000,-3.0924E+001
234.0000,-3.7453E+001
235.0000,-2.9712E+000
236.0000,-4.3248E+001
237.0000,-2.1952E+001
238.0000,-1.5729E+001
239.0000,-1.8537E+001
240.0000,-7.2907E+000
241.0000,-2.3146E+001
242.0000,-8.8566E+000
243.0000,-4.2847E+001
244.0000,-3.8986E+001
245.0000,-3.7703E+001
246.0000,-2.6961E+001
247.0000,-2.2911E+001
248.0000,-2.0695E+001
249.0000,-1.6580E+001
250.0000,-1.1163E+002
251.0000,-5.8532E+001
252.0000,-6.0692E+001
253.0000,-5.8556E+001
254.0000,-4.3124E+001
255.0000,-1.8593E+001
256.0000,-4.2104E+001
257.0000,-6.4531E+001
258.0000,-5.2407E+001
259.0000,-3.2686E+001
260.0000,-4.8782E+001
261.0000,-3.7541E+001
262.0000,-3.8998E+001
263.0000,-4.3866E+001
264.0000,-9.0499E+001
265.0000,-7.3480E+001
266.0000,-7.2820E+001
267.0000,-4.4901E+001
268.0000,-3.3090E+001
269.0000,-2.9215E+001
270.0000,-2.1628E+001
271.0000,-2.7372E+001
272.0000,7.9888E+000
273.0000,2.6216E+001
274.0000,-1.8647E+001
275.0000,-3.1065E+001
276.0000,-1.4416E+001
277.0000,-6.3368E+001
278.0000,-3.2319E+001
279.0000,-5.3282E+001
280.0000,-3.4034E+001
281.0000,-3.1781E+001
282.0000,-1.3851E+001
283.0000,-2.2810E+001
284.0000,-1.1475E+001
285.0000,-6.4939E+000
286.0000,-3.5801E+001
287.0000,-1.0561E+002
288.0000,-8.5946E+001
289.0000,-6.5522E+001
290.0000,-8.5523E+000
291.0000,-3.3271E+001
292.0000,-3.0927E+001
293.0000,-8.9085E+001
294.0000,-7.9758E+001
295.0000,-4.8730E+001
296.0000,-5.9321E+001
297.0000,-6.3295E+001
298.0000,-4.2949E+001
299.0000,-1.0460E+001
300.0000,-2.7228E+001
301.0000,-3.5226E+001
302.0000,-2.8414E+001
303.0000,-4.5168E+001
304.0000,-5.0227E+001
305.0000,-3.7431E+000
306.0000,-1.4721E+002
307.0000,-9.7383E+001
308.0000,-1.0320E+002
309.0000,-8.7957E+001
310.0000,-3.7043E+001
311.0000,-1.1764E+002
312.0000,-5.2701E+001
313.0000,-4.7963E+001
314.0000,-1.0496E+002
315.0000,-1.0158E+002
316.0000,-4.5305E+001
317.0000,-5.7135E+001
318.0000,-6.7639E+001
319.0000,-3.1020E+001
320.0000,-3.2262E+001
321.0000,-1.9216E+001
322.0000,-3.1696E+001
323.0000,-2.2455E+001
324.0000,-4.3950E+001
325.0000,-6.3869E+001
326.0000,-6.8289E+001
327.0000,-7.4364E+001
328.0000,-4.3628E+001
329.0000,-2.2990E+001
330.0000,-1.0619E+001
331.0000,-7.3899E+001
332.0000,-5.0955E+001
333.0000,-4.1784E+001
334.0000,-1.2797E+000
335.0000,-3.2160E+001
336.0000,2.8283E+000
337.0000,-2.7156E+001
338.0000,-3.0544E+000
339.0000,-5.9120E+001
340.0000,0.0000E+000
341.0000,0.0000E+000
342.0000,0.0000E+000
343.0000,0.0000E+000
344.0000,0.0000E+000
345.0000,0.0000E+000
346.0000,0.0000E+000
347.0000,0.0000E+000
348.0000,0.0000E+000
349.0000,0.0000E+000
350.0000,0.0000E+000
351.0000,0.0000E+000
352.0000,0.0000E+000
353.0000,0.0000E+000
354.0000,0.0000E+000
355.0000,0.0000E+000
356.0000,0.0000E+000
357.0000,0.0000E+000
358.0000,0.0000E+000
359.0000,0.0000E+000
360.0000,0.0000E+000
361.0000,0.0000E+000
362.0000,0.0000E+000
363.0000,0.0000E+000
364.0000,0.0000E+000
365.0000,0.0000E+000
366.0000,0.0000E+000
367.0000,0.0000E+000
368.0000,0.0000E+000
369.0000,0.0000E+000
370.0000,0.0000E+000
371.0000,0.0000E+000
372.0000,0.0000E+000
373.0000,0.0000E+000
374.0000,0.0000E+000
375.0000,0.0000E+000
376.0000,0.0000E+000
377.0000,0.0000E+000
378.0000,0.0000E+000
379.0000,0.0000E+000
380.0000,0.0000E+000
381.0000,0.0000E+000
382.0000,4.5774E+001
383.0000,0.0000E+000
384.0000,0.0000E+000
385.0000,0.0000E+000
386.0000,0.0000E+000
387.0000,0.0000E+000
388.0000,0.0000E+000
389.0000,0.0000E+000
390.0000,0.0000E+000
391.0000,0.0000E+000
392.0000,0.0000E+000
393.0000,0.0000E+000
394.0000,0.0000E+000
395.0000,0.0000E+000
396.0000,0.0000E+000
397.0000,0.0000E+000
398.0000,0.0000E+000
399.0000,0.0000E+000
400.0000,0.0000E+000
401.0000,0.0000E+000
402.0000,0.0000E+000
403.0000,0.0000E+000
404.0000,0.0000E+000
405.0000,3.4083E+000
406.0000,0.0000E+000
407.0000,0.0000E+000
408.0000,0.0000E+000
409.0000,0.0000E+000
410.0000,0.0000E+000
411.0000,0.0000E+000
412.0000,0.0000E+000
413.0000,0.0000E+000
414.0000,0.0000E+000
415.0000,0.0000E+000
416.0000,0.0000E+000
417.0000,0.0000E+000
418.0000,2.0334E+000
419.0000,4.0745E+000
420.0000,1.0398E+001
421.0000,1.3792E+000
422.0000,0.0000E+000
423.0000,0.0000E+000
424.0000,0.0000E+000
425.0000,0.0000E+000
426.0000,0.0000E+000
427.0000,0.0000E+000
428.0000,0.0000E+000
429.0000,0.0000E+000
430.0000,0.0000E+000
431.0000,0.0000E+000
432.0000,0.0000E+000
433.0000,0.0000E+000
434.0000,0.0000E+000
435.0000,0.0000E+000
436.0000,1.1260E+001
437.0000,1.1378E+001
438.0000,4.1668E+001
439.0000,7.9655E+000
440.0000,0.0000E+000
441.0000,0.0000E+000
442.0000,2.2402E+000
443.0000,0.0000E+000
444.0000,0.0000E+000
445.0000,0.0000E+000
446.0000,0.0000E+000
447.0000,0.0000E+000
448.0000,8.3263E+000
449.0000,1.6312E+002
450.0000,0.0000E+000
451.0000,0.0000E+000
452.0000,0.0000E+000
453.0000,0.0000E+000
454.0000,0.0000E+000
455.0000,3.4960E+001
456.0000,0.0000E+000
457.0000,0.0000E+000
458.0000,2.0034E+001
459.0000,2.2360E+001
460.0000,0.0000E+000
461.0000,0.0000E+000
462.0000,0.0000E+000
463.0000,0.0000E+000
464.0000,0.0000E+000
465.0000,0.0000E+000
466.0000,4.6635E+001
467.0000,6.4588E+001
468.0000,3.2741E+001
469.0000,-1.0208E+001
470.0000,-1.0983E+001
471.0000,-1.9002E+001
472.0000,-1.3447E+000
473.0000,2.7242E+001
474.0000,6.4046E+001
475.0000,3.0662E+001
476.0000,-1.1501E+000
477.0000,1.3207E+001
478.0000,-1.0736E+001
479.0000,-1.0280E+001
480.0000,2.4797E+001
481.0000,2.3618E+001
482.0000,-2.3667E+001
483.0000,-1.3400E+001
484.0000,-2.4908E+001
485.0000,-5.4299E+001
486.0000,-1.3264E+001
487.0000,-1.7750E+001
488.0000,6.3577E+000
489.0000,1.7272E+000
490.0000,-1.9116E+001
491.0000,-1.9801E+001
492.0000,-7.7721E+000
493.0000,-3.3427E+000
494.0000,5.6772E-001
495.0000,7.5880E-001
496.0000,-1.2566E+001
497.0000,-1.4476E+001
498.0000,-1.5492E+001
499.0000,-3.2405E+001
500.0000,-1.8283E+001
501.0000,-2.8841E+000
502.0000,1.3412E+001
503.0000,9.5878E+001
504.0000,4.4236E+001
505.0000,2.6732E+001
506.0000,-2.2455E+001
507.0000,-3.2196E+000
508.0000,4.7893E+000
509.0000,-5.1866E+001
510.0000,-3.7313E+001
511.0000,-4.0189E+001
512.0000,-3.2152E+001
513.0000,-4.0205E+001
514.0000,-3.2230E+001
515.0000,-4.1414E+001
516.0000,-3.6779E+001
517.0000,-1.5888E+001
518.0000,4.5281E+000
519.0000,1.7414E+000
520.0000,-1.8778E+001
521.0000,-2.1390E+001
522.0000,-1.7247E+001
523.0000,-8.0205E+000
524.0000,-2.8304E+001
525.0000,-1.6602E+001
526.0000,-3.0456E+000
527.0000,-1.3459E+000
528.0000,-1.6970E+000
529.0000,-3.7188E+000
530.0000,-9.3790E+000
531.0000,-8.4105E+000
532.0000,-2.0954E+001
533.0000,-1.8429E+001
534.0000,-1.6625E+001
535.0000,-3.3958E+001
536.0000,-1.3225E+001
537.0000,-9.0350E+000
538.0000,-8.5441E+000
539.0000,-3.2976E+001
540.0000,-1.3283E+001
541.0000,-3.3797E+001
542.0000,-3.3691E+001
543.0000,-2.8069E+001
544.0000,-2.1402E+001
545.0000,-9.0538E+000
546.0000,1.1600E+001
547.0000,-3.2618E+001
548.0000,-1.8756E+001
549.0000,-2.8261E+001
550.0000,-5.6415E+001
551.0000,-3.3263E+001
552.0000,-4.3112E+001
553.0000,-2.5035E+001
554.0000,-2.7603E+001
555.0000,-5.6158E+001
556.0000,-5.4650E+001
557.0000,-4.8392E+001
558.0000,-2.5985E+001
559.0000,-1.2190E+001
560.0000,-1.3047E+001
561.0000,-1.7124E+001
562.0000,-2.5680E+001
563.0000,-1.3186E+001
564.0000,-4.2147E+000
565.0000,7.8865E+000
566.0000,-6.4502E+001
567.0000,-4.7414E+001
568.0000,-5.5106E+001
569.0000,-3.5453E+001
570.0000,-3.4173E+001
571.0000,-4.4951E+001
572.0000,-2.9005E+001
573.0000,-2.9579E+001
574.0000,-2.8757E+001
575.0000,-2.0089E+001
576.0000,-3.1689E+001
577.0000,-3.7295E+001
578.0000,-2.7101E+001
579.0000,-1.6499E+001
580.0000,-3.5017E+001
581.0000,-3.4612E+001
582.0000,-1.8375E+001
583.0000,6.9903E+000
584.0000,4.6387E+000
585.0000,-2.7082E+001
586.0000,-4.3622E+001
587.0000,-3.0143E+001
588.0000,-5.2289E+001
589.0000,-2.9015E+001
590.0000,-2.9147E+001
591.0000,-2.7890E+001
592.0000,-4.6758E+001
593.0000,-3.7382E+001
594.0000,-2.6328E+001
595.0000,-3.2532E+001
596.0000,-2.4014E+001
597.0000,-6.5165E+000
598.0000,-1.3768E+001
599.0000,-4.7916E+000
600.0000,-2.1725E+001
601.0000,-3.0445E+001
602.0000,-5.1024E+001
603.0000,-3.5752E+001
604.0000,-3.4888E+001
605.0000,-5.0784E+001
606.0000,-3.2415E+001
607.0000,-2.2804E+001
608.0000,-3.6647E+001
609.0000,-3.2122E+001
610.0000,-3.5495E+001
611.0000,-3.4094E+001
612.0000,-2.8905E+001
613.0000,-1.6336E+001
614.0000,-3.5492E+001
615.0000,-2.7452E+001
616.0000,-8.9519E+000
617.0000,-2.8397E+001
618.0000,-2.1623E+001
619.0000,-4.2244E+001
620.0000,-7.6277E+001
621.0000,-8.4416E+001
622.0000,-7.2967E+001
623.0000,-3.5468E+001
624.0000,-2.4168E+001
625.0000,-4.3008E+001
626.0000,-5.1400E+001
627.0000,-3.3267E+001
628.0000,-4.9440E+001
629.0000,-2.5982E+001
630.0000,-3.7453E+001
631.0000,-3.1576E+001
632.0000,-3.0854E+001
633.0000,-3.8966E+001
634.0000,-6.0832E+001
635.0000,-7.5307E+000
636.0000,-6.8025E+001
637.0000,-4.0221E+001
638.0000,-3.8745E+001
639.0000,-2.4750E+001
640.0000,-2.4974E+001
641.0000,-7.4702E+001
642.0000,-7.4485E+001
643.0000,-5.4218E+001
644.0000,-3.5066E+001
645.0000,1.1514E+000
646.0000,-4.9757E+001
647.0000,-2.3276E+001
648.0000,-5.9434E+001
649.0000,-4.7101E+001
650.0000,-4.2539E+001
651.0000,-2.0047E+000
652.0000,-9.8885E+000
653.0000,-4.6921E+001
654.0000,-3.5475E+000
655.0000,2.1677E+001
656.0000,-6.3223E+001
657.0000,-6.7790E+001
658.0000,-6.5608E+001
659.0000,-4.1647E+001
660.0000,-1.2579E+001
661.0000,-2.6986E+000
662.0000,-5.1594E+001
663.0000,-2.9285E+001
664.0000,-4.4177E+000
665.0000,2.7037E+001
666.0000,-3.7805E+001
667.0000,-4.6495E+001
668.0000,-5.2211E+000
669.0000,-1.1902E+002
670.0000,-9.5335E+001
671.0000,-9.6274E+001
672.0000,-6.5323E+001
673.0000,-6.3420E+001
674.0000,-1.1219E+001
675.0000,-6.9303E+000
676.0000,6.0922E-001
677.0000,-4.5193E+001
678.0000,-4.6697E+001
679.0000,-8.9009E+001
680.0000,-9.0992E+001
681.0000,-9.4071E+001
682.0000,-5.9684E+001
683.0000,-8.9779E+001
684.0000,-9.0350E+001
685.0000,-6.7910E+001
686.0000,1.0188E+001
687.0000,-4.8022E+001
688.0000,-3.3646E+001
689.0000,-3.5915E+001
690.0000,-2.8523E+001
691.0000,-4.8629E+001
692.0000,-3.0364E+001
693.0000,-4.5363E+001
694.0000,-4.9194E+001
695.0000,-1.3122E+002
696.0000,-9.5544E+001
697.0000,-4.0843E+001
698.0000,-2.4286E+001
699.0000,-2.8256E+000
700.0000,-1.3327E+001
701.0000,-4.0797E+001
702.0000,-3.5211E+001
703.0000,-3.6277E+001
704.0000,-3.4439E+001
705.0000,-1.4406E+001
706.0000,-3.5635E+001
707.0000,-4.6746E+001
708.0000,0.0000E+000
709.0000,0.0000E+000
710.0000,0.0000E+000
711.0000,0.0000E+000
712.0000,0.0000E+000
713.0000,0.0000E+000
714.0000,2.1674E+001
715.0000,0.0000E+000
716.0000,0.0000E+000
717.0000,0.0000E+000
718.0000,0.0000E+000
719.0000,0.0000E+000
720.0000,0.0000E+000
721.0000,0.0000E+000
722.0000,0.0000E+000
723.0000,0.0000E+000
724.0000,0.0000E+000
725.0000,0.0000E+000
726.0000,0.0000E+000
727.0000,0.0000E+000
728.0000,0.0000E+000
729.0000,0.0000E+000
730.0000,0.0000E+000
731.0000,0.0000E+000
732.0000,0.0000E+000
733.0000,5.5827E+000
734.0000,0.0000E+000
735.0000,7.7995E+000
736.0000,0.0000E+000
737.0000,0.0000E+000
738.0000,0.0000E+000
739.0000,0.0000E+000
740.0000,0.0000E+000
741.0000,0.0000E+000
742.0000,0.0000E+000
743.0000,0.0000E+000
744.0000,0.0000E+000
745.0000,0.0000E+000
746.0000,0.0000E+000
747.0000,0.0000E+000
748.0000,0.0000E+000
749.0000,0.0000E+000
750.0000,0.0000E+000
751.0000,0.0000E+000
752.0000,3.4626E+001
753.0000,0.0000E+000
754.0000,0.0000E+000
755.0000,0.0000E+000
756.0000,0.0000E+000
757.0000,0.0000E+000
758.0000,0.0000E+000
759.0000,0.0000E+000
760.0000,0.0000E+000
761.0000,0.0000E+000
762.0000,0.0000E+000
763.0000,0.0000E+000
764.0000,0.0000E+000
765.0000,0.0000E+000
766.0000,0.0000E+000
767.0000,0.0000E+000
768.0000,0.0000E+000
769.0000,0.0000E+000
770.0000,0.0000E+000
771.0000,0.0000E+000
772.0000,0.0000E+000
773.0000,0.0000E+000
774.0000,0.0000E+000
775.0000,0.0000E+000
776.0000,0.0000E+000
777.0000,0.0000E+000
778.0000,0.0000E+000
779.0000,0.0000E+000
780.0000,3.6733E+000
781.0000,0.0000E+000
782.0000,4.3179E+000
783.0000,0.0000E+000
784.0000,0.0000E+000
785.0000,0.0000E+000
786.0000,0.0000E+000
787.0000,0.0000E+000
788.0000,0.0000E+000
789.0000,0.0000E+000
790.0000,6.7403E+000
791.0000,0.0000E+000
792.0000,0.0000E+000
793.0000,0.0000E+000
794.0000,0.0000E+000
795.0000,0.0000E+000
796.0000,0.0000E+000
797.0000,0.0000E+000
798.0000,0.0000E+000
799.0000,0.0000E+000
800.0000,8.7610E+000
801.0000,0.0000E+000
802.0000,0.0000E+000
803.0000,0.0000E+000
804.0000,0.0000E+000
805.0000,0.0000E+000
806.0000,0.0000E+000
807.0000,0.0000E+000
808.0000,0.0000E+000
809.0000,1.7543E+000
810.0000,2.0009E+001
811.0000,4.8811E+001
812.0000,8.1947E+000
813.0000,0.0000E+000
814.0000,1.3687E+001
815.0000,1.5945E+000
816.0000,4.7820E+001
817.0000,1.4636E+002
818.0000,4.3820E+001
819.0000,1.2875E+001
820.0000,1.6106E+001
821.0000,9.1265E+000
822.0000,4.6324E+001
823.0000,8.2702E+001
824.0000,3.8254E+001
825.0000,5.5066E+001
826.0000,1.2084E+002
827.0000,-1.0869E+002
828.0000,-5.9470E+001
829.0000,-5.2618E+001
830.0000,-1.9313E+001
831.0000,-9.5287E+000
832.0000,-3.6243E+001
833.0000,-2.5477E+001
834.0000,-2.3779E+001
835.0000,-2.3616E+001
836.0000,1.9318E+001
837.0000,-2.9007E+001
838.0000,-2.6400E+000
839.0000,4.1170E+000
840.0000,-1.3089E-002
841.0000,8.0588E+000
842.0000,2.7201E+000
843.0000,-3.2484E+000
844.0000,3.4111E-001
845.0000,1.7096E+000
846.0000,-2.5737E-001
847.0000,7.8499E+000
848.0000,-5.0258E+000
849.0000,3.4965E+000
850.0000,2.1692E+001
851.0000,-6.3390E+001
852.0000,6.5061E-001
853.0000,-1.1958E+001
854.0000,-2.9851E+001
855.0000,-1.0934E+001
856.0000,-8.6959E+000
857.0000,1.0145E+000
858.0000,-5.9384E+000
859.0000,-1.7004E+001
860.0000,-3.4088E+001
861.0000,-1.2050E+001
862.0000,-2.4572E+001
863.0000,-4.8784E+001
864.0000,-1.6518E+001
865.0000,-4.4291E+001
866.0000,-3.0806E+001
867.0000,-7.2364E+000
868.0000,-1.8148E+001
869.0000,1.7841E+001
870.0000,-1.0844E+001
871.0000,-2.7216E+001
872.0000,-1.5607E+001
873.0000,-1.5253E+001
874.0000,-1.3113E+000
875.0000,-7.0941E+000
876.0000,-5.0882E+001
877.0000,-5.4466E+001
878.0000,-2.9593E+001
879.0000,-3.1597E+001
880.0000,-9.9824E+000
881.0000,-2.5931E-001
882.0000,-8.1591E+000
883.0000,-1.9753E+001
884.0000,-2.1639E+000
885.0000,-9.6490E+000
886.0000,-1.0931E+001
887.0000,-1.1310E+001
888.0000,-1.4631E+001
889.0000,-2.1359E+001
890.0000,-2.0523E+001
891.0000,-8.9049E+000
892.0000,-4.1501E+000
893.0000,-6.2412E+000
894.0000,-8.5648E+000
895.0000,-3.9568E+001
896.0000,-6.3957E+001
897.0000,1.1955E+001
898.0000,-1.3741E+001
899.0000,-3.6517E+001
900.0000,-1.8287E+001
901.0000,-1.2455E+000
902.0000,7.9959E+000
903.0000,-1.2290E+001
904.0000,-7.6166E+000
905.0000,-2.6545E+000
906.0000,-8.7474E+000
907.0000,-3.6124E+001
908.0000,-2.4288E+001
909.0000,-3.3956E+001
910.0000,-1.1718E+001
911.0000,-1.2805E+001
912.0000,-1.0376E+001
913.0000,-3.2799E+001
914.0000,-6.9438E+001
915.0000,-5.3065E+001
916.0000,-4.6619E+001
917.0000,-3.4685E+001
918.0000,-4.9069E+001
919.0000,-4.5125E+001
920.0000,-4.4072E+001
921.0000,-5.2234E+001
922.0000,-4.9229E+001
923.0000,-2.5266E+001
924.0000,-5.9104E-001
925.0000,2.0924E+000
926.0000,-2.8050E+001
927.0000,-2.1639E+001
928.0000,-1.0581E+001
929.0000,-1.0489E+000
930.0000,-2.8348E+001
931.0000,-3.8727E+001
932.0000,-3.0738E+000
933.0000,-4.9700E+001
934.0000,-4.6596E+001
935.0000,-4.1210E+001
936.0000,-3.0936E+001
937.0000,5.1397E-001
938.0000,3.8177E-001
939.0000,-2.1597E+001
940.0000,-6.0179E+001
941.0000,-5.8777E+001
942.0000,-4.1438E+001
943.0000,-5.3212E+001
944.0000,-2.3919E+001
945.0000,-8.4088E+000
946.0000,-1.6691E+001
947.0000,-4.1794E+001
948.0000,-5.1869E+001
949.0000,-3.8248E+001
950.0000,-4.1417E+001
951.0000,-5.0972E+001
952.0000,-1.4400E+001
953.0000,-3.9129E+001
954.0000,-3.6274E+001
955.0000,-2.8728E+001
956.0000,-3.5811E+001
957.0000,-2.0596E+001
958.0000,-4.7108E+000
959.0000,-7.7930E+000
960.0000,-5.0352E+001
961.0000,-2.8233E+001
962.0000,-2.4400E+001
963.0000,-4.5756E+001
964.0000,-3.3773E+001
965.0000,-2.4797E+001
966.0000,-2.4681E+001
967.0000,-3.1700E+001
968.0000,-2.6344E+001
969.0000,-5.4065E+000
970.0000,-1.1398E+001
971.0000,-4.1474E+001
972.0000,-3.7434E+001
973.0000,-8.7814E+000
974.0000,-2.0943E+001
975.0000,-2.8935E+000
976.0000,-5.8565E+001
977.0000,-5.1207E+001
978.0000,-5.1039E+001
979.0000,-2.7660E+001
980.0000,-1.7159E+001
981.0000,-2.1575E+001
982.0000,-2.4166E+001
983.0000,-3.0199E+001
984.0000,-2.7286E+001
985.0000,-1.5618E+001
986.0000,-2.9368E+001
987.0000,-1.3199E+001
988.0000,-1.8785E+001
989.0000,-1.1261E+001
990.0000,1.6059E+001
991.0000,-3.7353E+001
992.0000,-6.7059E+000
993.0000,-3.1554E+001
994.0000,-4.6143E+001
995.0000,-3.8831E+001
996.0000,-2.6837E+001
997.0000,-6.5715E+001
998.0000,-6.6028E+001
999.0000,-2.3653E+001
1000.0000,-5.0883E+001
1001.0000,-3.1392E+001
1002.0000,-4.9761E+001
1003.0000,-5.5745E+001
1004.0000,-4.6950E+001
1005.0000,-6.0628E+001
1006.0000,-9.1386E+000
1007.0000,2.3138E+001
1008.0000,-3.4697E+001
1009.0000,3.3803E-001
1010.0000,-3.9224E-001
1011.0000,-2.5621E+000
1012.0000,2.4457E+001
1013.0000,-5.8458E+001
1014.0000,-2.8999E+001
1015.0000,8.0641E+000
1016.0000,-1.6963E+001
1017.0000,-1.0898E+002
1018.0000,-4.4880E+001
1019.0000,-3.0657E+001
1020.0000,-3.0133E+001
1021.0000,-3.2648E+001
1022.0000,-6.1388E+001
1023.0000,-7.0647E+001
1024.0000,-4.4981E+001
1025.0000,-8.4860E+001
1026.0000,-5.7912E+001
1027.0000,-3.7086E+001
1028.0000,-8.0098E+001
1029.0000,-8.8933E+001
1030.0000,-1.3292E+002
1031.0000,-1.1867E+002
1032.0000,-6.8052E+001
1033.0000,-3.3694E+001
1034.0000,5.7805E+000
1035.0000,1.0179E+001
1036.0000,-4.2620E+001
1037.0000,-5.2629E+001
1038.0000,-5.3650E+001
1039.0000,-2.3976E+001
1040.0000,-3.6989E+001
1041.0000,-2.6788E+001
1042.0000,-1.6936E+001
1043.0000,-1.4411E+001
1044.0000,-3.9567E+001
1045.0000,-4.2824E+001
1046.0000,-8.5037E+001
1047.0000,-5.5607E+001
1048.0000,-5.7198E+001
1049.0000,-4.4209E+001
1050.0000,-7.8414E+001
1051.0000,-1.0404E+002
1052.0000,-7.0685E+001
1053.0000,-6.4725E+001
1054.0000,-5.2675E+001
1055.0000,-5.4308E+001
1056.0000,-4.6852E+001
1057.0000,-6.8457E+001
1058.0000,-6.3354E+001
1059.0000,-3.4012E+001
1060.0000,-9.1893E+000
1061.0000,-2.5017E+001
1062.0000,4.3853E+000
1063.0000,-1.4894E+000
1064.0000,4.5862E-001
1065.0000,-3.1898E+001
1066.0000,-2.7307E+001
1067.0000,-1.2230E+001
1068.0000,-2.5916E+001
1069.0000,-4.9565E+001
1070.0000,-5.2200E+001
1071.0000,-4.0337E+001
1072.0000,-2.4746E+001
1073.0000,-1.5587E+001
1074.0000,-1.6980E+001
1075.0000,-1.7115E+001
1076.0000,-1.5030E+001
1077.0000,-4.7684E+001
1078.0000,-2.5821E+001
1079.0000,-3.1412E+001
1080.0000,-1.5349E+001
1081.0000,-1.4834E+001
1082.0000,-2.0113E+001
1083.0000,3.1253E-001
1084.0000,-2.3411E+000
1085.0000,-1.2101E+001
1086.0000,0.0000E+000
1087.0000,0.0000E+000
1088.0000,0.0000E+000
1089.0000,0.0000E+000
1090.0000,0.0000E+000
1091.0000,0.0000E+000
1092.0000,0.0000E+000
1093.0000,0.0000E+000
1094.0000,0.0000E+000
1095.0000,0.0000E+000
1096.0000,0.0000E+000
1097.0000,0.0000E+000
1098.0000,4.4307E+001
1099.0000,0.0000E+000
1100.0000,3.5483E+000
1101.0000,2.8121E+000
1102.0000,4.2068E+000
1103.0000,0.0000E+000
1104.0000,0.0000E+000
1105.0000,0.0000E+000
1106.0000,0.0000E+000
1107.0000,0.0000E+000
1108.0000,0.0000E+000
1109.0000,0.0000E+000
1110.0000,0.0000E+000
1111.0000,0.0000E+000
1112.0000,0.0000E+000
1113.0000,0.0000E+000
1114.0000,0.0000E+000
1115.0000,0.0000E+000
1116.0000,0.0000E+000
1117.0000,0.0000E+000
1118.0000,0.0000E+000
1119.0000,0.0000E+000
1120.0000,0.0000E+000
1121.0000,0.0000E+000
1122.0000,0.0000E+000
1123.0000,0.0000E+000
1124.0000,0.0000E+000
1125.0000,0.0000E+000
1126.0000,0.0000E+000
1127.0000,0.0000E+000
1128.0000,1.8310E-001
1129.0000,0.0000E+000
1130.0000,0.0000E+000
1131.0000,0.0000E+000
1132.0000,0.0000E+000
1133.0000,0.0000E+000
1134.0000,0.0000E+000
1135.0000,0.0000E+000
1136.0000,0.0000E+000
1137.0000,1.0637E+000
1138.0000,1.8315E+000
1139.0000,0.0000E+000
1140.0000,0.0000E+000
1141.0000,0.0000E+000
1142.0000,1.0989E+001
1143.0000,2.5998E+001
1144.0000,8.7149E+000
1145.0000,2.5877E+000
1146.0000,2.2638E+000
1147.0000,2.2376E+000
1148.0000,2.4899E+000
1149.0000,4.9483E+000
1150.0000,1.8370E+001
1151.0000,1.4986E+001
1152.0000,1.0937E+002
1153.0000,1.2499E+002
1154.0000,2.3685E+001
1155.0000,1.1235E+001
1156.0000,0.0000E+000
1157.0000,4.2170E+000
1158.0000,0.0000E+000
1159.0000,0.0000E+000
1160.0000,0.0000E+000
1161.0000,0.0000E+000
1162.0000,0.0000E+000
1163.0000,0.0000E+000
1164.0000,0.0000E+000
1165.0000,0.0000E+000
1166.0000,0.0000E+000
1167.0000,0.0000E+000
1168.0000,0.0000E+000
1169.0000,0.0000E+000
1170.0000,0.0000E+000
1171.0000,0.0000E+000
1172.0000,0.0000E+000
1173.0000,0.0000E+000
1174.0000,0.0000E+000
1175.0000,0.0000E+000
1176.0000,0.0000E+000
1177.0000,0.0000E+000
1178.0000,0.0000E+000
1179.0000,1.7291E+001
1180.0000,1.3408E+002
1181.0000,1.1526E+002
1182.0000,1.0033E+002
1183.0000,1.5783E+001
1184.0000,1.4983E+002
1185.0000,3.9579E+001
1186.0000,1.8870E+001
1187.0000,-3.8659E+000
1188.0000,-5.4516E-001
1189.0000,-6.8508E+000
1190.0000,-4.4556E+000
1191.0000,-7.5829E+000
1192.0000,6.7363E+000
1193.0000,3.5041E+000
1194.0000,-1.1429E+001
1195.0000,-1.3939E+001
1196.0000,-3.5228E+000
1197.0000,1.1870E+001
1198.0000,4.9790E+001
1199.0000,1.0440E+001
1200.0000,1.8796E+000
1201.0000,-3.4358E+001
1202.0000,-4.3171E+001
1203.0000,-2.4224E+001
1204.0000,-3.8559E+000
1205.0000,1.4572E+000
1206.0000,-2.9589E+000
1207.0000,-1.3276E+000
1208.0000,1.4566E+000
1209.0000,2.9819E+000
1210.0000,-1.3165E+001
1211.0000,1.3311E+000
1212.0000,-4.5332E+001
1213.0000,-4.6366E+001
1214.0000,-1.2984E+001
1215.0000,-7.7654E+000
1216.0000,2.4075E+000
1217.0000,2.7396E+000
1218.0000,-6.7455E+000
1219.0000,-4.4903E+000
1220.0000,1.6019E+000
1221.0000,7.5696E-001
1222.0000,-2.1505E-001
1223.0000,3.7276E+000
1224.0000,-7.7872E+000
1225.0000,-3.5375E+001
1226.0000,-1.0050E+001
1227.0000,-2.8188E+001
1228.0000,8.7781E+000
1229.0000,-5.9151E+000
1230.0000,1.6277E+001
1231.0000,5.8837E+001
1232.0000,-1.0860E+001
1233.0000,7.8822E+000
1234.0000,1.0469E+001
1235.0000,-4.6764E+000
1236.0000,-2.9814E+001
1237.0000,-5.2536E+001
1238.0000,-4.0017E+001
1239.0000,-4.1668E+001
1240.0000,-2.7726E+001
1241.0000,-1.2104E+001
1242.0000,-3.0906E+001
1243.0000,-6.9441E+000
1244.0000,1.8055E+001
1245.0000,-2.7382E+001
1246.0000,4.8200E+000
1247.0000,-5.4190E+001
1248.0000,-3.8033E+001
1249.0000,-3.8551E+001
1250.0000,-7.3401E+001
1251.0000,-3.8759E+001
1252.0000,-4.5788E+001
1253.0000,-4.4076E+001
1254.0000,-2.4116E+001
1255.0000,-6.0908E+001
1256.0000,-1.4563E+001
1257.0000,-2.9032E+001
1258.0000,-1.1137E+001
1259.0000,-7.5736E+000
1260.0000,-8.0062E+000
1261.0000,-1.9523E+001
1262.0000,-1.4688E-001
1263.0000,-8.0730E+000
1264.0000,-1.5413E+001
1265.0000,-7.0659E-001
1266.0000,-1.9477E+001
1267.0000,-1.0033E+000
1268.0000,-2.8804E+001
1269.0000,-1.5760E+001
1270.0000,-2.8582E+001
1271.0000,-4.8635E+000
1272.0000,-7.4147E-001
1273.0000,-1.1584E+001
1274.0000,-1.5524E+001
1275.0000,-2.7441E+001
1276.0000,-3.3857E+001
1277.0000,-2.7333E+001
1278.0000,-3.5995E+001
1279.0000,-3.7909E+001
1280.0000,-1.5855E+001
1281.0000,-5.8004E+001
1282.0000,-3.5335E+001
1283.0000,-1.1592E+001
1284.0000,-1.4211E+001
1285.0000,-1.6529E+001
1286.0000,-2.3834E+001
1287.0000,-5.7001E+001
1288.0000,-4.5900E+001
1289.0000,-5.4839E+001
1290.0000,-2.6868E+001
1291.0000,-2.8751E+001
1292.0000,-2.1192E+001
1293.0000,-4.4346E+001
1294.0000,-3.2031E+001
1295.0000,-2.9353E+001
1296.0000,-2.2398E+001
1297.0000,-9.3996E+000
1298.0000,-2.1679E+001
1299.0000,-4.5502E+001
1300.0000,-5.7793E+001
1301.0000,-2.5734E+001
1302.0000,-3.1307E+001
1303.0000,-5.2207E+001
1304.0000,-3.3727E+001
1305.0000,-3.6493E+001
1306.0000,-1.9546E+001
1307.0000,-4.7293E+001
1308.0000,-3.3821E+001
1309.0000,-3.8971E+001
1310.0000,-2.1170E+001
1311.0000,-2.7710E+001
1312.0000,-3.2965E+001
1313.0000,-2.4899E+001
1314.0000,-2.8033E+001
1315.0000,-2.0175E+001
1316.0000,-1.4569E+001
1317.0000,-1.6798E+001
1318.0000,-4.2496E+001
1319.0000,-4.1212E+001
1320.0000,-3.5339E+001
1321.0000,-2.1621E+001
1322.0000,-1.7751E+001
1323.0000,-4.1750E+001
1324.0000,-1.8740E+001
1325.0000,-2.0785E+001
1326.0000,-6.4533E+001
1327.0000,-4.2388E+001
1328.0000,-3.2763E+000
1329.0000,-2.9736E+000
1330.0000,-1.8552E+001
1331.0000,-1.0548E+001
1332.0000,-1.3482E+001
1333.0000,-3.5631E+001
1334.0000,-3.1009E+001
1335.0000,-1.9394E+001
1336.0000,-3.3775E+001
1337.0000,-3.9390E+001
1338.0000,-4.3354E+001
1339.0000,-3.1370E+001
1340.0000,-3.5524E+001
1341.0000,-2.6613E+001
1342.0000,-4.1598E+001
1343.0000,-3.3689E+001
1344.0000,-1.6883E+001
1345.0000,-5.4082E+000
1346.0000,-8.0557E+001
1347.0000,-3.0869E+001
1348.0000,-5.5015E+001
1349.0000,-4.8510E+001
1350.0000,-3.9278E+001
1351.0000,-1.3427E+001
1352.0000,-4.2020E+000
1353.0000,-1.5427E+001
1354.0000,-2.1001E+001
1355.0000,-2.3417E+001
1356.0000,-2.6639E+001
1357.0000,-2.0612E+001
1358.0000,-1.3745E+001
1359.0000,-3.6549E+001
1360.0000,-4.0452E+001
1361.0000,-6.3967E+001
1362.0000,-4.3141E+001
1363.0000,-4.0322E+001
1364.0000,-1.6596E+000
1365.0000,6.6661E+000
1366.0000,-3.7175E+001
1367.0000,-3.5569E+001
1368.0000,-2.8025E+001
1369.0000,-8.7864E+001
1370.0000,-7.0934E+001
1371.0000,-5.8998E+001
1372.0000,-5.8864E+001
1373.0000,-6.8841E+001
1374.0000,6.0420E-001
1375.0000,-4.3655E+001
1376.0000,-3.4744E+001
1377.0000,-3.9244E+001
1378.0000,-5.5914E+001
1379.0000,-3.4381E+001
1380.0000,-2.8325E+001
1381.0000,-6.1427E+001
1382.0000,-5.1874E+001
1383.0000,-5.0890E+001
1384.0000,-2.4514E+001
1385.0000,6.5499E+000
1386.0000,1.5900E+001
1387.0000,-5.7982E+001
1388.0000,-6.8797E+001
1389.0000,-4.5835E+001
1390.0000,-5.5463E+001
1391.0000,-5.6351E+001
1392.0000,-5.1155E+001
1393.0000,-2.0769E+001
1394.0000,-1.3508E+001
1395.0000,-6.2674E+000
1396.0000,3.5811E+000
1397.0000,-3.3789E+001
1398.0000,-6.3938E+000
1399.0000,-1.6459E+001
1400.0000,-1.3230E+001
1401.0000,-5.5103E+001
1402.0000,-1.0831E+002
1403.0000,-8.8058E+001
1404.0000,-5.2330E+001
1405.0000,-4.5519E+001
1406.0000,-3.7477E+001
1407.0000,-2.7170E+001
1408.0000,-2.5898E+001
1409.0000,-4.6574E+001
1410.0000,-1.5252E+002
1411.0000,-6.5612E+001
1412.0000,-6.0605E+001
1413.0000,-4.6137E+001
1414.0000,-5.3179E+001
1415.0000,-3.1068E+001
1416.0000,-2.6689E+001
1417.0000,-2.5279E+001
1418.0000,1.0375E+001
1419.0000,-6.3639E+001
1420.0000,-5.8063E+001
1421.0000,-5.7362E+001
1422.0000,-8.1528E+000
1423.0000,-2.1487E+001
1424.0000,-1.9993E+001
1425.0000,-9.8419E+000
1426.0000,-1.9294E+000
1427.0000,-6.1249E+000
1428.0000,2.4583E+001
1429.0000,1.1225E+002
1430.0000,-1.8576E+001
1431.0000,2.3053E+001
1432.0000,1.6834E+001
1433.0000,8.1965E+000
1434.0000,1.7278E+001
1435.0000,1.5255E+001
1436.0000,-4.6679E+001
1437.0000,-3.9890E+001
1438.0000,-4.8324E+001
1439.0000,-4.8168E+001
1440.0000,-5.5709E+001
1441.0000,-4.5159E+001
1442.0000,-2.5165E+001
1443.0000,-1.3071E+001
1444.0000,-3.3292E+001
1445.0000,-1.9732E+001
1446.0000,-4.0449E+001
1447.0000,-4.2466E+001
1448.0000,-2.7517E+001
1449.0000,-4.1429E+001
1450.0000,-3.0327E+001
1451.0000,-1.8007E+002
1452.0000,-1.2193E+002
1453.0000,-7.4250E+001
1454.0000,0.0000E+000
1455.0000,0.0000E+000
1456.0000,0.0000E+000
1457.0000,0.0000E+000
1458.0000,0.0000E+000
1459.0000,0.0000E+000
1460.0000,0.0000E+000
1461.0000,0.0000E+000
1462.0000,0.0000E+000
1463.0000,0.0000E+000
1464.0000,0.0000E+000
1465.0000,0.0000E+000
1466.0000,0.0000E+000
1467.0000,0.0000E+000
1468.0000,0.0000E+000
1469.0000,0.0000E+000
1470.0000,0.0000E+000
1471.0000,0.0000E+000
1472.0000,0.0000E+000
1473.0000,0.0000E+000
1474.0000,0.0000E+000
1475.0000,0.0000E+000
1476.0000,0.0000E+000
1477.0000,0.0000E+000
1478.0000,2.1379E-001
1479.0000,0.0000E+000
1480.0000,0.0000E+000
1481.0000,0.0000E+000
1482.0000,0.0000E+000
1483.0000,0.0000E+000
1484.0000,0.0000E+000
1485.0000,0.0000E+000
1486.0000,0.0000E+000
1487.0000,0.0000E+000
1488.0000,0.0000E+000
1489.0000,0.0000E+000
1490.0000,0.0000E+000
1491.0000,0.0000E+000
1492.0000,0.0000E+000
1493.0000,1.0418E+000
1494.0000,0.0000E+000
1495.0000,1.0582E+001
1496.0000,0.0000E+000
1497.0000,0.0000E+000
1498.0000,0.0000E+000
1499.0000,0.0000E+000
1500.0000,0.0000E+000
1501.0000,0.0000E+000
1502.0000,5.5038E+001
1503.0000,0.0000E+000
1504.0000,0.0000E+000
1505.0000,0.0000E+000
1506.0000,0.0000E+000
1507.0000,3.1473E+000
1508.0000,0.0000E+000
1509.0000,0.0000E+000
1510.0000,0.0000E+000
1511.0000,0.0000E+000
1512.0000,0.0000E+000
1513.0000,0.0000E+000
1514.0000,0.0000E+000
1515.0000,0.0000E+000
1516.0000,0.0000E+000
1517.0000,0.0000E+000
1518.0000,1.6901E+001
1519.0000,3.1213E+001
1520.0000,0.0000E+000
1521.0000,4.8740E+000
1522.0000,0.0000E+000
1523.0000,0.0000E+000
1524.0000,0.0000E+000
1525.0000,0.0000E+000
1526.0000,0.0000E+000
1527.0000,0.0000E+000
1528.0000,0.0000E+000
1529.0000,0.0000E+000
1530.0000,0.0000E+000
1531.0000,0.0000E+000
1532.0000,0.0000E+000
1533.0000,0.0000E+000
1534.0000,0.0000E+000
1535.0000,0.0000E+000
1536.0000,2.9895E+000
1537.0000,4.6630E+001
1538.0000,0.0000E+000
1539.0000,4.3863E+000
1540.0000,5.1268E+001
1541.0000,0.0000E+000
1542.0000,0.0000E+000
1543.0000,5.8481E+000
1544.0000,0.0000E+000
1545.0000,0.0000E+000
1546.0000,0.0000E+000
1547.0000,-5.3111E+000
1548.0000,4.0625E+000
1549.0000,1.0891E+001
1550.0000,4.9167E+001
1551.0000,4.4190E+001
1552.0000,2.8150E+001
1553.0000,2.9292E+001
1554.0000,3.5303E+001
1555.0000,4.7303E+000
1556.0000,2.9839E+001
1557.0000,-5.3525E+000
1558.0000,1.8505E+001
1559.0000,-1.0919E+001
1560.0000,-3.2753E+001
1561.0000,-7.3258E-001
1562.0000,-1.2767E+001
1563.0000,-7.2801E-001
1564.0000,-3.2985E-001
1565.0000,-7.3529E-001
1566.0000,-4.5394E+000
1567.0000,-2.2652E+000
1568.0000,-8.9520E+000
1569.0000,-8.8696E+000
1570.0000,-6.1867E+000
1571.0000,-8.8744E+000
1572.0000,-7.3161E+000
1573.0000,-4.6964E+001
1574.0000,-3.4764E+001
1575.0000,-1.0806E+001
1576.0000,-6.2394E+000
1577.0000,-2.0969E+001
1578.0000,-1.6015E+001
1579.0000,-2.9682E+001
1580.0000,-1.3660E+001
1581.0000,2.0692E-001
1582.0000,-8.3973E+000
1583.0000,-8.9509E+000
1584.0000,2.5694E+000
1585.0000,5.2494E+001
1586.0000,1.0687E+001
1587.0000,-2.3554E+001
1588.0000,-1.2542E+001
1589.0000,-1.3390E+001
1590.0000,-1.6769E+001
1591.0000,-1.8489E+001
1592.0000,-1.2356E+000
1593.0000,-4.0968E+001
1594.0000,-4.0634E+001
1595.0000,-2.8568E+001
1596.0000,3.3253E+000
1597.0000,2.6730E+001
1598.0000,-1.1269E+001
1599.0000,-2.7076E+001
1600.0000,-1.9185E+001
1601.0000,-3.5135E+000
1602.0000,-1.5330E+000
1603.0000,-2.0610E+001
1604.0000,-6.7048E+001
1605.0000,-4.0709E+001
1606.0000,-2.1713E+001
1607.0000,-1.3932E+001
1608.0000,-3.8414E+000
1609.0000,1.8271E+000
1610.0000,-8.8940E+000
1611.0000,-3.7520E+000
1612.0000,-3.7714E+000
1613.0000,-1.8256E+001
1614.0000,-2.8574E+001
1615.0000,-4.1916E+001
1616.0000,-9.8806E+000
1617.0000,2.7222E+001
1618.0000,9.0061E+000
1619.0000,-1.1204E+001
1620.0000,-2.7825E+000
1621.0000,-4.6506E+000
1622.0000,-8.4273E+000
1623.0000,-5.5100E+000
1624.0000,-1.6480E+001
1625.0000,-4.7256E+001
1626.0000,-7.4976E+001
1627.0000,-3.7865E+001
1628.0000,-7.3491E+001
1629.0000,-3.9414E+001
1630.0000,-4.3446E+001
1631.0000,-3.5325E+001
1632.0000,-3.0549E+001
1633.0000,-6.9879E+000
1634.0000,-6.4022E+000
1635.0000,-1.0881E+001
1636.0000,-8.2282E+000
1637.0000,-3.2594E+001
1638.0000,-1.8873E+001
1639.0000,-6.7668E+000
1640.0000,-8.6337E+001
1641.0000,-4.5555E+001
1642.0000,-3.3390E+001
1643.0000,-1.9730E+001
1644.0000,-1.1948E+001
1645.0000,9.9530E+000
1646.0000,-3.1024E+000
1647.0000,4.5166E+000
1648.0000,-5.1232E+001
1649.0000,-2.8141E+001
1650.0000,-1.6181E+001
1651.0000,-5.5058E+001
1652.0000,-3.3815E+001
1653.0000,-3.7392E+001
1654.0000,-4.3119E+001
1655.0000,-4.4755E+001
1656.0000,-3.5266E+001
1657.0000,-1.8271E+001
1658.0000,-4.5040E+000
1659.0000,-1.8825E+001
1660.0000,-9.9036E+000
1661.0000,-2.4694E+001
1662.0000,-1.5041E+001
1663.0000,-5.9983E+000
1664.0000,-1.7561E+001
1665.0000,-1.1398E+001
1666.0000,-1.3608E+001
1667.0000,-1.9036E+001
1668.0000,-3.1124E+001
1669.0000,-3.3461E+001
1670.0000,-1.5474E+001
1671.0000,-1.6322E+000
1672.0000,-1.0849E+001
1673.0000,-5.9047E+001
1674.0000,-5.2181E+001
1675.0000,-3.4497E+001
1676.0000,-3.0039E+001
1677.0000,-5.8469E+001
1678.0000,-5.4561E+001
1679.0000,-3.8762E+001
1680.0000,-3.2245E+001
1681.0000,-4.9723E+001
1682.0000,-4.3366E+001
1683.0000,-2.3976E+001
1684.0000,-2.3021E+001
1685.0000,-1.7527E+001
1686.0000,-6.4704E+001
1687.0000,-4.5431E+001
1688.0000,-4.3102E+001
1689.0000,-1.2935E+001
1690.0000,-2.5832E+001
1691.0000,-4.4899E+001
1692.0000,-2.1934E+001
1693.0000,-3.6410E+001
1694.0000,-1.5014E+001
1695.0000,-2.5592E+001
1696.0000,-1.8646E+001
1697.0000,-2.0064E+001
1698.0000,-9.1087E+000
1699.0000,-1.1020E+001
1700.0000,-1.0915E+001
1701.0000,-2.7158E+001
1702.0000,-8.1280E+001
1703.0000,-7.6569E+001
1704.0000,-5.3089E+001
1705.0000,-3.8468E+001
1706.0000,-1.1664E+001
1707.0000,-5.8724E+000
1708.0000,-2.2496E+001
1709.0000,-4.3832E+001
1710.0000,-2.9545E+001
1711.0000,-3.6264E+001
1712.0000,-6.2605E+001
1713.0000,-5.4560E+001
1714.0000,-3.7415E+001
1715.0000,-3.8919E+001
1716.0000,-5.1186E+001
1717.0000,-6.7939E+001
1718.0000,-5.6690E+001
1719.0000,-3.9240E+001
1720.0000,-1.8643E+001
1721.0000,-4.2543E+001
1722.0000,-4.3154E+001
1723.0000,-5.1325E+001
1724.0000,-6.0627E+001
1725.0000,-4.2558E+001
1726.0000,-3.9790E+001
1727.0000,-4.2011E+001
1728.0000,-6.0728E+001
1729.0000,-2.1848E+001
1730.0000,-2.8640E+000
1731.0000,-3.8217E+001
1732.0000,-4.9228E+001
1733.0000,-6.0607E+001
1734.0000,-7.3627E+001
1735.0000,-5.6412E+001
1736.0000,-8.1013E+001
1737.0000,-4.1929E+001
1738.0000,-5.8924E+001
1739.0000,-5.6202E+001
1740.0000,-8.0021E+001
1741.0000,-3.5283E+001
1742.0000,-1.2922E+001
1743.0000,-7.8262E+000
1744.0000,-4.0004E+001
1745.0000,-4.2935E+001
1746.0000,-2.8047E+000
1747.0000,-4.3830E+001
1748.0000,-5.6321E+001
1749.0000,-8.7728E-001
1750.0000,-4.7511E+001
1751.0000,-4.9981E+001
1752.0000,-3.1778E+001
1753.0000,-4.2212E+001
1754.0000,-5.6192E+001
1755.0000,-2.2260E+001
1756.0000,-1.1309E+002
1757.0000,-7.4379E+001
1758.0000,-6.5963E+001
1759.0000,-3.5581E+001
1760.0000,-4.3811E+001
1761.0000,-1.4934E+001
1762.0000,-2.3195E+001
1763.0000,3.0261E+001
1764.0000,2.7848E+000
1765.0000,-1.2169E+001
1766.0000,-5.8175E+001
1767.0000,-6.1922E+001
1768.0000,-6.2565E+001
1769.0000,-3.1633E+001
1770.0000,-3.4254E+001
1771.0000,-1.9456E+001
1772.0000,-2.4165E+001
1773.0000,2.6803E+001
1774.0000,1.8536E+001
1775.0000,-3.1687E+001
1776.0000,-2.4714E+001
1777.0000,-5.4151E-001
1778.0000,1.4768E+001
1779.0000,-4.9149E+001
1780.0000,-2.6823E+001
1781.0000,-3.9532E+001
1782.0000,-3.2117E+001
1783.0000,2.9891E+001
1784.0000,-1.9029E+001
1785.0000,-2.7785E+001
1786.0000,-1.1130E+001
1787.0000,-5.5962E+000
1788.0000,-3.8386E+001
1789.0000,-3.8685E+001
1790.0000,-4.8876E+001
1791.0000,-2.8889E+001
1792.0000,-3.8970E+001
1793.0000,-5.1879E+001
1794.0000,-4.1530E+001
1795.0000,-6.4565E+001
1796.0000,-2.4260E+001
1797.0000,2.6503E+001
1798.0000,7.6034E+000
1799.0000,5.6631E+000
1800.0000,-4.2273E+001
1801.0000,-5.4369E+001
1802.0000,-3.5399E+001
1803.0000,-1.8798E+001
1804.0000,-3.1995E+001
1805.0000,-2.0073E+001
1806.0000,-2.1980E+001
1807.0000,-1.0035E+001
1808.0000,-2.4835E+001
1809.0000,-1.7435E+001
1810.0000,-4.7401E+001
1811.0000,-5.4651E+001
1812.0000,-5.9919E+001
1813.0000,0.0000E+000
1814.0000,0.0000E+000
1815.0000,0.0000E+000
1816.0000,0.0000E+000
1817.0000,0.0000E+000
1818.0000,0.0000E+000
1819.0000,0.0000E+000
1820.0000,0.0000E+000
1821.0000,0.0000E+000
1822.0000,0.0000E+000
1823.0000,0.0000E+000
1824.0000,0.0000E+000
1825.0000,0.0000E+000
1826.0000,0.0000E+000
1827.0000,0.0000E+000
1828.0000,0.0000E+000
1829.0000,0.0000E+000
1830.0000,0.0000E+000
1831.0000,0.0000E+000
1832.0000,0.0000E+000
1833.0000,0.0000E+000
1834.0000,0.0000E+000
1835.0000,0.0000E+000
1836.0000,0.0000E+000
1837.0000,0.0000E+000
1838.0000,0.0000E+000
1839.0000,0.0000E+000
1840.0000,0.0000E+000
1841.0000,0.0000E+000
1842.0000,0.0000E+000
1843.0000,0.0000E+000
1844.0000,0.0000E+000
1845.0000,0.0000E+000
1846.0000,0.0000E+000
1847.0000,0.0000E+000
1848.0000,0.0000E+000
1849.0000,0.0000E+000
1850.0000,0.0000E+000
1851.0000,0.0000E+000
1852.0000,0.0000E+000
1853.0000,0.0000E+000
1854.0000,0.0000E+000
1855.0000,0.0000E+000
1856.0000,0.0000E+000
1857.0000,0.0000E+000
1858.0000,0.0000E+000
1859.0000,0.0000E+000
1860.0000,0.0000E+000
1861.0000,0.0000E+000
1862.0000,0.0000E+000
1863.0000,0.0000E+000
1864.0000,0.0000E+000
1865.0000,0.0000E+000
1866.0000,0.0000E+000
1867.0000,0.0000E+000
1868.0000,0.0000E+000
1869.0000,0.0000E+000
1870.0000,0.0000E+000
1871.0000,0.0000E+000
1872.0000,0.0000E+000
1873.0000,0.0000E+000
1874.0000,0.0000E+000
1875.0000,0.0000E+000
1876.0000,0.0000E+000
1877.0000,0.0000E+000
1878.0000,0.0000E+000
1879.0000,3.3507E+001
1880.0000,5.7709E+001
1881.0000,3.2811E+001
1882.0000,2.0182E+002
1883.0000,4.0409E+001
1884.0000,7.5124E+000
1885.0000,4.9556E+001
1886.0000,3.6463E+001
1887.0000,2.0904E+001
1888.0000,0.0000E+000
1889.0000,5.4973E+000
1890.0000,3.7755E+001
1891.0000,7.0380E+001
1892.0000,1.0878E+002
1893.0000,5.9270E+001
1894.0000,7.8313E+001
1895.0000,-3.9642E+001
1896.0000,-1.7969E+001
1897.0000,-2.4095E+001
1898.0000,-1.8644E+000
1899.0000,-1.9293E+000
1900.0000,3.6349E+000
1901.0000,-3.0972E+001
1902.0000,-3.3806E+001
1903.0000,-5.4293E+001
1904.0000,-9.4699E+000
1905.0000,-1.0682E+001
1906.0000,4.0380E+000
1907.0000,1.5257E+001
1908.0000,2.0367E+001
1909.0000,2.4911E+001
1910.0000,3.0302E+001
1911.0000,-3.3604E+000
1912.0000,3.1999E+001
1913.0000,-2.8842E+001
1914.0000,-2.4286E+001
1915.0000,-5.2581E+000
1916.0000,1.4536E-001
1917.0000,8.9379E+000
1918.0000,5.7448E+000
1919.0000,3.5305E+000
1920.0000,-3.8471E+001
1921.0000,-2.6365E+001
1922.0000,6.2703E+001
1923.0000,6.5766E-001
1924.0000,-8.1772E+001
1925.0000,-3.5315E+001
1926.0000,-3.1645E+001
1927.0000,-3.6029E+001
1928.0000,-1.9217E+001
1929.0000,-1.5073E+001
1930.0000,9.0052E+000
1931.0000,2.2973E+001
1932.0000,-2.9323E+001
1933.0000,-4.0898E+001
1934.0000,-5.8169E+000
1935.0000,7.9280E+000
1936.0000,1.8950E+000
1937.0000,-6.5067E+001
1938.0000,-8.9909E+000
1939.0000,1.0982E+000
1940.0000,-2.1619E+001
1941.0000,-2.2258E+001
1942.0000,-2.2940E-001
1943.0000,3.9641E+000
1944.0000,1.4820E+000
1945.0000,-1.6373E+001
1946.0000,-2.1527E+001
1947.0000,2.3689E+000
1948.0000,-4.2745E-001
1949.0000,-9.3362E+000
1950.0000,1.3348E+001
1951.0000,1.3642E+001
1952.0000,1.8514E+001
1953.0000,2.5720E+001
1954.0000,8.3650E+000
1955.0000,1.9193E-001
1956.0000,-3.4292E+001
1957.0000,-3.4206E+001
1958.0000,8.0595E+000
1959.0000,-3.7198E+001
1960.0000,-6.5568E+001
1961.0000,-4.1468E+001
1962.0000,-1.5773E+001
1963.0000,-1.7640E+001
1964.0000,-5.3895E+000
1965.0000,-8.3885E+001
1966.0000,-2.8839E+001
1967.0000,-1.9826E+001
1968.0000,-8.5716E+000
1969.0000,6.5026E+000
1970.0000,-9.6711E-001
1971.0000,-4.1645E+001
1972.0000,-6.8580E+000
1973.0000,-6.0183E+001
1974.0000,-1.6410E+001
1975.0000,-2.8341E+001
1976.0000,-2.1287E+001
1977.0000,9.2734E+000
1978.0000,5.7921E-002
1979.0000,1.4468E+000
1980.0000,-2.8232E+001
1981.0000,-2.3627E+001
1982.0000,-5.0037E+001
1983.0000,-2.9758E+001
1984.0000,-1.6752E+001
1985.0000,-1.2449E+001
1986.0000,7.9705E+000
1987.0000,1.2003E+001
1988.0000,3.1518E+001
1989.0000,-6.1334E+000
1990.0000,-3.8009E+001
1991.0000,9.0013E+000
1992.0000,-4.9869E+001
1993.0000,-1.1437E+001
1994.0000,-4.3230E+001
1995.0000,-2.9846E+001
1996.0000,-4.2789E+001
1997.0000,-2.2895E+001
1998.0000,3.7581E+000
1999.0000,-3.3747E+001
2000.0000,-8.1209E+000
2001.0000,-1.1934E+001
2002.0000,-1.2294E+001
2003.0000,-1.6603E+001
2004.0000,-4.7667E+001
2005.0000,-4.4768E+001
2006.0000,-3.8173E+001
2007.0000,-2.7177E+001
2008.0000,-2.8914E+001
2009.0000,-1.8503E+001
2010.0000,-4.5200E+000
2011.0000,-3.1105E+001
2012.0000,-1.5073E+001
2013.0000,-1.4370E+001
2014.0000,-5.7552E+001
2015.0000,-5.0553E+001
2016.0000,-3.3493E+000
2017.0000,-4.8701E+000
2018.0000,-2.1977E+001
2019.0000,-4.1732E+001
2020.0000,-1.3834E+001
2021.0000,-2.3932E+001
2022.0000,-2.9824E+001
2023.0000,-3.2209E+001
2024.0000,-2.7068E+001
2025.0000,-7.2511E+001
2026.0000,-6.0739E+001
2027.0000,-5.4887E+001
2028.0000,-4.1309E+001
2029.0000,-3.5608E+001
2030.0000,-4.2397E+001
2031.0000,-3.4186E+001
2032.0000,-4.9312E+001
2033.0000,-3.4750E+001
2034.0000,-1.8005E+001
2035.0000,-2.0805E+001
2036.0000,-3.0768E+001
2037.0000,-2.5643E+001
2038.0000,-1.7941E+001
2039.0000,-8.9516E+000
2040.0000,-1.2155E+001
2041.0000,-4.4947E+001
2042.0000,-5.3732E+001
2043.0000,-5.5984E+001
2044.0000,-1.5723E+001
2045.0000,-2.4693E+001
2046.0000,-1.5598E+001
2047.0000,-8.4335E+000
2048.0000,-2.1388E+001
2049.0000,-2.3465E+001
2050.0000,-4.0381E+001
2051.0000,-2.5162E+001
2052.0000,-1.0248E+001
2053.0000,-1.5117E+001
2054.0000,-6.4717E+001
2055.0000,-3.5073E+001
2056.0000,-3.4940E+001
2057.0000,-2.6786E+001
2058.0000,-5.9862E+001
2059.0000,-5.5815E+001
2060.0000,-2.8590E+001
2061.0000,-6.3908E+000
2062.0000,-1.8495E+001
2063.0000,-3.6181E+001
2064.0000,-1.9474E+001
2065.0000,-2.4433E+001
2066.0000,-4.9705E+001
2067.0000,-1.9195E+001
2068.0000,-4.2539E+001
2069.0000,-1.6283E+001
2070.0000,-8.1731E+000
2071.0000,-3.4483E+001
2072.0000,-2.7898E+001
2073.0000,-4.7219E+001
2074.0000,-8.3950E+001
2075.0000,-8.9646E+001
2076.0000,-6.6799E+001
2077.0000,-1.2197E+001
2078.0000,-2.8460E+001
2079.0000,-6.8829E+000
2080.0000,-6.2885E+000
2081.0000,-5.5785E+000
2082.0000,-4.9716E+001
2083.0000,-3.7709E+001
2084.0000,-7.1728E+001
2085.0000,-5.7612E+001
2086.0000,-6.1613E+001
2087.0000,-2.8661E+001
2088.0000,-2.3340E+001
2089.0000,-2.3846E+001
2090.0000,-9.9820E+001
2091.0000,-8.0971E+001
2092.0000,-3.0812E+001
2093.0000,-6.1685E+001
2094.0000,-6.6310E+001
2095.0000,-6.0802E+001
2096.0000,-5.2905E+001
2097.0000,-4.1301E+001
2098.0000,-5.0218E+001
2099.0000,-3.7565E+001
2100.0000,-2.8723E+001
2101.0000,3.1923E+000
2102.0000,-1.1155E+001
2103.0000,-6.3296E+001
2104.0000,-3.7024E+001
2105.0000,-6.4977E+001
2106.0000,-1.0102E+002
2107.0000,-1.1281E+002
2108.0000,-7.8522E+001
2109.0000,-8.1719E+001
2110.0000,-6.4331E+001
2111.0000,-5.5730E+001
2112.0000,-4.4606E+000
2113.0000,2.0049E+001
2114.0000,-7.8596E+000
2115.0000,-1.3242E+001
2116.0000,-1.6848E+001
2117.0000,-2.9152E+001
2118.0000,-1.1696E+001
2119.0000,-1.9391E+000
2120.0000,-1.0179E+000
2121.0000,-1.7427E+001
2122.0000,5.2046E+000
2123.0000,6.0744E+000
2124.0000,-3.9689E+000
2125.0000,3.0490E+000
2126.0000,4.0331E+000
2127.0000,-5.4253E+001
2128.0000,-6.3152E+001
2129.0000,-6.2787E+001
2130.0000,-2.9148E+001
2131.0000,-5.8433E-001
2132.0000,5.8825E+001
2133.0000,-3.0036E+001
2134.0000,-5.8576E+001
2135.0000,-5.2630E+001
2136.0000,-1.7626E+001
2137.0000,-4.2248E+001
2138.0000,-6.2333E+001
2139.0000,-2.6914E+001
2140.0000,-8.5004E+001
2141.0000,-4.8847E+001
2142.0000,-4.5783E+001
2143.0000,-2.4528E+001
2144.0000,-7.6136E+001
2145.0000,-7.4890E+001
2146.0000,-4.7113E+001
2147.0000,-8.6575E+001
2148.0000,-5.6682E+001
2149.0000,-7.2144E+001
2150.0000,-1.0126E+002
2151.0000,-1.3248E+002
2152.0000,-1.0004E+002
2153.0000,-4.7421E+001
2154.0000,-5.9749E+001
2155.0000,-4.8764E+001
2156.0000,-2.0085E+001
2157.0000,-2.8963E+001
2158.0000,-3.3385E+001
2159.0000,-2.2077E+001
2160.0000,-1.5010E+001
2161.0000,-1.6280E+001
2162.0000,-2.7226E+001
2163.0000,-2.7816E+001
2164.0000,-7.7323E+001
2165.0000,-9.2109E+001
2166.0000,-8.5630E+001
2167.0000,-4.7922E+001
2168.0000,-2.8815E+001
2169.0000,-6.2785E+001
2170.0000,0.0000E+000
2171.0000,0.0000E+000
2172.0000,0.0000E+000
2173.0000,0.0000E+000
2174.0000,0.0000E+000
2175.0000,0.0000E+000
2176.0000,0.0000E+000
2177.0000,0.0000E+000
2178.0000,0.0000E+000
2179.0000,0.0000E+000
2180.0000,0.0000E+000
2181.0000,0.0000E+000
2182.0000,0.0000E+000
2183.0000,0.0000E+000
2184.0000,0.0000E+000
2185.0000,0.0000E+000
2186.0000,0.0000E+000
2187.0000,0.0000E+000
2188.0000,0.0000E+000
2189.0000,0.0000E+000
2190.0000,0.0000E+000
2191.0000,0.0000E+000
2192.0000,0.0000E+000
2193.0000,0.0000E+000
2194.0000,0.0000E+000
2195.0000,0.0000E+000
2196.0000,0.0000E+000
2197.0000,0.0000E+000
2198.0000,0.0000E+000
2199.0000,0.0000E+000
2200.0000,0.0000E+000
2201.0000,0.0000E+000
2202.0000,0.0000E+000
2203.0000,0.0000E+000
2204.0000,0.0000E+000
2205.0000,0.0000E+000
2206.0000,0.0000E+000
2207.0000,0.0000E+000
2208.0000,0.0000E+000
2209.0000,0.0000E+000
2210.0000,0.0000E+000
2211.0000,0.0000E+000
2212.0000,0.0000E+000
2213.0000,0.0000E+000
2214.0000,0.0000E+000
2215.0000,0.0000E+000
2216.0000,0.0000E+000
2217.0000,0.0000E+000
2218.0000,0.0000E+000
2219.0000,0.0000E+000
2220.0000,0.0000E+000
2221.0000,8.9519E+000
2222.0000,0.0000E+000
2223.0000,0.0000E+000
2224.0000,0.0000E+000
2225.0000,0.0000E+000
2226.0000,0.0000E+000
2227.0000,0.0000E+000
2228.0000,0.0000E+000
2229.0000,0.0000E+000
2230.0000,0.0000E+000
2231.0000,0.0000E+000
2232.0000,0.0000E+000
2233.0000,0.0000E+000
2234.0000,0.0000E+000
2235.0000,0.0000E+000
2236.0000,0.0000E+000
2237.0000,0.0000E+000
2238.0000,0.0000E+000
2239.0000,0.0000E+000
2240.0000,0.0000E+000
2241.0000,0.0000E+000
2242.0000,0.0000E+000
2243.0000,0.0000E+000
2244.0000,0.0000E+000
2245.0000,0.0000E+000
2246.0000,0.0000E+000
2247.0000,8.1756E+000
2248.0000,0.0000E+000
2249.0000,0.0000E+000
2250.0000,0.0000E+000
2251.0000,0.0000E+000
2252.0000,0.0000E+000
2253.0000,0.0000E+000
2254.0000,0.0000E+000
2255.0000,0.0000E+000
2256.0000,0.0000E+000
2257.0000,0.0000E+000
2258.0000,0.0000E+000
2259.0000,0.0000E+000
2260.0000,0.0000E+000
2261.0000,0.0000E+000
2262.0000,0.0000E+000
2263.0000,0.0000E+000
2264.0000,0.0000E+000
2265.0000,5.6956E+000
2266.0000,0.0000E+000
2267.0000,0.0000E+000
2268.0000,0.0000E+000
2269.0000,0.0000E+000
2270.0000,0.0000E+000
2271.0000,3.7142E+000
2272.0000,8.7261E+000
2273.0000,1.3903E+001
2274.0000,0.0000E+000
2275.0000,0.0000E+000
2276.0000,0.0000E+000
2277.0000,0.0000E+000
2278.0000,0.0000E+000
2279.0000,1.3389E+001
2280.0000,2.4641E+001
2281.0000,1.7075E+001
2282.0000,8.7270E+000
2283.0000,8.4827E+000
2284.0000,5.6658E+000
2285.0000,8.1572E-001
2286.0000,1.7909E+001
2287.0000,3.7997E+001
2288.0000,1.5113E+002
2289.0000,1.8775E+002
2290.0000,4.3115E+001
2291.0000,5.7521E+000
2292.0000,4.4088E+001
2293.0000,1.3773E+002
2294.0000,6.3005E+000
2295.0000,5.2631E+000
2296.0000,9.6046E+000
2297.0000,-2.3841E+001
2298.0000,-6.2362E+001
2299.0000,-3.5357E+001
2300.0000,-5.5878E+000
2301.0000,3.7069E+001
2302.0000,7.2676E+001
2303.0000,9.4884E+000
2304.0000,6.2151E+001
2305.0000,-3.7174E+001
2306.0000,-5.1890E+000
2307.0000,-4.6716E+000
2308.0000,1.5368E+001
2309.0000,-1.7232E+001
2310.0000,-1.4823E+001
2311.0000,1.1979E+001
2312.0000,2.8671E+001
2313.0000,4.3945E+001
2314.0000,8.0738E+000
2315.0000,-7.2781E+000
2316.0000,-1.6957E+001
2317.0000,-1.1180E+001
2318.0000,2.1080E+001
2319.0000,-2.4160E+001
2320.0000,-9.0269E+000
2321.0000,1.5912E+001
2322.0000,4.9282E+000
2323.0000,-2.1342E+001
2324.0000,-3.1876E+001
2325.0000,-2.7987E+001
2326.0000,-3.9159E+000
2327.0000,2.5442E+001
2328.0000,4.8062E+000
2329.0000,-2.0101E+001
2330.0000,-1.5559E+001
2331.0000,-3.4134E+001
2332.0000,-1.6036E+001
2333.0000,-5.3536E+001
2334.0000,-5.9706E+001
2335.0000,-4.1260E+001
2336.0000,-3.8350E+001
2337.0000,-3.2320E+001
2338.0000,-5.1376E+001
2339.0000,-3.0179E+001
2340.0000,-1.2967E+001
2341.0000,-5.4886E+001
2342.0000,-6.1440E+001
2343.0000,-6.4140E+001
2344.0000,-1.3328E+001
2345.0000,-4.4677E+001
2346.0000,-3.6460E+001
2347.0000,-3.6234E+001
2348.0000,-2.0428E+001
2349.0000,-1.7679E+001
2350.0000,-7.1492E+000
2351.0000,-6.6687E+000
2352.0000,-6.5697E+000
2353.0000,2.9383E+000
2354.0000,2.2077E+001
2355.0000,-1.7712E+000
2356.0000,3.8742E-001
2357.0000,1.0714E+001
2358.0000,-3.2491E+001
2359.0000,-3.0262E+001
2360.0000,-1.4760E+001
2361.0000,-5.1653E+000
2362.0000,-2.9097E+001
2363.0000,-2.9587E+001
2364.0000,-2.4525E+001
2365.0000,-2.7413E+001
2366.0000,-4.6240E+001
2367.0000,-3.5889E+001
2368.0000,-1.7525E+001
2369.0000,-2.5941E+001
2370.0000,-2.4843E+001
2371.0000,-2.8179E+001
2372.0000,-2.6694E+001
2373.0000,-1.5568E+001
2374.0000,-6.8090E+001
2375.0000,-3.8267E+001
2376.0000,-1.5525E+001
2377.0000,-5.6056E+001
2378.0000,-3.0114E+001
2379.0000,-3.4807E+001
2380.0000,-3.6368E-001
2381.0000,-1.1479E+000
2382.0000,-1.8228E+001
2383.0000,-5.3510E+001
2384.0000,-2.2469E+001
2385.0000,-1.9172E+001
2386.0000,-3.0103E+001
2387.0000,-1.6661E+001
2388.0000,-3.8546E+001
2389.0000,-2.2947E+001
2390.0000,-1.3246E+001
2391.0000,-1.8660E+001
2392.0000,-1.2195E+001
2393.0000,-1.1805E+001
2394.0000,-1.3543E+001
2395.0000,-1.7656E+001
2396.0000,-2.4025E+001
2397.0000,-3.9269E+001
2398.0000,-6.4556E+001
2399.0000,-5.7049E+001
2400.0000,-5.1639E+001
2401.0000,-1.3562E+001
2402.0000,-2.4191E+001
2403.0000,-1.7750E+001
2404.0000,-1.2025E+001
2405.0000,1.8062E+000
2406.0000,-1.9608E+001
2407.0000,-2.6208E+001
2408.0000,-3.6312E+001
2409.0000,-2.3871E+001
2410.0000,-1.2752E+001
2411.0000,-1.1767E+001
2412.0000,-3.1752E+001
2413.0000,-7.3575E+001
2414.0000,-4.7205E+001
2415.0000,-2.8523E+001
2416.0000,-2.9067E+001
2417.0000,-4.6613E+001
2418.0000,-5.5946E+001
2419.0000,-3.6989E+001
2420.0000,-4.3695E+001
2421.0000,-3.4350E+001
2422.0000,-4.2585E+001
2423.0000,-2.2685E+001
2424.0000,-4.1678E+001
2425.0000,-1.2270E+001
2426.0000,-5.6384E+000
2427.0000,-2.7772E+001
2428.0000,-2.0240E+001
2429.0000,-2.9909E+001
2430.0000,-1.5035E+001
2431.0000,-3.9520E+001
2432.0000,-3.4522E+001
2433.0000,-3.7063E+001
2434.0000,-3.0922E+001
2435.0000,-3.5981E+001
2436.0000,-5.8510E+001
2437.0000,-2.8045E+001
2438.0000,-4.6517E+001
2439.0000,-4.9012E+001
2440.0000,-4.1312E+001
2441.0000,4.6319E+000
2442.0000,5.0603E-001
2443.0000,-1.7220E+001
2444.0000,-5.0874E+001
2445.0000,-3.2342E+001
2446.0000,-2.7014E+001
2447.0000,-3.0837E+001
2448.0000,-8.3064E+001
2449.0000,-5.1665E+001
2450.0000,-2.3181E+001
2451.0000,-2.4476E+001
2452.0000,-1.8617E+001
2453.0000,-3.1879E+001
2454.0000,-3.6304E+001
2455.0000,-1.1942E+001
2456.0000,-2.2339E+001
2457.0000,-1.8638E+001
2458.0000,-1.1326E+002
2459.0000,-6.4753E+001
2460.0000,-8.4101E+001
2461.0000,-3.9040E+001
2462.0000,-3.3470E+001
2463.0000,-4.8050E+001
2464.0000,-2.9646E+001
2465.0000,-2.5001E+001
2466.0000,-1.3234E+000
2467.0000,-1.3188E+001
2468.0000,-2.9169E+001
2469.0000,-5.0288E+001
2470.0000,-8.2494E+001
2471.0000,-6.9057E+001
2472.0000,-8.0344E+001
2473.0000,-4.0149E+001
2474.0000,1.1266E+001
2475.0000,-2.4734E+001
2476.0000,-3.3605E+001
2477.0000,-2.8516E+001
2478.0000,-2.3466E+001
2479.0000,-4.3562E+001
2480.0000,-4.6290E+001
2481.0000,-5.7677E+001
2482.0000,-7.1162E+001
2483.0000,-2.4152E+001
2484.0000,-2.5177E+001
2485.0000,-8.6340E+000
2486.0000,-1.6018E+001
2487.0000,1.3081E+000
2488.0000,-6.2658E-002
2489.0000,-1.2016E+002
2490.0000,-1.4403E+002
2491.0000,-7.1050E+001
2492.0000,-6.8945E+001
2493.0000,-3.4382E+001
2494.0000,-3.3422E+001
2495.0000,-7.7369E+000
2496.0000,3.4656E+001
2497.0000,6.1568E+000
2498.0000,-2.3675E+001
2499.0000,-7.8455E+000
2500.0000,-1.8374E+001
2501.0000,-3.6919E+001
2502.0000,1.1265E+000
2503.0000,1.2209E+001
2504.0000,-2.9660E+001
2505.0000,-4.2391E+001
2506.0000,-3.5803E+001
2507.0000,-4.1690E+001
2508.0000,-3.3987E+001
2509.0000,1.1758E+001
2510.0000,3.6817E+001
2511.0000,1.0754E+001
2512.0000,-8.7187E+000
2513.0000,1.1920E+001
2514.0000,2.1005E+001
2515.0000,-5.1936E+001
2516.0000,-5.8687E+001
2517.0000,-2.8138E+001
2518.0000,-1.7498E+001
2519.0000,1.4040E+001
2520.0000,6.4982E+000
2521.0000,-1.2412E+001
2522.0000,-2.1501E+001
2523.0000,-2.0640E+001
2524.0000,-1.4501E+001
2525.0000,-2.7327E+001
2526.0000,-1.7875E+001
2527.0000,-3.7380E+001
2528.0000,-1.2887E+001
2529.0000,5.7988E+000
2530.0000,3.7845E+001
2531.0000,-9.7054E-001
2532.0000,-2.0078E+001
2533.0000,-1.7553E+001
2534.0000,-4.4919E+001
2535.0000,-6.6658E+001
2536.0000,-3.3081E+001
2537.0000,-3.8484E+001
2538.0000,-1.0168E+000
2539.0000,-2.4310E+001
2540.0000,-3.5247E+001
2541.0000,-2.2025E+001
2542.0000,3.4405E+000
2543.0000,-2.3133E+001
2544.0000,-2.1283E+001
2545.0000,-5.0281E+001
2546.0000,-3.3534E+001
2547.0000,-5.0060E+001
2548.0000,-2.2826E+001
2549.0000,-9.6943E+001
2550.0000,-9.6423E+001
2551.0000,-7.1624E+001
2552.0000,-7.3346E+001
2553.0000,-4.6357E+001
2554.0000,-8.2888E+001
2555.0000,-8.2124E+001
2556.0000,0.0000E+000
2557.0000,0.0000E+000
2558.0000,0.0000E+000
2559.0000,0.0000E+000
2560.0000,0.0000E+000
2561.0000,0.0000E+000
2562.0000,0.0000E+000
2563.0000,0.0000E+000
2564.0000,0.0000E+000
2565.0000,0.0000E+000
2566.0000,3.8580E+000
2567.0000,0.0000E+000
2568.0000,0.0000E+000
2569.0000,0.0000E+000
2570.0000,0.0000E+000
2571.0000,0.0000E+000
2572.0000,0.0000E+000
2573.0000,0.0000E+000
2574.0000,0.0000E+000
2575.0000,0.0000E+000
2576.0000,0.0000E+000
2577.0000,0.0000E+000
2578.0000,0.0000E+000
2579.0000,0.0000E+000
2580.0000,0.0000E+000
2581.0000,0.0000E+000
2582.0000,0.0000E+000
2583.0000,0.0000E+000
2584.0000,2.2847E+000
2585.0000,0.0000E+000
2586.0000,0.0000E+000
2587.0000,0.0000E+000
2588.0000,0.0000E+000
2589.0000,0.0000E+000
2590.0000,0.0000E+000
2591.0000,0.0000E+000
2592.0000,0.0000E+000
2593.0000,0.0000E+000
2594.0000,0.0000E+000
2595.0000,0.0000E+000
2596.0000,0.0000E+000
2597.0000,2.7881E+000
2598.0000,0.0000E+000
2599.0000,0.0000E+000
2600.0000,0.0000E+000
2601.0000,0.0000E+000
2602.0000,0.0000E+000
2603.0000,0.0000E+000
2604.0000,0.0000E+000
2605.0000,0.0000E+000
2606.0000,1.9316E+001
2607.0000,1.4236E+001
2608.0000,0.0000E+000
2609.0000,0.0000E+000
2610.0000,0.0000E+000
2611.0000,1.2484E+000
2612.0000,2.1180E+001
2613.0000,0.0000E+000
2614.0000,0.0000E+000
2615.0000,0.0000E+000
2616.0000,0.0000E+000
2617.0000,0.0000E+000
2618.0000,0.0000E+000
2619.0000,0.0000E+000
2620.0000,0.0000E+000
2621.0000,0.0000E+000
2622.0000,0.0000E+000
2623.0000,0.0000E+000
2624.0000,7.0965E+001
2625.0000,0.0000E+000
2626.0000,0.0000E+000
2627.0000,0.0000E+000
2628.0000,1.9481E+001
2629.0000,1.3011E+001
2630.0000,3.1826E+001
2631.0000,0.0000E+000
2632.0000,0.0000E+000
2633.0000,0.0000E+000
2634.0000,3.7726E+000
2635.0000,2.8014E+001
2636.0000,3.3319E+001
2637.0000,0.0000E+000
2638.0000,0.0000E+000
2639.0000,0.0000E+000
2640.0000,0.0000E+000
2641.0000,0.0000E+000
2642.0000,0.0000E+000
2643.0000,0.0000E+000
2644.0000,3.1798E+001
2645.0000,2.9201E+001
2646.0000,-7.2836E+000
2647.0000,-1.9268E+001
2648.0000,-1.2406E+001
2649.0000,-1.4768E+001
2650.0000,-2.1840E+001
2651.0000,-2.1033E+001
2652.0000,-2.2895E+001
2653.0000,-2.0731E+001
2654.0000,2.9951E+001
2655.0000,2.1565E+001
2656.0000,7.3648E-001
2657.0000,4.8563E+001
2658.0000,7.7441E+001
2659.0000,1.0115E+001
2660.0000,2.0378E+001
2661.0000,4.7380E+001
2662.0000,1.0506E+002
2663.0000,1.2387E+002
2664.0000,1.6801E+001
2665.0000,8.1105E+001
2666.0000,-1.2692E+001
2667.0000,-5.9705E+001
2668.0000,-5.6280E+001
2669.0000,-3.1125E+001
2670.0000,-1.5854E+001
2671.0000,-6.6864E+001
2672.0000,-5.1353E+001
2673.0000,-3.3128E+001
2674.0000,-3.7226E+001
2675.0000,-1.1951E+001
2676.0000,-1.4880E+001
2677.0000,-3.4726E+000
2678.0000,-1.5280E+001
2679.0000,-4.7659E+001
2680.0000,-5.1135E+001
2681.0000,-7.1088E+000
2682.0000,5.0372E+001
2683.0000,2.3496E+001
2684.0000,-4.5896E+001
2685.0000,3.6934E+001
2686.0000,-6.4473E+001
2687.0000,-9.3044E+000
2688.0000,-5.4611E+001
2689.0000,-3.2840E+001
2690.0000,-2.8289E+001
2691.0000,-1.1913E+001
2692.0000,1.5070E+001
2693.0000,-1.4248E+001
2694.0000,-3.4254E+001
2695.0000,-2.8515E+001
2696.0000,-3.4131E+001
2697.0000,-2.5463E+001
2698.0000,-5.3036E+001
2699.0000,-1.5646E+001
2700.0000,4.5398E+000
2701.0000,-4.8933E+001
2702.0000,-3.5679E+001
2703.0000,5.7478E+000
2704.0000,1.7404E+000
2705.0000,1.1594E+001
2706.0000,6.5408E+000
2707.0000,2.4503E+001
2708.0000,-1.0977E+001
2709.0000,-1.1937E+001
2710.0000,-7.6196E+001
2711.0000,-1.6606E+001
2712.0000,-1.7648E+001
2713.0000,-2.6053E+001
2714.0000,-3.6047E+001
2715.0000,-1.6520E+001
2716.0000,-9.7648E+000
2717.0000,4.1308E+000
2718.0000,8.3179E+000
2719.0000,-4.1043E+000
2720.0000,-1.6861E+001
2721.0000,-6.7572E+001
2722.0000,-4.4892E+001
2723.0000,-4.2375E+001
2724.0000,-3.3175E+001
2725.0000,-1.8827E+001
2726.0000,-2.5401E+001
2727.0000,-2.2796E+000
2728.0000,-3.0340E+000
2729.0000,2.7079E-001
2730.0000,-1.6856E+001
2731.0000,-1.1789E+001
2732.0000,-1.4292E+001
2733.0000,-1.2398E+001
2734.0000,-2.5056E+001
2735.0000,-1.8234E+001
2736.0000,-3.4340E+001
2737.0000,-2.2455E+001
2738.0000,-1.4395E+001
2739.0000,-2.5000E+001
2740.0000,-2.7552E+001
2741.0000,-2.0046E+001
2742.0000,-6.8368E+001
2743.0000,-4.6401E+001
2744.0000,-2.3684E+001
2745.0000,-2.1146E+001
2746.0000,-1.0426E+001
2747.0000,-4.9005E+001
2748.0000,-6.7648E+001
2749.0000,-4.0683E+001
2750.0000,-1.9131E+001
2751.0000,-2.7471E+001
2752.0000,-2.5431E+001
2753.0000,-2.3191E+001
2754.0000,-3.8859E+001
2755.0000,-1.8801E+001
2756.0000,-1.7507E+001
2757.0000,-4.3273E+001
2758.0000,-9.7745E+000
2759.0000,-8.1558E+000
2760.0000,-4.8739E+001
2761.0000,-5.6613E+001
2762.0000,-5.7363E+001
2763.0000,-1.9586E+001
2764.0000,-2.7634E+001
2765.0000,-7.4100E+000
2766.0000,-1.6960E+001
2767.0000,-3.6863E+001
2768.0000,-2.8025E+001
2769.0000,-3.0727E+001
2770.0000,-5.3567E+001
2771.0000,-3.5846E+001
2772.0000,-2.8157E+001
2773.0000,-1.0377E+001
2774.0000,-7.4314E+001
2775.0000,-8.4290E+001
2776.0000,-4.3339E+001
2777.0000,-4.2001E+001
2778.0000,-4.7369E+001
2779.0000,-2.3851E+001
2780.0000,-1.8078E+001
2781.0000,-1.0203E+001
2782.0000,-3.3141E+001
2783.0000,-5.4396E+001
2784.0000,-1.7442E+001
2785.0000,-3.6468E+001
2786.0000,-7.0965E+001
2787.0000,-2.1877E+001
2788.0000,-2.6865E+001
2789.0000,-5.2567E+001
2790.0000,9.7763E+000
2791.0000,-1.4610E+001
2792.0000,-1.2045E+001
2793.0000,-1.0716E+001
2794.0000,-4.6756E+000
2795.0000,-3.4847E+001
2796.0000,-4.1771E+001
2797.0000,-4.8384E+001
2798.0000,-3.8393E+001
2799.0000,-3.6102E+001
2800.0000,-3.9207E+001
2801.0000,-1.2683E+001
2802.0000,-5.7255E+000
2803.0000,-4.0797E+001
2804.0000,-1.4397E+001
2805.0000,-4.5095E+001
2806.0000,-2.8885E+001
2807.0000,-2.3470E+001
2808.0000,-9.1538E+000
2809.0000,-1.1421E+001
2810.0000,-5.9231E+001
2811.0000,-2.7256E+001
2812.0000,-4.5592E+001
2813.0000,-2.0229E+001
2814.0000,-3.3142E+001
2815.0000,-3.2928E+001
2816.0000,-3.2765E+001
2817.0000,-2.7018E+001
2818.0000,-9.8464E+000
2819.0000,-4.6539E+000
2820.0000,-4.1970E+001
2821.0000,-5.4610E+001
2822.0000,-6.8328E+001
2823.0000,-9.1263E+001
2824.0000,-5.7968E+001
2825.0000,-4.1930E+001
2826.0000,-5.5371E+001
2827.0000,-4.4617E+001
2828.0000,-3.7051E+001
2829.0000,5.7625E+000
2830.0000,9.5681E+000
2831.0000,1.2817E+000
2832.0000,-6.0891E+001
2833.0000,-2.4829E+001
2834.0000,-8.4735E+001
2835.0000,-3.4237E+001
2836.0000,-1.1508E+002
2837.0000,-6.8343E+001
2838.0000,-3.8393E+001
2839.0000,-4.3716E+001
2840.0000,-2.2419E+001
2841.0000,-2.4604E+001
2842.0000,-9.4598E+001
2843.0000,-8.2688E+001
2844.0000,-7.1112E+001
2845.0000,-6.2760E+001
2846.0000,-4.7939E+001
2847.0000,-4.8757E+001
2848.0000,-4.0240E+001
2849.0000,-6.6740E+001
2850.0000,-4.9087E+001
2851.0000,-5.9413E+001
2852.0000,-6.8046E+001
2853.0000,-4.2665E+001
2854.0000,-4.1913E+001
2855.0000,-1.7049E+001
2856.0000,-3.0539E+001
2857.0000,-2.9704E+001
2858.0000,-4.9230E+001
2859.0000,-3.9816E+001
2860.0000,-2.4610E+001
2861.0000,-9.0864E+001
2862.0000,-1.0593E+002
2863.0000,-4.8479E+001
2864.0000,-3.9376E+001
2865.0000,-4.7837E+001
2866.0000,-3.6898E+001
2867.0000,-5.1674E+001
2868.0000,-7.8420E+000
2869.0000,1.0523E+000
2870.0000,1.8444E+001
2871.0000,-2.2177E+000
2872.0000,-2.4647E+001
2873.0000,-2.3485E+001
2874.0000,1.0307E+001
2875.0000,-3.2695E+001
2876.0000,-3.9268E+001
2877.0000,-4.5000E+001
2878.0000,-5.2501E+001
2879.0000,-2.6162E+001
2880.0000,-2.3972E+001
2881.0000,-2.3186E+001
2882.0000,-4.5017E+001
2883.0000,-3.8045E+001
2884.0000,-3.1428E+001
2885.0000,-4.7788E+001
2886.0000,-3.2297E+001
2887.0000,-3.8227E+001
2888.0000,-5.1852E+001
2889.0000,-6.2097E+001
2890.0000,-2.7178E+001
2891.0000,-9.6249E+001
2892.0000,-2.4337E+001
2893.0000,-6.6585E+001
2894.0000,-3.6142E+001
2895.0000,-3.3703E+001
2896.0000,-7.8649E+001
2897.0000,-5.7099E+001
2898.0000,-4.6087E+001
2899.0000,0.0000E+000
2900.0000,0.0000E+000
2901.0000,0.0000E+000
2902.0000,0.0000E+000
2903.0000,0.0000E+000
2904.0000,0.0000E+000
2905.0000,0.0000E+000
2906.0000,0.0000E+000
2907.0000,0.0000E+000
2908.0000,6.0709E+000
2909.0000,3.0561E+001
2910.0000,8.9437E+000
2911.0000,0.0000E+000
2912.0000,0.0000E+000
2913.0000,0.0000E+000
2914.0000,0.0000E+000
2915.0000,0.0000E+000
2916.0000,0.0000E+000
2917.0000,0.0000E+000
2918.0000,0.0000E+000
2919.0000,0.0000E+000
2920.0000,0.0000E+000
2921.0000,0.0000E+000
2922.0000,0.0000E+000
2923.0000,0.0000E+000
2924.0000,0.0000E+000
2925.0000,0.0000E+000
2926.0000,0.0000E+000
2927.0000,0.0000E+000
2928.0000,0.0000E+000
2929.0000,0.0000E+000
2930.0000,9.9338E+000
2931.0000,0.0000E+000
2932.0000,0.0000E+000
2933.0000,0.0000E+000
2934.0000,0.0000E+000
2935.0000,0.0000E+000
2936.0000,0.0000E+000
2937.0000,0.0000E+000
2938.0000,0.0000E+000
2939.0000,0.0000E+000
2940.0000,0.0000E+000
2941.0000,0.0000E+000
2942.0000,0.0000E+000
2943.0000,0.0000E+000
2944.0000,0.0000E+000
2945.0000,0.0000E+000
2946.0000,0.0000E+000
2947.0000,0.0000E+000
2948.0000,0.0000E+000
2949.0000,0.0000E+000
2950.0000,0.0000E+000
2951.0000,0.0000E+000
2952.0000,0.0000E+000
2953.0000,0.0000E+000
2954.0000,0.0000E+000
2955.0000,0.0000E+000
2956.0000,0.0000E+000
2957.0000,0.0000E+000
2958.0000,0.0000E+000
2959.0000,0.0000E+000
2960.0000,0.0000E+000
2961.0000,0.0000E+000
2962.0000,0.0000E+000
2963.0000,0.0000E+000
2964.0000,0.0000E+000
2965.0000,0.0000E+000
2966.0000,0.0000E+000
2967.0000,0.0000E+000
2968.0000,0.0000E+000
2969.0000,0.0000E+000
2970.0000,0.0000E+000
2971.0000,0.0000E+000
2972.0000,0.0000E+000
2973.0000,0.0000E+000
2974.0000,2.5773E+000
2975.0000,0.0000E+000
2976.0000,0.0000E+000
2977.0000,0.0000E+000
2978.0000,0.0000E+000
2979.0000,0.0000E+000
2980.0000,0.0000E+000
2981.0000,0.0000E+000
2982.0000,0.0000E+000
2983.0000,0.0000E+000
2984.0000,0.0000E+000
2985.0000,0.0000E+000
2986.0000,0.0000E+000
2987.0000,0.0000E+000
2988.0000,0.0000E+000
2989.0000,0.0000E+000
2990.0000,0.0000E+000
2991.0000,0.0000E+000
2992.0000,0.0000E+000
2993.0000,0.0000E+000
2994.0000,0.0000E+000
2995.0000,4.0507E+000
2996.0000,4.1971E+001
2997.0000,7.8296E+001
2998.0000,9.6990E+001
2999.0000,7.0027E+001
3000.0000,3.4067E+001
3001.0000,6.4815E+001
3002.0000,2.5508E+001
3003.0000,3.1973E+001
3004.0000,9.2365E+001
3005.0000,6.4413E+001
3006.0000,2.0838E+001
3007.0000,3.6786E+001
3008.0000,7.0494E+001
3009.0000,8.1159E+000
3010.0000,0.0000E+000
3011.0000,4.8442E+000
3012.0000,8.3238E+001
3013.0000,3.2909E+001
3014.0000,2.0521E+001
3015.0000,-2.4393E+001
3016.0000,-4.9009E+001
3017.0000,-3.3063E+001
3018.0000,-7.5597E+001
3019.0000,-5.4817E+001
3020.0000,-4.7129E+001
3021.0000,-1.4562E+001
3022.0000,5.0873E+000
3023.0000,1.9364E+001
3024.0000,-1.0161E+001
3025.0000,2.8104E+001
3026.0000,1.1763E+002
3027.0000,8.2522E+001
3028.0000,-5.1974E+001
3029.0000,-1.5110E+001
3030.0000,2.9119E+000
3031.0000,4.2775E+001
3032.0000,1.0132E+001
3033.0000,-3.0532E+001
3034.0000,-6.7590E+000
3035.0000,-2.4076E+001
3036.0000,-3.9981E+000
3037.0000,-1.7261E+001
3038.0000,-7.1958E+000
3039.0000,1.8703E+001
3040.0000,6.3883E-002
3041.0000,1.1583E+000
3042.0000,-3.1975E+000
3043.0000,-6.3814E+000
3044.0000,-3.5626E+001
3045.0000,-3.3125E+001
3046.0000,-2.2407E+001
3047.0000,-5.6030E+000
3048.0000,1.4067E+000
3049.0000,-7.5668E+000
3050.0000,-1.2706E+001
3051.0000,5.0810E+000
3052.0000,2.1484E+001
3053.0000,-4.6177E+001
3054.0000,-3.2338E+001
3055.0000,-6.2489E-001
3056.0000,-2.6323E+001
3057.0000,-8.7762E+000
3058.0000,-1.0484E+001
3059.0000,-1.1567E+001
3060.0000,9.3984E+000
3061.0000,1.7350E+001
3062.0000,-3.7991E+001
3063.0000,-5.8483E+001
3064.0000,-2.8545E+001
3065.0000,-2.8439E+001
3066.0000,-1.8869E+001
3067.0000,-1.6767E+001
3068.0000,-5.1926E+000
3069.0000,-1.0978E+001
3070.0000,-1.8971E+001
3071.0000,-3.4520E+000
3072.0000,-2.3611E+001
3073.0000,-2.9828E+001
3074.0000,-2.7324E+001
3075.0000,-2.5385E+001
3076.0000,-1.5287E+001
3077.0000,-1.1633E+001
3078.0000,-4.0134E+000
3079.0000,-1.3050E+001
3080.0000,-1.0877E+001
3081.0000,-2.8837E+001
3082.0000,-7.2987E+000
3083.0000,-4.5005E+000
3084.0000,-4.0162E+001
3085.0000,-1.6712E+001
3086.0000,-8.5152E+000
3087.0000,-1.2752E+001
3088.0000,-3.6712E+001
3089.0000,-3.3933E+001
3090.0000,-1.9919E+001
3091.0000,-2.6431E+001
3092.0000,-4.2085E+001
3093.0000,-3.9719E+001
3094.0000,-4.7869E+001
3095.0000,-3.2198E+001
3096.0000,-3.9130E+000
3097.0000,1.5168E+001
3098.0000,3.6765E+000
3099.0000,-5.4027E+001
3100.0000,-4.4581E+001
3101.0000,-1.5246E+001
3102.0000,-1.2593E+001
3103.0000,-1.4723E+001
3104.0000,-2.1026E+001
3105.0000,-1.9561E+001
3106.0000,5.2220E-001
3107.0000,-1.5253E+000
3108.0000,-3.0301E+001
3109.0000,-1.3943E+001
3110.0000,-3.4004E+001
3111.0000,-3.1465E+001
3112.0000,-5.5320E+001
3113.0000,-8.7931E+001
3114.0000,-3.9754E+001
3115.0000,-1.3732E+001
3116.0000,-4.0568E+001
3117.0000,-3.5910E+001
3118.0000,-3.7555E+001
3119.0000,-1.8735E+001
3120.0000,-4.4880E+001
3121.0000,-4.6119E+001
3122.0000,-3.8777E+001
3123.0000,-4.7850E+000
3124.0000,-3.5116E+001
3125.0000,-3.5067E+001
3126.0000,-1.9525E+001
3127.0000,-4.9540E+001
3128.0000,-6.2183E+000
3129.0000,9.5793E+000
3130.0000,-6.8629E+000
3131.0000,-1.9911E+001
3132.0000,-2.7688E+001
3133.0000,-1.3234E+001
3134.0000,-2.1201E+001
3135.0000,-2.0426E+001
3136.0000,-1.8277E+001
3137.0000,-2.6867E+001
3138.0000,-2.3394E+001
3139.0000,-1.8966E+001
3140.0000,-2.0633E+001
3141.0000,-2.6704E+001
3142.0000,-2.9929E+001
3143.0000,-3.4998E+001
3144.0000,-1.3942E+001
3145.0000,-4.3179E+001
3146.0000,-2.7570E+001
3147.0000,-1.8510E+001
3148.0000,8.7172E+000
3149.0000,-2.9632E+000
3150.0000,-1.8531E+001
3151.0000,-3.4913E+001
3152.0000,-2.8605E+001
3153.0000,-2.0650E+001
3154.0000,5.0004E+000
3155.0000,-2.7011E+001
3156.0000,-2.9240E+001
3157.0000,-4.3079E+001
3158.0000,8.4737E+000
3159.0000,-1.6245E+000
3160.0000,-1.7560E+001
3161.0000,-5.6580E+001
3162.0000,-3.5885E+000
3163.0000,-5.4824E+001
3164.0000,-2.7043E+001
3165.0000,-2.6923E+001
3166.0000,-3.3005E+001
3167.0000,-4.9998E+001
3168.0000,-6.5305E+001
3169.0000,-3.8889E+001
3170.0000,-4.5662E+001
3171.0000,-1.3227E+001
3172.0000,-1.0388E+001
3173.0000,-6.9963E+000
3174.0000,-1.8232E+001
3175.0000,-2.7114E+001
3176.0000,-2.3929E+001
3177.0000,-1.6625E+001
3178.0000,-8.6496E+000
3179.0000,-4.4210E+001
3180.0000,-4.8829E+001
3181.0000,-4.7346E+001
3182.0000,-4.6363E+001
3183.0000,-2.6023E+001
3184.0000,-7.3775E+001
3185.0000,-5.4504E+001
3186.0000,-3.7021E+001
3187.0000,-5.8144E+001
3188.0000,-5.1863E+001
3189.0000,-9.3103E+001
3190.0000,-5.3354E+001
3191.0000,-5.7347E+001
3192.0000,-6.4993E+001
3193.0000,-6.0356E+001
3194.0000,-5.7382E+001
3195.0000,-5.3850E+001
3196.0000,-9.1712E+001
3197.0000,-8.4085E+001
3198.0000,-5.4759E+001
3199.0000,-4.8300E+001
3200.0000,-6.2464E+001
3201.0000,-3.1284E+001
3202.0000,1.7219E+000
3203.0000,-1.9452E+000
3204.0000,-3.1264E+000
3205.0000,-3.8377E+000
3206.0000,-3.9307E+001
3207.0000,-3.2357E+001
3208.0000,-3.3266E+001
3209.0000,-4.9734E+001
3210.0000,-4.3508E+001
3211.0000,-5.1309E+001
3212.0000,-3.5129E+001
3213.0000,-1.6620E+001
3214.0000,-1.3488E+001
3215.0000,1.3839E+001
3216.0000,-3.4059E+001
3217.0000,-3.6317E+001
3218.0000,-9.1454E+000
3219.0000,-1.7151E+001
3220.0000,-4.7963E+001
3221.0000,-3.5951E+001
3222.0000,-5.6550E+001
3223.0000,-5.3939E+001
3224.0000,-3.6505E+001
3225.0000,1.4916E+001
3226.0000,-2.7597E+001
3227.0000,-1.9536E+001
3228.0000,-2.4855E+001
3229.0000,-5.2422E+001
3230.0000,-4.5158E+001
3231.0000,-5.7144E+001
3232.0000,-8.5563E+001
3233.0000,-9.9069E+001
3234.0000,-6.4397E+001
3235.0000,-7.5373E+001
3236.0000,-2.0610E+001
3237.0000,-7.4208E+000
3238.0000,-1.1232E+002
3239.0000,-5.6561E+001
3240.0000,-2.1823E+001
3241.0000,-3.7343E+000
3242.0000,2.0882E-001
3243.0000,4.4438E+001
3244.0000,-1.0032E+001
3245.0000,-1.7769E+001
3246.0000,-2.7341E+000
3247.0000,-4.4156E+001
3248.0000,2.1960E+000
3249.0000,-9.5311E+001
3250.0000,-7.2893E+001
3251.0000,-3.8287E+001
3252.0000,-2.0590E+001
3253.0000,-5.5158E+001
3254.0000,-7.9851E+001
3255.0000,-2.8394E+001
3256.0000,-4.1318E+001
3257.0000,-5.6994E+001
3258.0000,-2.5168E+001
3259.0000,-2.5540E+001
3260.0000,-1.1393E+001
3261.0000,-2.6968E+001
3262.0000,-2.5284E+001
3263.0000,-1.1864E+001
3264.0000,-1.1259E+001
3265.0000,-5.9195E+000
3266.0000,-8.5754E+001
3267.0000,-9.3727E+001
3268.0000,-6.5694E+001
3269.0000,-2.2502E+001
3270.0000,-3.4157E+001
3271.0000,-6.9491E+000
3272.0000,-5.0046E+001
3273.0000,-2.6151E+001
3274.0000,-4.2949E+001
3275.0000,0.0000E+000
3276.0000,0.0000E+000
3277.0000,0.0000E+000
3278.0000,0.0000E+000
3279.0000,0.0000E+000
3280.0000,0.0000E+000
3281.0000,0.0000E+000
3282.0000,0.0000E+000
3283.0000,3.3430E+001
3284.0000,3.0394E-001
3285.0000,0.0000E+000
3286.0000,1.8134E+001
3287.0000,0.0000E+000
3288.0000,7.5333E+000
3289.0000,2.7278E+001
3290.0000,0.0000E+000
3291.0000,0.0000E+000
3292.0000,0.0000E+000
3293.0000,0.0000E+000
3294.0000,0.0000E+000
3295.0000,0.0000E+000
3296.0000,0.0000E+000
3297.0000,0.0000E+000
3298.0000,0.0000E+000
3299.0000,0.0000E+000
3300.0000,0.0000E+000
3301.0000,0.0000E+000
3302.0000,0.0000E+000
3303.0000,0.0000E+000
3304.0000,0.0000E+000
3305.0000,0.0000E+000
3306.0000,0.0000E+000
3307.0000,0.0000E+000
3308.0000,0.0000E+000
3309.0000,0.0000E+000
3310.0000,0.0000E+000
3311.0000,0.0000E+000
3312.0000,0.0000E+000
3313.0000,0.0000E+000
3314.0000,0.0000E+000
3315.0000,0.0000E+000
3316.0000,0.0000E+000
3317.0000,0.0000E+000
3318.0000,0.0000E+000
3319.0000,0.0000E+000
3320.0000,0.0000E+000
3321.0000,0.0000E+000
3322.0000,0.0000E+000
3323.0000,0.0000E+000
3324.0000,0.0000E+000
3325.0000,0.0000E+000
3326.0000,0.0000E+000
3327.0000,0.0000E+000
3328.0000,0.0000E+000
3329.0000,0.0000E+000
3330.0000,0.0000E+000
3331.0000,0.0000E+000
3332.0000,0.0000E+000
3333.0000,0.0000E+000
3334.0000,0.0000E+000
3335.0000,0.0000E+000
3336.0000,0.0000E+000
3337.0000,0.0000E+000
3338.0000,0.0000E+000
3339.0000,0.0000E+000
3340.0000,5.8348E+000
3341.0000,0.0000E+000
3342.0000,0.0000E+000
3343.0000,0.0000E+000
3344.0000,0.0000E+000
3345.0000,0.0000E+000
3346.0000,4.6806E+000
3347.0000,4.9347E+001
3348.0000,7.9134E+001
3349.0000,2.0063E+001
3350.0000,2.2486E+001
3351.0000,5.9966E+001
3352.0000,6.2772E+000
3353.0000,5.0352E+001
3354.0000,0.0000E+000
3355.0000,0.0000E+000
3356.0000,0.0000E+000
3357.0000,4.8736E+001
3358.0000,0.0000E+000
3359.0000,0.0000E+000
3360.0000,5.1415E+001
3361.0000,0.0000E+000
3362.0000,0.0000E+000
3363.0000,0.0000E+000
3364.0000,0.0000E+000
3365.0000,0.0000E+000
3366.0000,6.9540E+001
3367.0000,0.0000E+000
3368.0000,0.0000E+000
3369.0000,0.0000E+000
3370.0000,3.3861E+001
3371.0000,7.3374E+001
3372.0000,1.0340E+002
3373.0000,4.3866E+001
3374.0000,1.0153E+002
3375.0000,2.4282E+001
3376.0000,3.5861E+000
3377.0000,-2.4907E+001
3378.0000,-1.0664E+001
3379.0000,-2.2640E+001
3380.0000,-1.9112E+001
3381.0000,-4.3089E+001
3382.0000,-2.5618E+001
3383.0000,-7.9346E+000
3384.0000,7.4447E+000
3385.0000,4.4201E+000
3386.0000,-7.0361E+000
3387.0000,-9.6908E+000
3388.0000,-2.6563E+001
3389.0000,-3.0172E+001
3390.0000,-2.6591E+001
3391.0000,-1.5271E+001
3392.0000,6.1294E+000
3393.0000,4.5266E+001
3394.0000,3.6299E+001
3395.0000,3.6050E+001
3396.0000,1.4446E+002
3397.0000,-5.1283E-001
3398.0000,1.0094E+001
3399.0000,-1.1046E+001
3400.0000,-3.4345E+001
3401.0000,-8.0565E+000
3402.0000,-2.9571E+001
3403.0000,-2.4836E+001
3404.0000,-5.8700E+001
3405.0000,-3.0058E+001
3406.0000,9.0668E+001
3407.0000,1.1748E+001
3408.0000,-2.2979E+001
3409.0000,-2.8236E+001
3410.0000,-4.0472E+001
3411.0000,-3.9636E+001
3412.0000,-3.2666E+001
3413.0000,-4.4046E+000
3414.0000,2.5167E+000
3415.0000,-4.8716E+001
3416.0000,1.4431E+001
3417.0000,3.2961E+001
3418.0000,-5.5380E+000
3419.0000,1.3112E+001
3420.0000,1.5337E+001
3421.0000,-2.0226E+001
3422.0000,-6.5963E+001
3423.0000,-3.6358E+001
3424.0000,-2.1273E+001
3425.0000,1.1197E+001
3426.0000,-1.4544E+001
3427.0000,-9.7693E+000
3428.0000,-5.4540E+000
3429.0000,-3.4190E+001
3430.0000,-7.8258E+000
3431.0000,-4.3254E+001
3432.0000,-7.7682E+001
3433.0000,-3.1740E+001
3434.0000,-5.6652E+001
3435.0000,-2.7645E+001
3436.0000,-5.4466E+001
3437.0000,-5.3008E+001
3438.0000,1.7987E+000
3439.0000,-3.2469E+001
3440.0000,-2.8726E+001
3441.0000,-1.1328E+001
3442.0000,-2.9257E+001
3443.0000,-3.8448E+001
3444.0000,-1.3983E+001
3445.0000,-6.5875E+000
3446.0000,2.6712E+001
3447.0000,1.2702E+001
3448.0000,-8.4552E+000
3449.0000,-6.2537E+001
3450.0000,-2.8263E+001
3451.0000,-1.9729E+001
3452.0000,-1.3654E+001
3453.0000,-2.9380E+001
3454.0000,-4.7242E+001
3455.0000,-7.0545E+000
3456.0000,-3.9583E+001
3457.0000,-8.8204E+001
3458.0000,-6.4159E+001
3459.0000,-4.6372E+001
3460.0000,-4.6647E+001
3461.0000,-5.3272E+001
3462.0000,-3.3051E+001
3463.0000,-7.0639E+001
3464.0000,-4.2920E+001
3465.0000,-3.6082E+001
3466.0000,-3.3526E+001
3467.0000,-3.6725E+001
3468.0000,-2.4568E+001
3469.0000,-2.7813E+001
3470.0000,-2.4632E+001
3471.0000,-2.8683E+001
3472.0000,-4.4318E+000
3473.0000,-1.0840E+001
3474.0000,-5.6246E+001
3475.0000,-2.3610E+001
3476.0000,-5.0627E+001
3477.0000,-3.4375E+001
3478.0000,-2.3870E+001
3479.0000,-1.7826E+001
3480.0000,-6.6071E+000
3481.0000,-1.6173E+001
3482.0000,-4.6443E+001
3483.0000,-3.5338E+001
3484.0000,-2.1172E+001
3485.0000,-2.5857E+001
3486.0000,-3.1542E+001
3487.0000,-3.1108E+001
3488.0000,-2.0248E+001
3489.0000,-1.0069E+001
3490.0000,-1.1587E+001
3491.0000,-4.6161E+001
3492.0000,-4.2211E+001
3493.0000,-3.5904E+001
3494.0000,-3.1705E+001
3495.0000,-2.8576E+001
3496.0000,-4.3762E+001
3497.0000,-4.9098E+001
3498.0000,-2.1765E+001
3499.0000,-3.6286E+001
3500.0000,-3.1389E+001
3501.0000,-1.1649E+001
3502.0000,-8.5083E+000
3503.0000,-1.7832E+001
3504.0000,-5.8455E+001
3505.0000,-4.8969E+001
3506.0000,-2.7926E+001
3507.0000,-3.8492E+001
3508.0000,-2.1741E+001
3509.0000,-4.8510E+001
3510.0000,-6.8350E+001
3511.0000,-7.1993E+001
3512.0000,-5.1041E+001
3513.0000,-2.6363E+001
3514.0000,-2.2084E+001
3515.0000,-4.7900E+001
3516.0000,-2.3832E+001
3517.0000,-1.0617E+001
3518.0000,-4.6308E+001
3519.0000,-5.9377E+001
3520.0000,-6.6002E+001
3521.0000,-5.8096E+001
3522.0000,-2.4148E+000
3523.0000,-2.9414E+001
3524.0000,-1.4468E+000
3525.0000,-9.0986E+000
3526.0000,1.6185E+001
3527.0000,-2.1818E+001
3528.0000,-4.1312E+001
3529.0000,-4.5030E+001
3530.0000,-3.5284E+001
3531.0000,-2.3234E+001
3532.0000,-1.7149E+001
3533.0000,-1.9597E+001
3534.0000,-1.7605E+001
3535.0000,-4.7159E+000
3536.0000,-1.7527E+001
3537.0000,-5.0970E+001
3538.0000,-5.2003E+001
3539.0000,-4.0394E+001
3540.0000,-5.0153E+001
3541.0000,-3.4290E+001
3542.0000,-1.7821E+001
3543.0000,-2.6800E+001
3544.0000,-1.5630E+001
3545.0000,5.8960E+000
3546.0000,-2.8944E+001
3547.0000,-4.4541E+001
3548.0000,-5.1816E+001
3549.0000,-4.0900E+001
3550.0000,-4.3324E+001
3551.0000,-5.5339E+001
3552.0000,-4.3347E+001
3553.0000,-3.6871E+001
3554.0000,-1.1761E+001
3555.0000,-3.5668E+001
3556.0000,-2.6090E+001
3557.0000,-3.3426E+001
3558.0000,-2.8027E+001
3559.0000,-6.6461E+001
3560.0000,-2.7553E+001
3561.0000,-3.0372E+001
3562.0000,-1.0940E+002
3563.0000,-7.6702E+001
3564.0000,-4.8222E+001
3565.0000,-7.3401E+001
3566.0000,-6.4510E+001
3567.0000,-2.5428E+001
3568.0000,5.7901E+000
3569.0000,-2.6739E+001
3570.0000,-1.8895E+001
3571.0000,-3.9867E+001
3572.0000,-3.5177E+001
3573.0000,-2.4223E+001
3574.0000,-3.6890E+001
3575.0000,-2.9705E+001
3576.0000,-9.7294E+001
3577.0000,-1.2846E+002
3578.0000,-3.0142E+001
3579.0000,-4.6865E+001
3580.0000,-2.0856E+001
3581.0000,-3.1271E+001
3582.0000,-2.9353E+001
3583.0000,2.3866E+001
3584.0000,-1.0657E+001
3585.0000,-2.4511E+001
3586.0000,-2.7643E+001
3587.0000,-2.5688E+001
3588.0000,-1.6718E+001
3589.0000,2.2676E+001
3590.0000,8.9761E+001
3591.0000,-4.7345E+001
3592.0000,-2.7987E+001
3593.0000,-5.4310E+001
3594.0000,-4.3582E+001
3595.0000,-2.8770E+001
3596.0000,-7.4367E+001
3597.0000,-4.9907E+001
3598.0000,-1.4823E+001
3599.0000,-6.6856E+001
3600.0000,-2.9095E+001
3601.0000,-4.2407E+001
3602.0000,-1.3571E+001
3603.0000,-6.6952E+001
3604.0000,-4.7306E+001
3605.0000,-4.7420E+001
3606.0000,-4.5152E+001
3607.0000,-1.0640E+001
3608.0000,2.1075E+001
3609.0000,2.2373E+001
3610.0000,2.0922E+000
3611.0000,7.5424E+000
3612.0000,-3.3716E+001
3613.0000,-3.0410E+001
3614.0000,-2.3237E+001
3615.0000,-4.8876E+001
3616.0000,-7.2706E+001
3617.0000,-4.4616E+001
3618.0000,-2.4659E+001
3619.0000,-6.1161E+001
3620.0000,-2.7454E+001
3621.0000,-4.4389E+001
3622.0000,-4.2194E+001
3623.0000,-5.6845E+001
3624.0000,-6.4025E+001
3625.0000,-6.9001E+001
3626.0000,-3.6702E+001
3627.0000,-2.6997E+001
3628.0000,-1.0572E+001
3629.0000,-3.4800E+001
3630.0000,-1.6041E+001
3631.0000,-1.6478E+000
3632.0000,-2.9829E+001
3633.0000,-2.4704E+001
3634.0000,-1.1964E+002
3635.0000,-1.1023E+002
3636.0000,-7.2387E+001
3637.0000,-3.8472E+001
3638.0000,-4.9775E+001
3639.0000,-5.4693E+001
3640.0000,-1.6256E+002
3641.0000,0.0000E+000
3642.0000,0.0000E+000
3643.0000,0.0000E+000
3644.0000,0.0000E+000
3645.0000,0.0000E+000
3646.0000,0.0000E+000
3647.0000,0.0000E+000
3648.0000,0.0000E+000
3649.0000,0.0000E+000
3650.0000,0.0000E+000
3651.0000,0.0000E+000
3652.0000,9.9967E+001
3653.0000,0.0000E+000
3654.0000,9.2285E+000
3655.0000,0.0000E+000
3656.0000,0.0000E+000
3657.0000,0.0000E+000
3658.0000,0.0000E+000
3659.0000,0.0000E+000
3660.0000,0.0000E+000
3661.0000,0.0000E+000
3662.0000,0.0000E+000
3663.0000,0.0000E+000
3664.0000,0.0000E+000
3665.0000,0.0000E+000
3666.0000,0.0000E+000
3667.0000,0.0000E+000
3668.0000,0.0000E+000
3669.0000,0.0000E+000
3670.0000,0.0000E+000
3671.0000,0.0000E+000
3672.0000,0.0000E+000
3673.0000,0.0000E+000
3674.0000,0.0000E+000
3675.0000,0.0000E+000
3676.0000,0.0000E+000
3677.0000,0.0000E+000
3678.0000,0.0000E+000
3679.0000,0.0000E+000
3680.0000,0.0000E+000
3681.0000,0.0000E+000
3682.0000,0.0000E+000
3683.0000,0.0000E+000
3684.0000,0.0000E+000
3685.0000,0.0000E+000
3686.0000,0.0000E+000
3687.0000,0.0000E+000
3688.0000,0.0000E+000
3689.0000,2.3818E+001
3690.0000,4.9241E+000
3691.0000,0.0000E+000
3692.0000,0.0000E+000
3693.0000,0.0000E+000
3694.0000,0.0000E+000
3695.0000,0.0000E+000
3696.0000,0.0000E+000
3697.0000,9.3278E+000
3698.0000,0.0000E+000
3699.0000,0.0000E+000
3700.0000,0.0000E+000
3701.0000,0.0000E+000
3702.0000,0.0000E+000
3703.0000,0.0000E+000
3704.0000,0.0000E+000
3705.0000,0.0000E+000
3706.0000,0.0000E+000
3707.0000,0.0000E+000
3708.0000,0.0000E+000
3709.0000,0.0000E+000
3710.0000,0.0000E+000
3711.0000,0.0000E+000
3712.0000,0.0000E+000
3713.0000,0.0000E+000
3714.0000,0.0000E+000
3715.0000,0.0000E+000
3716.0000,0.0000E+000
3717.0000,0.0000E+000
3718.0000,9.5968E+001
3719.0000,0.0000E+000
3720.0000,0.0000E+000
3721.0000,0.0000E+000
3722.0000,0.0000E+000
3723.0000,0.0000E+000
3724.0000,0.0000E+000
3725.0000,0.0000E+000
3726.0000,0.0000E+000
3727.0000,0.0000E+000
3728.0000,0.0000E+000
3729.0000,0.0000E+000
3730.0000,0.0000E+000
3731.0000,0.0000E+000
3732.0000,0.0000E+000
3733.0000,0.0000E+000
3734.0000,0.0000E+000
3735.0000,0.0000E+000
3736.0000,1.6106E+001
3737.0000,0.0000E+000
3738.0000,5.0201E+000
3739.0000,1.9969E+001
3740.0000,5.7548E+001
3741.0000,1.5700E+002
3742.0000,7.2646E+001
3743.0000,2.4875E+001
3744.0000,2.4405E+001
3745.0000,4.3925E+000
3746.0000,1.0732E+001
3747.0000,3.7844E+001
3748.0000,4.0541E+001
3749.0000,6.1382E+001
3750.0000,3.2229E+000
3751.0000,3.2214E+000
3752.0000,1.3843E+001
3753.0000,5.3386E+001
3754.0000,7.1204E+001
3755.0000,-1.8247E+001
3756.0000,-2.4743E+001
3757.0000,-8.2445E+000
3758.0000,-3.5595E-001
3759.0000,4.5315E+000
3760.0000,2.1447E+001
3761.0000,2.6715E+001
3762.0000,3.4270E+001
3763.0000,-1.3997E+001
3764.0000,-1.3699E+001
3765.0000,-8.3967E+001
3766.0000,-8.9858E+001
3767.0000,-4.7377E+001
3768.0000,-1.7318E+001
3769.0000,-2.2752E+001
3770.0000,-3.0303E+001
3771.0000,-1.9567E+001
3772.0000,-1.4467E+001
3773.0000,-3.0177E+001
3774.0000,-4.3886E+001
3775.0000,-3.4406E+001
3776.0000,-2.7683E+001
3777.0000,-2.7109E+001
3778.0000,-9.0078E+000
3779.0000,1.0620E+001
3780.0000,1.0680E+001
3781.0000,2.7589E+001
3782.0000,2.9417E+001
3783.0000,1.2701E+001
3784.0000,-8.2872E+001
3785.0000,-4.8674E+001
3786.0000,5.8664E+000
3787.0000,-4.7517E+001
3788.0000,-2.0323E+001
3789.0000,-1.3295E+001
3790.0000,-8.2729E+000
3791.0000,8.4300E-001
3792.0000,-6.0278E+000
3793.0000,-1.5755E+001
3794.0000,-2.6826E-001
3795.0000,-7.3309E+000
3796.0000,-8.0976E+000
3797.0000,-1.7649E+001
3798.0000,-7.0792E+000
3799.0000,-2.5942E+001
3800.0000,-3.6090E+001
3801.0000,-2.3603E+001
3802.0000,-1.9085E+001
3803.0000,-1.7819E+001
3804.0000,-2.6241E+001
3805.0000,-2.3518E+001
3806.0000,-1.8613E+001
3807.0000,-1.1615E+001
3808.0000,1.0149E+001
3809.0000,2.1665E+000
3810.0000,7.5707E-001
3811.0000,4.2199E+000
3812.0000,-5.5254E+000
3813.0000,2.5685E-001
3814.0000,-5.3256E-001
3815.0000,-3.8708E+000
3816.0000,-8.4188E+000
3817.0000,-1.9698E+001
3818.0000,-4.8303E+001
3819.0000,-4.8030E+001
3820.0000,-5.8144E+001
3821.0000,-2.5922E+001
3822.0000,-4.0106E+001
3823.0000,-4.0704E+001
3824.0000,-2.0706E+001
3825.0000,-2.0810E+001
3826.0000,-3.8357E+001
3827.0000,-2.7484E+000
3828.0000,1.4268E+000
3829.0000,-6.0969E+000
3830.0000,-1.7209E+001
3831.0000,-1.5148E+001
3832.0000,-6.5735E+000
3833.0000,-2.1077E+001
3834.0000,-6.3957E+001
3835.0000,-3.0146E+001
3836.0000,-6.0044E+001
3837.0000,-2.7052E+001
3838.0000,-4.2833E+001
3839.0000,-2.0211E+001
3840.0000,-4.1532E+001
3841.0000,-3.0281E+001
3842.0000,-3.8900E+001
3843.0000,-3.2346E+001
3844.0000,-3.6604E+001
3845.0000,-2.7247E+001
3846.0000,-1.4540E+001
3847.0000,-8.5755E+000
3848.0000,-1.9027E+001
3849.0000,-2.8336E+001
3850.0000,-3.0076E+001
3851.0000,-1.7658E+001
3852.0000,-3.9653E+001
3853.0000,-3.4208E+001
3854.0000,7.8598E-001
3855.0000,-1.2830E+001
3856.0000,-3.5422E+001
3857.0000,-1.5146E+001
3858.0000,1.2883E+000
3859.0000,-2.1303E+000
3860.0000,-6.4278E+001
3861.0000,-3.3321E+001
