"",21.000
0.0000,0.0000E+000
1.0000,0.0000E+000
2.0000,0.0000E+000
3.0000,0.0000E+000
4.0000,0.0000E+000
5.0000,0.0000E+000
6.0000,0.0000E+000
7.0000,0.0000E+000
8.0000,0.0000E+000
9.0000,0.0000E+000
10.0000,0.0000E+000
11.0000,0.0000E+000
12.0000,0.0000E+000
13.0000,0.0000E+000
14.0000,0.0000E+000
15.0000,0.0000E+000
16.0000,0.0000E+000
17.0000,0.0000E+000
18.0000,0.0000E+000
19.0000,0.0000E+000
20.0000,0.0000E+000
21.0000,0.0000E+000
22.0000,0.0000E+000
23.0000,0.0000E+000
24.0000,0.0000E+000
25.0000,0.0000E+000
26.0000,0.0000E+000
27.0000,0.0000E+000
28.0000,0.0000E+000
29.0000,0.0000E+000
30.0000,0.0000E+000
31.0000,0.0000E+000
32.0000,0.0000E+000
33.0000,0.0000E+000
34.0000,0.0000E+000
35.0000,0.0000E+000
36.0000,0.0000E+000
37.0000,0.0000E+000
38.0000,0.0000E+000
39.0000,0.0000E+000
40.0000,0.0000E+000
41.0000,0.0000E+000
42.0000,0.0000E+000
43.0000,0.0000E+000
44.0000,0.0000E+000
45.0000,0.0000E+000
46.0000,0.0000E+000
47.0000,0.0000E+000
48.0000,0.0000E+000
49.0000,0.0000E+000
50.0000,0.0000E+000
51.0000,0.0000E+000
52.0000,0.0000E+000
53.0000,0.0000E+000
54.0000,0.0000E+000
55.0000,0.0000E+000
56.0000,0.0000E+000
57.0000,0.0000E+000
58.0000,0.0000E+000
59.0000,0.0000E+000
60.0000,0.0000E+000
61.0000,0.0000E+000
62.0000,0.0000E+000
63.0000,0.0000E+000
64.0000,0.0000E+000
65.0000,0.0000E+000
66.0000,0.0000E+000
67.0000,0.0000E+000
68.0000,0.0000E+000
69.0000,-8.7102E-001
70.0000,1.1280E+000
71.0000,3.0217E+000
72.0000,2.2576E+000
73.0000,8.9175E-001
74.0000,2.6054E+000
75.0000,1.7466E+000
76.0000,8.1116E-001
77.0000,2.6093E+000
78.0000,6.0387E+000
79.0000,1.4321E+000
80.0000,-9.6977E-001
81.0000,-3.7645E-001
82.0000,-1.1790E+000
83.0000,0.0000E+000
84.0000,-7.0846E+000
85.0000,-2.8575E+001
86.0000,-8.6333E+000
87.0000,-7.5530E+000
88.0000,-8.6075E+000
89.0000,-1.9069E+001
90.0000,-1.3241E+001
91.0000,-5.9665E+000
92.0000,-5.0767E+000
93.0000,-1.1937E+002
94.0000,-4.5546E+001
95.0000,-2.0809E+001
96.0000,-2.0456E+001
97.0000,-6.4078E+000
98.0000,-1.8679E+001
99.0000,-6.4991E+001
100.0000,-3.6799E+001
101.0000,1.3381E+001
102.0000,-2.2551E+001
103.0000,-2.1116E+001
104.0000,-4.1604E+001
105.0000,-1.0512E+001
106.0000,4.2940E+000
107.0000,-8.8244E+000
108.0000,-6.1505E-003
109.0000,-7.7177E+000
110.0000,-1.6434E+001
111.0000,-2.0638E+001
112.0000,-3.0422E+001
113.0000,-2.7134E+001
114.0000,-2.9754E+001
115.0000,-2.0710E+001
116.0000,-1.0978E+001
117.0000,-2.3316E+001
118.0000,-1.2215E+001
119.0000,-1.7745E+001
120.0000,-2.3922E+001
121.0000,-2.2023E+001
122.0000,-1.2972E+001
123.0000,-1.3821E+001
124.0000,-2.8285E+001
125.0000,-2.8802E+001
126.0000,-1.1602E+001
127.0000,-9.2413E+000
128.0000,-4.6592E+001
129.0000,-1.7124E+001
130.0000,-1.1542E+001
131.0000,-2.4818E+001
132.0000,-9.8900E+000
133.0000,6.3101E+001
134.0000,-3.3050E+001
135.0000,-3.3891E+001
136.0000,2.1681E+001
137.0000,-7.3361E+001
138.0000,-4.2832E+001
139.0000,-5.8768E+001
140.0000,-7.9792E+001
141.0000,-3.0574E+001
142.0000,-9.9916E+000
143.0000,-4.3121E+001
144.0000,-3.1445E+001
145.0000,-4.5074E+001
146.0000,-5.0414E+001
147.0000,-2.1233E+000
148.0000,-3.4068E+001
149.0000,-4.6853E+001
150.0000,-5.3167E+001
151.0000,-2.8002E+001
152.0000,-2.1198E+001
153.0000,-1.3674E+001
154.0000,-4.4978E+001
155.0000,-7.5123E+001
156.0000,-6.7301E+001
157.0000,-2.2849E+001
158.0000,-1.4924E+002
159.0000,-1.0523E+002
160.0000,-6.9157E+001
161.0000,-7.4900E+001
162.0000,-8.9599E+001
163.0000,-1.0440E+002
164.0000,-7.5805E+001
165.0000,-8.8102E+001
166.0000,-8.9384E+001
167.0000,-5.4282E+001
168.0000,-2.6271E+001
169.0000,-5.3999E+001
170.0000,-6.2900E+001
171.0000,-6.4041E+001
172.0000,-1.0297E+002
173.0000,-1.3193E+002
174.0000,-1.3636E+002
175.0000,-1.3693E+002
176.0000,-1.1184E+002
177.0000,-8.7218E+001
178.0000,-1.0372E+002
179.0000,-1.0338E+002
180.0000,-1.0202E+002
181.0000,-2.2979E+002
182.0000,-1.5218E+002
183.0000,-1.7543E+002
184.0000,-7.0289E+001
185.0000,-2.2551E+001
186.0000,-7.2029E+001
187.0000,-1.0581E+002
188.0000,-9.4521E+001
189.0000,-6.4658E+001
190.0000,-7.0593E+001
191.0000,-7.9557E+000
192.0000,-5.7340E+001
193.0000,7.0076E+000
194.0000,-1.9033E+001
195.0000,-5.3626E+001
196.0000,-7.2321E+001
197.0000,-8.9615E+001
198.0000,-1.5750E+002
199.0000,-1.1491E+002
200.0000,-8.1922E+001
201.0000,-8.3859E+001
202.0000,-1.3599E+002
203.0000,-7.3616E+001
204.0000,-8.8537E+001
205.0000,-7.4930E+001
206.0000,-1.1091E+002
207.0000,-1.2649E+002
208.0000,-5.1689E+001
209.0000,-1.3975E+002
210.0000,-9.3387E+001
211.0000,-6.7295E+001
212.0000,-6.6515E+001
213.0000,-9.6799E+001
214.0000,-7.1953E+001
215.0000,-5.6866E+001
216.0000,-6.5017E+001
217.0000,-6.0277E+001
218.0000,-7.8378E+001
219.0000,-9.6725E+001
220.0000,-1.0433E+002
221.0000,-4.3611E+001
222.0000,-9.1724E+001
223.0000,-6.5104E+001
224.0000,-6.3645E+001
225.0000,-6.0316E+001
226.0000,-1.2056E+002
227.0000,-9.2862E+001
228.0000,-5.1793E+001
229.0000,-5.6611E+001
230.0000,-5.6282E+001
231.0000,-1.3576E+002
232.0000,-1.2020E+002
233.0000,-1.2838E+002
234.0000,-1.2893E+002
235.0000,-2.9443E+001
236.0000,-1.2628E+002
237.0000,-8.8481E+001
238.0000,-6.6776E+001
239.0000,-6.5507E+001
240.0000,-4.8973E+001
241.0000,-8.2686E+001
242.0000,-8.2791E+001
243.0000,-1.4548E+002
244.0000,-1.3914E+002
245.0000,-1.2712E+002
246.0000,-9.8538E+001
247.0000,-9.7799E+001
248.0000,-8.0317E+001
249.0000,-7.0729E+001
250.0000,-2.2288E+002
251.0000,-1.3425E+002
252.0000,-1.4076E+002
253.0000,-1.3797E+002
254.0000,-1.2259E+002
255.0000,-4.9973E+001
256.0000,-1.4135E+002
257.0000,-1.4270E+002
258.0000,-1.2756E+002
259.0000,-1.0568E+002
260.0000,-1.1165E+002
261.0000,-8.3253E+001
262.0000,-7.6796E+001
263.0000,-9.0095E+001
264.0000,-1.5547E+002
265.0000,-1.2540E+002
266.0000,-1.3100E+002
267.0000,-8.8765E+001
268.0000,-8.8459E+001
269.0000,-8.3394E+001
270.0000,-8.1692E+001
271.0000,-8.2613E+001
272.0000,-7.3956E+001
273.0000,1.0028E+001
274.0000,-5.9237E+001
275.0000,-7.8654E+001
276.0000,-4.5260E+001
277.0000,-1.1511E+002
278.0000,-5.7333E+001
279.0000,-8.9318E+001
280.0000,-7.2764E+001
281.0000,-6.3578E+001
282.0000,-4.2282E+001
283.0000,-6.6117E+001
284.0000,-5.6161E+001
285.0000,-8.1178E+001
286.0000,-1.0129E+002
287.0000,-1.9353E+002
288.0000,-1.2304E+002
289.0000,-1.1989E+002
290.0000,-5.2546E+001
291.0000,-7.2972E+001
292.0000,-5.9791E+001
293.0000,-1.3118E+002
294.0000,-1.0336E+002
295.0000,-7.0860E+001
296.0000,-1.5680E+002
297.0000,-8.0874E+001
298.0000,-7.6417E+001
299.0000,-2.6796E+001
300.0000,-4.4649E+001
301.0000,-5.1331E+001
302.0000,-4.4190E+001
303.0000,-6.6250E+001
304.0000,-6.3651E+001
305.0000,-1.0751E+001
306.0000,-1.6153E+002
307.0000,-9.7679E+001
308.0000,-8.6848E+001
309.0000,-8.9109E+001
310.0000,-3.7242E+001
311.0000,-1.1533E+002
312.0000,-4.7380E+001
313.0000,-6.4657E+001
314.0000,-1.0245E+002
315.0000,-6.6359E+001
316.0000,-3.6385E+001
317.0000,-4.4661E+001
318.0000,-5.0665E+001
319.0000,-2.7630E+001
320.0000,-2.8464E+001
321.0000,-1.7114E+001
322.0000,-2.7518E+001
323.0000,-2.0897E+001
324.0000,-5.6372E+001
325.0000,-4.3140E+001
326.0000,-5.5260E+001
327.0000,-4.4564E+001
328.0000,-4.9805E+001
329.0000,-1.9529E+001
330.0000,-1.3771E+001
331.0000,-5.8107E+001
332.0000,-2.9579E+001
333.0000,-2.6987E+001
334.0000,-7.8911E+000
335.0000,-2.0575E+001
336.0000,7.6955E-001
337.0000,-2.2068E+001
338.0000,-1.4948E+001
339.0000,-5.4972E+001
340.0000,0.0000E+000
341.0000,0.0000E+000
342.0000,0.0000E+000
343.0000,0.0000E+000
344.0000,0.0000E+000
345.0000,0.0000E+000
346.0000,0.0000E+000
347.0000,0.0000E+000
348.0000,0.0000E+000
349.0000,0.0000E+000
350.0000,0.0000E+000
351.0000,0.0000E+000
352.0000,0.0000E+000
353.0000,0.0000E+000
354.0000,0.0000E+000
355.0000,0.0000E+000
356.0000,0.0000E+000
357.0000,0.0000E+000
358.0000,0.0000E+000
359.0000,0.0000E+000
360.0000,0.0000E+000
361.0000,0.0000E+000
362.0000,0.0000E+000
363.0000,0.0000E+000
364.0000,0.0000E+000
365.0000,0.0000E+000
366.0000,0.0000E+000
367.0000,0.0000E+000
368.0000,0.0000E+000
369.0000,0.0000E+000
370.0000,0.0000E+000
371.0000,0.0000E+000
372.0000,0.0000E+000
373.0000,0.0000E+000
374.0000,0.0000E+000
375.0000,0.0000E+000
376.0000,0.0000E+000
377.0000,0.0000E+000
378.0000,0.0000E+000
379.0000,0.0000E+000
380.0000,0.0000E+000
381.0000,0.0000E+000
382.0000,3.9796E+000
383.0000,0.0000E+000
384.0000,0.0000E+000
385.0000,0.0000E+000
386.0000,0.0000E+000
387.0000,0.0000E+000
388.0000,0.0000E+000
389.0000,0.0000E+000
390.0000,0.0000E+000
391.0000,0.0000E+000
392.0000,0.0000E+000
393.0000,0.0000E+000
394.0000,0.0000E+000
395.0000,0.0000E+000
396.0000,0.0000E+000
397.0000,0.0000E+000
398.0000,0.0000E+000
399.0000,0.0000E+000
400.0000,0.0000E+000
401.0000,0.0000E+000
402.0000,0.0000E+000
403.0000,0.0000E+000
404.0000,0.0000E+000
405.0000,-1.0398E-001
406.0000,0.0000E+000
407.0000,0.0000E+000
408.0000,0.0000E+000
409.0000,0.0000E+000
410.0000,0.0000E+000
411.0000,0.0000E+000
412.0000,0.0000E+000
413.0000,0.0000E+000
414.0000,0.0000E+000
415.0000,0.0000E+000
416.0000,0.0000E+000
417.0000,0.0000E+000
418.0000,-5.2904E-001
419.0000,-2.3703E+000
420.0000,-1.4076E+000
421.0000,-1.5406E+000
422.0000,0.0000E+000
423.0000,0.0000E+000
424.0000,0.0000E+000
425.0000,0.0000E+000
426.0000,0.0000E+000
427.0000,0.0000E+000
428.0000,0.0000E+000
429.0000,0.0000E+000
430.0000,0.0000E+000
431.0000,0.0000E+000
432.0000,0.0000E+000
433.0000,0.0000E+000
434.0000,0.0000E+000
435.0000,0.0000E+000
436.0000,-1.6137E+000
437.0000,-6.9145E-001
438.0000,1.1067E+000
439.0000,-2.8326E-001
440.0000,0.0000E+000
441.0000,0.0000E+000
442.0000,-1.5863E-001
443.0000,0.0000E+000
444.0000,0.0000E+000
445.0000,0.0000E+000
446.0000,0.0000E+000
447.0000,0.0000E+000
448.0000,-4.2597E+000
449.0000,1.9024E+001
450.0000,0.0000E+000
451.0000,0.0000E+000
452.0000,0.0000E+000
453.0000,0.0000E+000
454.0000,0.0000E+000
455.0000,2.4441E+000
456.0000,0.0000E+000
457.0000,0.0000E+000
458.0000,2.1441E-001
459.0000,-4.7341E-002
460.0000,0.0000E+000
461.0000,0.0000E+000
462.0000,0.0000E+000
463.0000,0.0000E+000
464.0000,0.0000E+000
465.0000,0.0000E+000
466.0000,-1.0707E+000
467.0000,5.1594E+000
468.0000,2.3150E+000
469.0000,-1.3098E+001
470.0000,-1.6469E+001
471.0000,-2.0785E+001
472.0000,-8.0822E+000
473.0000,2.4554E+000
474.0000,4.9724E+001
475.0000,2.3385E+001
476.0000,-1.2885E+001
477.0000,-7.0772E+000
478.0000,-2.6137E+001
479.0000,-3.0613E+001
480.0000,5.1426E+000
481.0000,-2.4482E+001
482.0000,-4.0703E+001
483.0000,-3.3420E+001
484.0000,-5.4027E+001
485.0000,-6.0520E+001
486.0000,-3.1728E+001
487.0000,-3.9794E+001
488.0000,-3.9763E+000
489.0000,4.0618E-001
490.0000,-3.2502E+001
491.0000,-2.4984E+001
492.0000,-1.6620E+001
493.0000,-1.7566E+001
494.0000,-2.0461E+000
495.0000,-3.8100E+000
496.0000,-2.6611E+001
497.0000,-3.2022E+001
498.0000,-3.3995E+001
499.0000,-5.4533E+001
500.0000,-3.2663E+001
501.0000,-8.0053E+000
502.0000,1.3936E+001
503.0000,1.3199E+002
504.0000,5.5929E+001
505.0000,3.0021E+001
506.0000,-4.0179E+001
507.0000,-3.5148E+001
508.0000,-1.6232E+001
509.0000,-9.6843E+001
510.0000,-7.9973E+001
511.0000,-6.9385E+001
512.0000,-6.0686E+001
513.0000,-7.6261E+001
514.0000,-6.0569E+001
515.0000,-7.9293E+001
516.0000,-8.8926E+001
517.0000,-3.5841E+001
518.0000,6.5208E+000
519.0000,-1.6793E+001
520.0000,-4.8577E+001
521.0000,-4.2907E+001
522.0000,-4.2687E+001
523.0000,-1.8096E+001
524.0000,-5.8936E+001
525.0000,-4.0356E+001
526.0000,-9.1489E+000
527.0000,-1.2824E+001
528.0000,-1.6410E+001
529.0000,-4.4100E+001
530.0000,-6.9014E+001
531.0000,-6.2375E+001
532.0000,-8.4369E+001
533.0000,-4.9897E+001
534.0000,-5.0141E+001
535.0000,-7.6397E+001
536.0000,-3.9544E+001
537.0000,-5.8267E+001
538.0000,-5.4925E+001
539.0000,-9.6261E+001
540.0000,-4.2838E+001
541.0000,-9.4565E+001
542.0000,-1.1071E+002
543.0000,-9.9957E+001
544.0000,-9.6248E+001
545.0000,-7.0004E+001
546.0000,4.2957E+000
547.0000,-1.2361E+002
548.0000,-1.0676E+002
549.0000,-9.4672E+001
550.0000,-1.6832E+002
551.0000,-1.2728E+002
552.0000,-1.5821E+002
553.0000,-9.8748E+001
554.0000,-1.2363E+002
555.0000,-1.4562E+002
556.0000,-1.4013E+002
557.0000,-1.4905E+002
558.0000,-8.6710E+001
559.0000,-4.4519E+001
560.0000,-5.2517E+001
561.0000,-6.0746E+001
562.0000,-9.4574E+001
563.0000,-8.2553E+001
564.0000,-2.1518E+001
565.0000,-7.9834E+000
566.0000,-1.6069E+002
567.0000,-1.2295E+002
568.0000,-1.3344E+002
569.0000,-1.2656E+002
570.0000,-1.1556E+002
571.0000,-1.2602E+002
572.0000,-9.7303E+001
573.0000,-1.1251E+002
574.0000,-9.5875E+001
575.0000,-6.4864E+001
576.0000,-9.8090E+001
577.0000,-1.1014E+002
578.0000,-7.5976E+001
579.0000,-7.0206E+001
580.0000,-1.2588E+002
581.0000,-1.1014E+002
582.0000,-7.5107E+001
583.0000,5.2652E+000
584.0000,-1.2521E+001
585.0000,-1.1369E+002
586.0000,-1.5330E+002
587.0000,-9.9830E+001
588.0000,-1.3844E+002
589.0000,-1.0482E+002
590.0000,-1.1059E+002
591.0000,-9.8581E+001
592.0000,-1.4686E+002
593.0000,-1.1387E+002
594.0000,-9.9404E+001
595.0000,-1.1179E+002
596.0000,-7.6711E+001
597.0000,-4.1328E+001
598.0000,-7.1119E+001
599.0000,-3.7925E+001
600.0000,-7.7020E+001
601.0000,-1.0581E+002
602.0000,-1.5288E+002
603.0000,-1.2341E+002
604.0000,-9.6529E+001
605.0000,-1.3022E+002
606.0000,-1.0361E+002
607.0000,-8.2355E+001
608.0000,-1.1717E+002
609.0000,-1.0722E+002
610.0000,-1.0848E+002
611.0000,-1.1554E+002
612.0000,-1.0684E+002
613.0000,-8.0287E+001
614.0000,-1.1005E+002
615.0000,-8.7567E+001
616.0000,-4.7770E+001
617.0000,-9.0163E+001
618.0000,-7.8499E+001
619.0000,-1.3536E+002
620.0000,-1.6116E+002
621.0000,-1.7369E+002
622.0000,-1.4972E+002
623.0000,-7.6586E+001
624.0000,-6.5372E+001
625.0000,-9.6417E+001
626.0000,-1.0895E+002
627.0000,-8.8135E+001
628.0000,-9.9049E+001
629.0000,-6.1692E+001
630.0000,-9.1244E+001
631.0000,-8.1746E+001
632.0000,-6.3026E+001
633.0000,-9.1745E+001
634.0000,-1.2065E+002
635.0000,-1.5755E+001
636.0000,-1.4334E+002
637.0000,-9.4712E+001
638.0000,-7.6346E+001
639.0000,-8.0609E+001
640.0000,-7.7691E+001
641.0000,-1.2556E+002
642.0000,-1.0825E+002
643.0000,-8.6609E+001
644.0000,-7.8505E+001
645.0000,-1.7072E+001
646.0000,-8.3980E+001
647.0000,-4.8222E+001
648.0000,-1.1321E+002
649.0000,-7.7390E+001
650.0000,-1.0640E+002
651.0000,-2.7491E+001
652.0000,-4.1291E+001
653.0000,-8.3834E+001
654.0000,-2.7177E+001
655.0000,1.9310E+001
656.0000,-1.3854E+002
657.0000,-1.0178E+002
658.0000,-9.6701E+001
659.0000,-6.2527E+001
660.0000,-2.4701E+001
661.0000,-1.3100E+001
662.0000,-8.4457E+001
663.0000,-5.3652E+001
664.0000,-3.2333E+001
665.0000,2.7615E+001
666.0000,-6.6881E+001
667.0000,-7.3825E+001
668.0000,-4.6039E+001
669.0000,-1.3862E+002
670.0000,-1.0094E+002
671.0000,-1.1459E+002
672.0000,-7.0140E+001
673.0000,-9.5938E+001
674.0000,-2.3983E+001
675.0000,-1.5725E+001
676.0000,-1.7162E+001
677.0000,-5.7627E+001
678.0000,-6.4218E+001
679.0000,-1.0746E+002
680.0000,-9.2499E+001
681.0000,-9.3554E+001
682.0000,-5.3503E+001
683.0000,-6.4254E+001
684.0000,-6.3309E+001
685.0000,-6.5620E+001
686.0000,-1.1368E+001
687.0000,-5.0510E+001
688.0000,-3.9445E+001
689.0000,-3.9088E+001
690.0000,-2.4192E+001
691.0000,-3.5563E+001
692.0000,-2.5953E+001
693.0000,-3.8440E+001
694.0000,-3.6130E+001
695.0000,-7.7466E+001
696.0000,-4.9182E+001
697.0000,-2.8003E+001
698.0000,-2.3112E+001
699.0000,-5.9479E+000
700.0000,-1.1893E+001
701.0000,-3.3275E+001
702.0000,-2.4638E+001
703.0000,-2.5204E+001
704.0000,-2.5831E+001
705.0000,-1.0591E+001
706.0000,-2.3146E+001
707.0000,-3.3614E+001
708.0000,0.0000E+000
709.0000,0.0000E+000
710.0000,0.0000E+000
711.0000,0.0000E+000
712.0000,0.0000E+000
713.0000,0.0000E+000
714.0000,9.8606E-001
715.0000,0.0000E+000
716.0000,0.0000E+000
717.0000,0.0000E+000
718.0000,0.0000E+000
719.0000,0.0000E+000
720.0000,0.0000E+000
721.0000,0.0000E+000
722.0000,0.0000E+000
723.0000,0.0000E+000
724.0000,0.0000E+000
725.0000,0.0000E+000
726.0000,0.0000E+000
727.0000,0.0000E+000
728.0000,0.0000E+000
729.0000,0.0000E+000
730.0000,0.0000E+000
731.0000,0.0000E+000
732.0000,0.0000E+000
733.0000,3.5850E-001
734.0000,0.0000E+000
735.0000,-4.8594E-001
736.0000,0.0000E+000
737.0000,0.0000E+000
738.0000,0.0000E+000
739.0000,0.0000E+000
740.0000,0.0000E+000
741.0000,0.0000E+000
742.0000,0.0000E+000
743.0000,0.0000E+000
744.0000,0.0000E+000
745.0000,0.0000E+000
746.0000,0.0000E+000
747.0000,0.0000E+000
748.0000,0.0000E+000
749.0000,0.0000E+000
750.0000,0.0000E+000
751.0000,0.0000E+000
752.0000,2.6405E+000
753.0000,0.0000E+000
754.0000,0.0000E+000
755.0000,0.0000E+000
756.0000,0.0000E+000
757.0000,0.0000E+000
758.0000,0.0000E+000
759.0000,0.0000E+000
760.0000,0.0000E+000
761.0000,0.0000E+000
762.0000,0.0000E+000
763.0000,0.0000E+000
764.0000,0.0000E+000
765.0000,0.0000E+000
766.0000,0.0000E+000
767.0000,0.0000E+000
768.0000,0.0000E+000
769.0000,0.0000E+000
770.0000,0.0000E+000
771.0000,0.0000E+000
772.0000,0.0000E+000
773.0000,0.0000E+000
774.0000,0.0000E+000
775.0000,0.0000E+000
776.0000,0.0000E+000
777.0000,0.0000E+000
778.0000,0.0000E+000
779.0000,0.0000E+000
780.0000,-2.0955E-001
781.0000,0.0000E+000
782.0000,3.1453E-001
783.0000,0.0000E+000
784.0000,0.0000E+000
785.0000,0.0000E+000
786.0000,0.0000E+000
787.0000,0.0000E+000
788.0000,0.0000E+000
789.0000,0.0000E+000
790.0000,-1.3030E-002
791.0000,0.0000E+000
792.0000,0.0000E+000
793.0000,0.0000E+000
794.0000,0.0000E+000
795.0000,0.0000E+000
796.0000,0.0000E+000
797.0000,0.0000E+000
798.0000,0.0000E+000
799.0000,0.0000E+000
800.0000,-6.6293E-001
801.0000,0.0000E+000
802.0000,0.0000E+000
803.0000,0.0000E+000
804.0000,0.0000E+000
805.0000,0.0000E+000
806.0000,0.0000E+000
807.0000,0.0000E+000
808.0000,0.0000E+000
809.0000,-8.0952E-001
810.0000,-6.6328E-002
811.0000,2.6338E+000
812.0000,-3.8763E-001
813.0000,0.0000E+000
814.0000,5.2449E-001
815.0000,-2.1289E+000
816.0000,1.2635E+000
817.0000,6.9249E+000
818.0000,4.8656E+000
819.0000,7.6097E-001
820.0000,8.2515E-003
821.0000,-1.9203E+000
822.0000,3.2724E-001
823.0000,2.9374E+000
824.0000,2.1869E+001
825.0000,5.1907E+001
826.0000,7.9388E+001
827.0000,-1.3390E+002
828.0000,-7.2243E+001
829.0000,-5.6917E+001
830.0000,-2.7577E+001
831.0000,-1.2715E+001
832.0000,-3.8498E+001
833.0000,-2.5421E+001
834.0000,-3.5641E+001
835.0000,-3.3468E+001
836.0000,-5.3053E+000
837.0000,-4.0648E+001
838.0000,-1.3866E+001
839.0000,2.9833E+000
840.0000,-7.2993E+000
841.0000,-2.4111E+000
842.0000,-1.0411E+001
843.0000,-1.5244E+001
844.0000,-8.8833E+000
845.0000,-1.1660E+001
846.0000,-2.7092E+001
847.0000,-2.2086E+001
848.0000,-2.0083E+001
849.0000,-2.6750E+001
850.0000,8.8577E-001
851.0000,-8.6413E+001
852.0000,-1.4615E+001
853.0000,-2.1822E+001
854.0000,-5.6330E+001
855.0000,-4.4281E+001
856.0000,-4.3344E+001
857.0000,-1.5676E+001
858.0000,-1.7382E+001
859.0000,-5.9997E+001
860.0000,-6.0577E+001
861.0000,-5.3667E+001
862.0000,-6.3740E+001
863.0000,-6.4936E+001
864.0000,-3.5986E+001
865.0000,-8.0152E+001
866.0000,-5.0215E+001
867.0000,-2.6864E+001
868.0000,-3.7960E+001
869.0000,1.0180E+001
870.0000,-2.6853E+001
871.0000,-5.3949E+001
872.0000,-4.5418E+001
873.0000,-4.8951E+001
874.0000,-3.3992E+001
875.0000,-1.6950E+001
876.0000,-8.4359E+001
877.0000,-8.4884E+001
878.0000,-6.0884E+001
879.0000,-5.1484E+001
880.0000,-2.2218E+001
881.0000,-4.2697E+000
882.0000,-3.4985E+001
883.0000,-5.4948E+001
884.0000,-2.0461E+001
885.0000,-3.4419E+001
886.0000,-6.7841E+001
887.0000,-3.6275E+001
888.0000,-3.5007E+001
889.0000,-4.3525E+001
890.0000,-5.8514E+001
891.0000,-5.0005E+001
892.0000,-3.9111E+001
893.0000,-3.3682E+001
894.0000,-5.5622E+001
895.0000,-1.2810E+002
896.0000,-1.7670E+002
897.0000,-3.8889E+000
898.0000,-4.6452E+001
899.0000,-1.0353E+002
900.0000,-5.3877E+001
901.0000,-2.1344E+001
902.0000,-1.2426E+001
903.0000,-6.2284E+001
904.0000,-5.9932E+001
905.0000,-4.6980E+001
906.0000,-6.7517E+001
907.0000,-1.3504E+002
908.0000,-1.1012E+002
909.0000,-1.3310E+002
910.0000,-6.3243E+001
911.0000,-6.4329E+001
912.0000,-6.1753E+001
913.0000,-1.2283E+002
914.0000,-2.1728E+002
915.0000,-1.3004E+002
916.0000,-1.1368E+002
917.0000,-9.9673E+001
918.0000,-1.1040E+002
919.0000,-1.4439E+002
920.0000,-1.0429E+002
921.0000,-1.2416E+002
922.0000,-1.3627E+002
923.0000,-8.9484E+001
924.0000,-2.1179E+001
925.0000,-1.6744E+001
926.0000,-1.1084E+002
927.0000,-1.0769E+002
928.0000,-7.8559E+001
929.0000,-2.4207E+001
930.0000,-1.1638E+002
931.0000,-1.2014E+002
932.0000,-2.9735E+001
933.0000,-1.4713E+002
934.0000,-1.2825E+002
935.0000,-1.2566E+002
936.0000,-1.1122E+002
937.0000,-2.0250E+001
938.0000,-1.4284E+001
939.0000,-1.0946E+002
940.0000,-1.8788E+002
941.0000,-1.7987E+002
942.0000,-1.4685E+002
943.0000,-1.7549E+002
944.0000,-9.6650E+001
945.0000,-6.9941E+001
946.0000,-7.6065E+001
947.0000,-1.2974E+002
948.0000,-1.5945E+002
949.0000,-1.2027E+002
950.0000,-1.4045E+002
951.0000,-1.4777E+002
952.0000,-5.7115E+001
953.0000,-1.1356E+002
954.0000,-8.7284E+001
955.0000,-7.3267E+001
956.0000,-1.0530E+002
957.0000,-7.6286E+001
958.0000,-4.0855E+001
959.0000,-4.9980E+001
960.0000,-1.2171E+002
961.0000,-7.5801E+001
962.0000,-5.8304E+001
963.0000,-1.1178E+002
964.0000,-8.8363E+001
965.0000,-8.2432E+001
966.0000,-6.7527E+001
967.0000,-7.5963E+001
968.0000,-7.5473E+001
969.0000,-4.0327E+001
970.0000,-5.8952E+001
971.0000,-1.0129E+002
972.0000,-9.7458E+001
973.0000,-3.4379E+001
974.0000,-8.0068E+001
975.0000,-2.5505E+001
976.0000,-1.5751E+002
977.0000,-1.1933E+002
978.0000,-1.2127E+002
979.0000,-8.5460E+001
980.0000,-5.9555E+001
981.0000,-5.6153E+001
982.0000,-6.2068E+001
983.0000,-8.0869E+001
984.0000,-8.0282E+001
985.0000,-5.6447E+001
986.0000,-9.0233E+001
987.0000,-4.3976E+001
988.0000,-6.4644E+001
989.0000,-3.9968E+001
990.0000,1.3971E+001
991.0000,-1.1863E+002
992.0000,-1.2270E+002
993.0000,-8.2968E+001
994.0000,-1.0583E+002
995.0000,-9.3860E+001
996.0000,-5.3682E+001
997.0000,-1.2314E+002
998.0000,-1.4894E+002
999.0000,-6.8347E+001
1000.0000,-1.1022E+002
1001.0000,-9.5370E+001
1002.0000,-1.3370E+002
1003.0000,-1.7058E+002
1004.0000,-1.0148E+002
1005.0000,-1.1175E+002
1006.0000,-4.4245E+001
1007.0000,-4.5207E+001
1008.0000,-1.1704E+002
1009.0000,-2.4008E+001
1010.0000,-2.6725E+001
1011.0000,-3.4673E+001
1012.0000,-3.8198E+001
1013.0000,-1.1732E+002
1014.0000,-8.6465E+001
1015.0000,-5.7934E+001
1016.0000,-6.7019E+001
1017.0000,-1.8715E+002
1018.0000,-8.2989E+001
1019.0000,-6.9928E+001
1020.0000,-6.9010E+001
1021.0000,-7.3944E+001
1022.0000,-1.0385E+002
1023.0000,-1.2993E+002
1024.0000,-7.8346E+001
1025.0000,-1.2690E+002
1026.0000,-7.9562E+001
1027.0000,-5.8673E+001
1028.0000,-1.1607E+002
1029.0000,-1.0873E+002
1030.0000,-1.5622E+002
1031.0000,-1.0828E+002
1032.0000,-7.3117E+001
1033.0000,-5.4307E+001
1034.0000,-4.6693E+000
1035.0000,1.0254E+000
1036.0000,-6.4985E+001
1037.0000,-6.6487E+001
1038.0000,-6.7144E+001
1039.0000,-3.1478E+001
1040.0000,-4.6811E+001
1041.0000,-3.4420E+001
1042.0000,-2.5094E+001
1043.0000,-2.7692E+001
1044.0000,-5.6106E+001
1045.0000,-6.2068E+001
1046.0000,-1.0917E+002
1047.0000,-6.5980E+001
1048.0000,-6.5542E+001
1049.0000,-4.4385E+001
1050.0000,-7.2257E+001
1051.0000,-8.0978E+001
1052.0000,-5.9950E+001
1053.0000,-5.0095E+001
1054.0000,-4.6813E+001
1055.0000,-4.3456E+001
1056.0000,-3.6654E+001
1057.0000,-6.3852E+001
1058.0000,-6.0517E+001
1059.0000,-4.6464E+001
1060.0000,-1.1261E+001
1061.0000,-2.8433E+001
1062.0000,-2.1314E-001
1063.0000,-4.4084E+000
1064.0000,-4.4435E-001
1065.0000,-2.7324E+001
1066.0000,-2.1136E+001
1067.0000,-1.1549E+001
1068.0000,-2.3808E+001
1069.0000,-4.4117E+001
1070.0000,-4.5315E+001
1071.0000,-3.0662E+001
1072.0000,-1.7570E+001
1073.0000,-1.2614E+001
1074.0000,-1.6113E+001
1075.0000,-1.6635E+001
1076.0000,-1.4725E+001
1077.0000,-3.6990E+001
1078.0000,-1.9868E+001
1079.0000,-2.7378E+001
1080.0000,-1.8545E+001
1081.0000,-1.5009E+001
1082.0000,-1.8312E+001
1083.0000,-2.2462E+000
1084.0000,-6.2434E+000
1085.0000,-1.0609E+001
1086.0000,0.0000E+000
1087.0000,0.0000E+000
1088.0000,0.0000E+000
1089.0000,0.0000E+000
1090.0000,0.0000E+000
1091.0000,0.0000E+000
1092.0000,0.0000E+000
1093.0000,0.0000E+000
1094.0000,0.0000E+000
1095.0000,0.0000E+000
1096.0000,0.0000E+000
1097.0000,0.0000E+000
1098.0000,3.7970E+000
1099.0000,0.0000E+000
1100.0000,1.1966E-001
1101.0000,1.4066E-001
1102.0000,-2.4497E-001
1103.0000,0.0000E+000
1104.0000,0.0000E+000
1105.0000,0.0000E+000
1106.0000,0.0000E+000
1107.0000,0.0000E+000
1108.0000,0.0000E+000
1109.0000,0.0000E+000
1110.0000,0.0000E+000
1111.0000,0.0000E+000
1112.0000,0.0000E+000
1113.0000,0.0000E+000
1114.0000,0.0000E+000
1115.0000,0.0000E+000
1116.0000,0.0000E+000
1117.0000,0.0000E+000
1118.0000,0.0000E+000
1119.0000,0.0000E+000
1120.0000,0.0000E+000
1121.0000,0.0000E+000
1122.0000,0.0000E+000
1123.0000,0.0000E+000
1124.0000,0.0000E+000
1125.0000,0.0000E+000
1126.0000,0.0000E+000
1127.0000,0.0000E+000
1128.0000,-6.5820E-001
1129.0000,0.0000E+000
1130.0000,0.0000E+000
1131.0000,0.0000E+000
1132.0000,0.0000E+000
1133.0000,0.0000E+000
1134.0000,0.0000E+000
1135.0000,0.0000E+000
1136.0000,0.0000E+000
1137.0000,2.3018E-002
1138.0000,-1.3925E+000
1139.0000,0.0000E+000
1140.0000,0.0000E+000
1141.0000,0.0000E+000
1142.0000,2.1494E-001
1143.0000,1.2502E+000
1144.0000,-7.1867E-001
1145.0000,1.0132E-002
1146.0000,-1.0562E-002
1147.0000,-3.9272E-001
1148.0000,-2.3376E-002
1149.0000,-2.7228E-001
1150.0000,1.3317E+000
1151.0000,-2.4478E-001
1152.0000,4.9809E+000
1153.0000,1.3169E+001
1154.0000,5.1876E-001
1155.0000,-3.7498E-001
1156.0000,0.0000E+000
1157.0000,-5.6973E-001
1158.0000,0.0000E+000
1159.0000,0.0000E+000
1160.0000,0.0000E+000
1161.0000,0.0000E+000
1162.0000,0.0000E+000
1163.0000,0.0000E+000
1164.0000,0.0000E+000
1165.0000,0.0000E+000
1166.0000,0.0000E+000
1167.0000,0.0000E+000
1168.0000,0.0000E+000
1169.0000,0.0000E+000
1170.0000,0.0000E+000
1171.0000,0.0000E+000
1172.0000,0.0000E+000
1173.0000,0.0000E+000
1174.0000,0.0000E+000
1175.0000,0.0000E+000
1176.0000,0.0000E+000
1177.0000,0.0000E+000
1178.0000,0.0000E+000
1179.0000,-4.9173E-001
1180.0000,1.4807E+001
1181.0000,1.1036E+002
1182.0000,8.4498E+001
1183.0000,1.0829E+001
1184.0000,1.4152E+002
1185.0000,5.2123E+001
1186.0000,6.6043E+000
1187.0000,-8.7868E+000
1188.0000,-5.4988E+000
1189.0000,-2.8035E+001
1190.0000,-1.8483E+001
1191.0000,-2.4628E+001
1192.0000,-9.8026E+000
1193.0000,-7.4190E+000
1194.0000,-2.5161E+001
1195.0000,-3.4197E+001
1196.0000,-2.5895E+001
1197.0000,-9.0507E+000
1198.0000,-1.3880E+001
1199.0000,1.2634E+001
1200.0000,-1.1758E+001
1201.0000,-4.7254E+001
1202.0000,-5.4597E+001
1203.0000,-4.8733E+001
1204.0000,-2.9778E+001
1205.0000,-1.9085E+001
1206.0000,-1.0097E+001
1207.0000,-1.1232E+001
1208.0000,-2.6024E+001
1209.0000,-4.2581E+001
1210.0000,-4.2373E+001
1211.0000,-7.0973E+000
1212.0000,-7.0412E+001
1213.0000,-6.3437E+001
1214.0000,-3.4491E+001
1215.0000,-1.6704E+001
1216.0000,2.7504E-001
1217.0000,-3.2782E+000
1218.0000,-1.2465E+001
1219.0000,-1.0712E+001
1220.0000,-2.5752E+001
1221.0000,-2.8133E+001
1222.0000,-8.2923E+000
1223.0000,-7.5415E+000
1224.0000,-3.3699E+001
1225.0000,-7.0506E+001
1226.0000,-4.2587E+001
1227.0000,-7.9558E+001
1228.0000,2.5831E+000
1229.0000,-5.8454E+001
1230.0000,5.4289E+000
1231.0000,3.8102E+001
1232.0000,-7.3810E+001
1233.0000,-2.8544E+001
1234.0000,-1.0946E+001
1235.0000,-6.2676E+001
1236.0000,-9.1398E+001
1237.0000,-1.1191E+002
1238.0000,-8.6165E+001
1239.0000,-9.2805E+001
1240.0000,-5.0272E+001
1241.0000,-5.9387E+001
1242.0000,-9.6521E+001
1243.0000,-4.3369E+001
1244.0000,1.7549E+001
1245.0000,-9.0735E+001
1246.0000,-4.2770E+000
1247.0000,-1.2342E+002
1248.0000,-1.0418E+002
1249.0000,-9.2631E+001
1250.0000,-1.3899E+002
1251.0000,-9.4908E+001
1252.0000,-9.6487E+001
1253.0000,-9.3842E+001
1254.0000,-7.2526E+001
1255.0000,-1.1988E+002
1256.0000,-2.8567E+001
1257.0000,-7.1143E+001
1258.0000,-3.9477E+001
1259.0000,-4.2668E+001
1260.0000,-4.6977E+001
1261.0000,-5.8590E+001
1262.0000,-1.3504E+001
1263.0000,-5.2713E+001
1264.0000,-6.8722E+001
1265.0000,-1.7481E+001
1266.0000,-7.2112E+001
1267.0000,-2.8709E+001
1268.0000,-1.1269E+002
1269.0000,-8.3150E+001
1270.0000,-1.0529E+002
1271.0000,-4.5840E+001
1272.0000,-2.3125E+001
1273.0000,-7.2958E+001
1274.0000,-7.8374E+001
1275.0000,-1.2634E+002
1276.0000,-1.3670E+002
1277.0000,-1.0627E+002
1278.0000,-1.5660E+002
1279.0000,-1.4789E+002
1280.0000,-7.1568E+001
1281.0000,-1.7212E+002
1282.0000,-1.2325E+002
1283.0000,-5.7496E+001
1284.0000,-6.0837E+001
1285.0000,-8.5820E+001
1286.0000,-1.1646E+002
1287.0000,-1.8349E+002
1288.0000,-1.7445E+002
1289.0000,-1.8987E+002
1290.0000,-1.1138E+002
1291.0000,-1.1690E+002
1292.0000,-9.9739E+001
1293.0000,-1.6363E+002
1294.0000,-1.3217E+002
1295.0000,-1.2154E+002
1296.0000,-1.1648E+002
1297.0000,-7.3508E+001
1298.0000,-1.1047E+002
1299.0000,-1.6355E+002
1300.0000,-1.7534E+002
1301.0000,-1.0557E+002
1302.0000,-1.2358E+002
1303.0000,-1.7060E+002
1304.0000,-1.3302E+002
1305.0000,-1.3779E+002
1306.0000,-8.8780E+001
1307.0000,-1.5226E+002
1308.0000,-1.2845E+002
1309.0000,-1.3820E+002
1310.0000,-7.6739E+001
1311.0000,-8.6354E+001
1312.0000,-9.3202E+001
1313.0000,-7.2772E+001
1314.0000,-7.4539E+001
1315.0000,-7.4062E+001
1316.0000,-6.0206E+001
1317.0000,-7.4335E+001
1318.0000,-1.4671E+002
1319.0000,-1.2687E+002
1320.0000,-1.1581E+002
1321.0000,-9.9523E+001
1322.0000,-8.0751E+001
1323.0000,-1.2880E+002
1324.0000,-8.0973E+001
1325.0000,-8.1969E+001
1326.0000,-1.6798E+002
1327.0000,-1.2398E+002
1328.0000,-3.0145E+001
1329.0000,-3.3704E+001
1330.0000,-8.5613E+001
1331.0000,-5.3286E+001
1332.0000,-7.3655E+001
1333.0000,-1.2804E+002
1334.0000,-1.1925E+002
1335.0000,-6.5057E+001
1336.0000,-1.2186E+002
1337.0000,-1.3885E+002
1338.0000,-1.4734E+002
1339.0000,-1.2385E+002
1340.0000,-1.1016E+002
1341.0000,-9.5887E+001
1342.0000,-1.3135E+002
1343.0000,-1.3540E+002
1344.0000,-7.7374E+001
1345.0000,-3.1765E+001
1346.0000,-1.9467E+002
1347.0000,-9.8546E+001
1348.0000,-1.4674E+002
1349.0000,-1.3145E+002
1350.0000,-1.2040E+002
1351.0000,-8.0285E+001
1352.0000,-5.0299E+001
1353.0000,-3.6460E+001
1354.0000,-6.9863E+001
1355.0000,-8.4845E+001
1356.0000,-9.2077E+001
1357.0000,-8.2085E+001
1358.0000,-6.5160E+001
1359.0000,-1.0924E+002
1360.0000,-1.0396E+002
1361.0000,-1.4182E+002
1362.0000,-9.1614E+001
1363.0000,-9.1030E+001
1364.0000,-2.2758E+001
1365.0000,-1.6219E+001
1366.0000,-1.0867E+002
1367.0000,-1.1192E+002
1368.0000,-7.5544E+001
1369.0000,-1.6689E+002
1370.0000,-1.3092E+002
1371.0000,-9.8193E+001
1372.0000,-1.0439E+002
1373.0000,-1.4261E+002
1374.0000,-1.0004E+001
1375.0000,-8.5397E+001
1376.0000,-7.8967E+001
1377.0000,-7.9653E+001
1378.0000,-1.0147E+002
1379.0000,-7.8781E+001
1380.0000,-6.3631E+001
1381.0000,-1.0980E+002
1382.0000,-8.0326E+001
1383.0000,-7.7310E+001
1384.0000,-6.0660E+001
1385.0000,-5.8109E+000
1386.0000,1.4032E+001
1387.0000,-9.6620E+001
1388.0000,-1.2361E+002
1389.0000,-8.4044E+001
1390.0000,-9.1217E+001
1391.0000,-9.0915E+001
1392.0000,-8.7480E+001
1393.0000,-5.0142E+001
1394.0000,-3.7081E+001
1395.0000,-2.4735E+001
1396.0000,-1.4316E-001
1397.0000,-6.3068E+001
1398.0000,-1.3303E+001
1399.0000,-4.6711E+001
1400.0000,-2.7746E+001
1401.0000,-9.3001E+001
1402.0000,-1.3860E+002
1403.0000,-9.7074E+001
1404.0000,-7.3132E+001
1405.0000,-6.3295E+001
1406.0000,-5.5064E+001
1407.0000,-4.2462E+001
1408.0000,-3.1597E+001
1409.0000,-6.2257E+001
1410.0000,-2.0222E+002
1411.0000,-6.9322E+001
1412.0000,-6.1453E+001
1413.0000,-4.9267E+001
1414.0000,-5.7773E+001
1415.0000,-4.2050E+001
1416.0000,-3.3289E+001
1417.0000,-3.0477E+001
1418.0000,-2.4789E+000
1419.0000,-6.9817E+001
1420.0000,-5.3192E+001
1421.0000,-8.5197E+001
1422.0000,-2.8855E+001
1423.0000,-3.4233E+001
1424.0000,-4.7597E+001
1425.0000,-3.1005E+001
1426.0000,-1.1937E+001
1427.0000,-1.6728E+001
1428.0000,2.6579E+001
1429.0000,1.3465E+002
1430.0000,-2.8829E+001
1431.0000,-1.6003E+001
1432.0000,1.4152E+001
1433.0000,6.6082E+000
1434.0000,1.8255E+001
1435.0000,1.6409E+001
1436.0000,-6.0311E+001
1437.0000,-3.8718E+001
1438.0000,-4.3011E+001
1439.0000,-4.1217E+001
1440.0000,-4.9172E+001
1441.0000,-4.5577E+001
1442.0000,-2.7092E+001
1443.0000,-1.8177E+001
1444.0000,-4.7699E+001
1445.0000,-2.5404E+001
1446.0000,-4.1389E+001
1447.0000,-3.7183E+001
1448.0000,-2.5447E+001
1449.0000,-3.1425E+001
1450.0000,-2.5158E+001
1451.0000,-9.9896E+001
1452.0000,-6.8110E+001
1453.0000,-4.2672E+001
1454.0000,0.0000E+000
1455.0000,0.0000E+000
1456.0000,0.0000E+000
1457.0000,0.0000E+000
1458.0000,0.0000E+000
1459.0000,0.0000E+000
1460.0000,0.0000E+000
1461.0000,0.0000E+000
1462.0000,0.0000E+000
1463.0000,0.0000E+000
1464.0000,0.0000E+000
1465.0000,0.0000E+000
1466.0000,0.0000E+000
1467.0000,0.0000E+000
1468.0000,0.0000E+000
1469.0000,0.0000E+000
1470.0000,0.0000E+000
1471.0000,0.0000E+000
1472.0000,0.0000E+000
1473.0000,0.0000E+000
1474.0000,0.0000E+000
1475.0000,0.0000E+000
1476.0000,0.0000E+000
1477.0000,0.0000E+000
1478.0000,-4.2416E-001
1479.0000,0.0000E+000
1480.0000,0.0000E+000
1481.0000,0.0000E+000
1482.0000,0.0000E+000
1483.0000,0.0000E+000
1484.0000,0.0000E+000
1485.0000,0.0000E+000
1486.0000,0.0000E+000
1487.0000,0.0000E+000
1488.0000,0.0000E+000
1489.0000,0.0000E+000
1490.0000,0.0000E+000
1491.0000,0.0000E+000
1492.0000,0.0000E+000
1493.0000,-9.6803E-002
1494.0000,0.0000E+000
1495.0000,-6.5872E-001
1496.0000,0.0000E+000
1497.0000,0.0000E+000
1498.0000,0.0000E+000
1499.0000,0.0000E+000
1500.0000,0.0000E+000
1501.0000,0.0000E+000
1502.0000,3.3144E+000
1503.0000,0.0000E+000
1504.0000,0.0000E+000
1505.0000,0.0000E+000
1506.0000,0.0000E+000
1507.0000,-7.0101E-001
1508.0000,0.0000E+000
1509.0000,0.0000E+000
1510.0000,0.0000E+000
1511.0000,0.0000E+000
1512.0000,0.0000E+000
1513.0000,0.0000E+000
1514.0000,0.0000E+000
1515.0000,0.0000E+000
1516.0000,0.0000E+000
1517.0000,0.0000E+000
1518.0000,9.1532E-001
1519.0000,1.7740E+000
1520.0000,0.0000E+000
1521.0000,-1.4161E+000
1522.0000,0.0000E+000
1523.0000,0.0000E+000
1524.0000,0.0000E+000
1525.0000,0.0000E+000
1526.0000,0.0000E+000
1527.0000,0.0000E+000
1528.0000,0.0000E+000
1529.0000,0.0000E+000
1530.0000,0.0000E+000
1531.0000,0.0000E+000
1532.0000,0.0000E+000
1533.0000,0.0000E+000
1534.0000,0.0000E+000
1535.0000,0.0000E+000
1536.0000,-5.6109E-001
1537.0000,-3.3470E+000
1538.0000,0.0000E+000
1539.0000,-1.9557E+000
1540.0000,-2.5658E+000
1541.0000,0.0000E+000
1542.0000,0.0000E+000
1543.0000,-2.3197E+000
1544.0000,0.0000E+000
1545.0000,0.0000E+000
1546.0000,0.0000E+000
1547.0000,-2.2107E+001
1548.0000,-1.6649E+001
1549.0000,-2.8802E+001
1550.0000,-1.6589E+001
1551.0000,3.7024E+001
1552.0000,2.2455E+001
1553.0000,2.2798E+001
1554.0000,4.3076E+001
1555.0000,-3.1611E+000
1556.0000,1.7747E+001
1557.0000,-1.6460E+001
1558.0000,-2.2219E+000
1559.0000,-2.8282E+001
1560.0000,-4.5241E+001
1561.0000,-2.4162E+001
1562.0000,-1.8811E+001
1563.0000,-1.5896E+001
1564.0000,-1.8133E+001
1565.0000,-2.3816E+001
1566.0000,-2.0903E+001
1567.0000,-2.1202E+001
1568.0000,-2.1823E+001
1569.0000,-2.0646E+001
1570.0000,-1.7410E+001
1571.0000,-1.3776E+001
1572.0000,-2.3021E+001
1573.0000,-6.3462E+001
1574.0000,-5.0943E+001
1575.0000,-3.5349E+001
1576.0000,-3.4453E+001
1577.0000,-4.7087E+001
1578.0000,-2.5806E+001
1579.0000,-5.1841E+001
1580.0000,-4.1959E+001
1581.0000,-2.4239E+001
1582.0000,-4.8177E+001
1583.0000,-4.0496E+001
1584.0000,-1.9801E+001
1585.0000,3.4636E+001
1586.0000,-1.7176E+000
1587.0000,-4.8937E+001
1588.0000,-2.8286E+001
1589.0000,-3.1486E+001
1590.0000,-4.4014E+001
1591.0000,-4.4525E+001
1592.0000,-2.3900E+001
1593.0000,-7.0189E+001
1594.0000,-6.9348E+001
1595.0000,-5.6354E+001
1596.0000,2.4634E+000
1597.0000,3.9944E+001
1598.0000,-2.9928E+001
1599.0000,-6.5791E+001
1600.0000,-6.1477E+001
1601.0000,-3.7363E+001
1602.0000,-1.0099E+001
1603.0000,-5.7948E+001
1604.0000,-1.2677E+002
1605.0000,-8.7041E+001
1606.0000,-5.8114E+001
1607.0000,-7.1123E+001
1608.0000,-3.8995E+001
1609.0000,-4.1865E+001
1610.0000,-6.6684E+001
1611.0000,-3.6475E+001
1612.0000,-1.9472E+001
1613.0000,-4.1803E+001
1614.0000,-7.9270E+001
1615.0000,-1.0222E+002
1616.0000,-4.1369E+001
1617.0000,2.8668E+001
1618.0000,-1.9415E+001
1619.0000,-6.5391E+001
1620.0000,-4.5188E+001
1621.0000,-4.7337E+001
1622.0000,-4.9201E+001
1623.0000,-3.5665E+001
1624.0000,-7.1597E+001
1625.0000,-1.5026E+002
1626.0000,-1.7266E+002
1627.0000,-1.0181E+002
1628.0000,-1.5203E+002
1629.0000,-1.1784E+002
1630.0000,-1.1880E+002
1631.0000,-1.0842E+002
1632.0000,-9.3676E+001
1633.0000,-4.4642E+001
1634.0000,-4.1302E+001
1635.0000,-4.1427E+001
1636.0000,-6.7866E+001
1637.0000,-1.4188E+002
1638.0000,-9.3760E+001
1639.0000,-4.6285E+001
1640.0000,-2.1826E+002
1641.0000,-1.3298E+002
1642.0000,-9.4310E+001
1643.0000,-7.1487E+001
1644.0000,-5.8538E+001
1645.0000,-5.2993E+000
1646.0000,-4.4812E+001
1647.0000,-3.3722E+001
1648.0000,-1.7201E+002
1649.0000,-1.1692E+002
1650.0000,-9.3780E+001
1651.0000,-1.7121E+002
1652.0000,-1.2637E+002
1653.0000,-1.4657E+002
1654.0000,-1.6697E+002
1655.0000,-1.4325E+002
1656.0000,-1.2900E+002
1657.0000,-8.0913E+001
1658.0000,-3.3480E+001
1659.0000,-8.2359E+001
1660.0000,-4.3145E+001
1661.0000,-8.3161E+001
1662.0000,-5.5716E+001
1663.0000,-5.2965E+001
1664.0000,-1.0256E+002
1665.0000,-6.9789E+001
1666.0000,-9.4955E+001
1667.0000,-1.1298E+002
1668.0000,-1.4056E+002
1669.0000,-1.5934E+002
1670.0000,-8.6839E+001
1671.0000,-2.2203E+001
1672.0000,-7.7374E+001
1673.0000,-2.0659E+002
1674.0000,-1.7738E+002
1675.0000,-1.3579E+002
1676.0000,-1.1158E+002
1677.0000,-1.8448E+002
1678.0000,-1.9169E+002
1679.0000,-1.4125E+002
1680.0000,-9.2697E+001
1681.0000,-1.5024E+002
1682.0000,-1.2512E+002
1683.0000,-9.8730E+001
1684.0000,-9.5538E+001
1685.0000,-6.0869E+001
1686.0000,-1.6075E+002
1687.0000,-1.4224E+002
1688.0000,-1.2556E+002
1689.0000,-5.1728E+001
1690.0000,-8.8234E+001
1691.0000,-1.0871E+002
1692.0000,-6.5193E+001
1693.0000,-1.2539E+002
1694.0000,-6.5718E+001
1695.0000,-7.5328E+001
1696.0000,-4.8431E+001
1697.0000,-6.1974E+001
1698.0000,-4.5334E+001
1699.0000,-6.6575E+001
1700.0000,-5.2445E+001
1701.0000,-1.1328E+002
1702.0000,-1.7997E+002
1703.0000,-1.6942E+002
1704.0000,-1.4646E+002
1705.0000,-1.3142E+002
1706.0000,-7.2518E+001
1707.0000,-5.9173E+001
1708.0000,-9.8878E+001
1709.0000,-1.2264E+002
1710.0000,-9.6096E+001
1711.0000,-1.1311E+002
1712.0000,-1.5916E+002
1713.0000,-1.1840E+002
1714.0000,-1.0705E+002
1715.0000,-1.1875E+002
1716.0000,-1.1440E+002
1717.0000,-1.4133E+002
1718.0000,-1.2150E+002
1719.0000,-9.1142E+001
1720.0000,-5.9728E+001
1721.0000,-1.2136E+002
1722.0000,-1.1927E+002
1723.0000,-1.0166E+002
1724.0000,-1.1982E+002
1725.0000,-8.7370E+001
1726.0000,-1.0257E+002
1727.0000,-8.9557E+001
1728.0000,-1.0818E+002
1729.0000,-7.5839E+001
1730.0000,-2.0017E+001
1731.0000,-7.1996E+001
1732.0000,-8.9282E+001
1733.0000,-1.1710E+002
1734.0000,-1.4077E+002
1735.0000,-8.8612E+001
1736.0000,-1.1617E+002
1737.0000,-5.4821E+001
1738.0000,-8.8186E+001
1739.0000,-9.4361E+001
1740.0000,-1.1553E+002
1741.0000,-9.2001E+001
1742.0000,-4.0746E+001
1743.0000,-3.3435E+001
1744.0000,-8.5132E+001
1745.0000,-8.8301E+001
1746.0000,-1.5355E+001
1747.0000,-7.0143E+001
1748.0000,-9.4474E+001
1749.0000,-1.4679E+001
1750.0000,-9.2250E+001
1751.0000,-7.8303E+001
1752.0000,-6.1874E+001
1753.0000,-7.7943E+001
1754.0000,-8.2714E+001
1755.0000,-1.0358E+002
1756.0000,-1.8498E+002
1757.0000,-9.7043E+001
1758.0000,-9.4924E+001
1759.0000,-7.0944E+001
1760.0000,-6.7679E+001
1761.0000,-6.0008E+001
1762.0000,-3.8149E+001
1763.0000,-9.6931E+000
1764.0000,-1.0207E+001
1765.0000,-5.1228E+001
1766.0000,-1.2539E+002
1767.0000,-8.5939E+001
1768.0000,-8.3871E+001
1769.0000,-7.5912E+001
1770.0000,-6.0272E+001
1771.0000,-4.5594E+001
1772.0000,-5.5008E+001
1773.0000,6.2256E+000
1774.0000,5.5005E-001
1775.0000,-4.7594E+001
1776.0000,-3.4241E+001
1777.0000,-1.1792E+001
1778.0000,-2.6494E+001
1779.0000,-5.7312E+001
1780.0000,-4.4843E+001
1781.0000,-4.6505E+001
1782.0000,-5.2590E+001
1783.0000,-1.2035E+001
1784.0000,-3.4829E+001
1785.0000,-3.9446E+001
1786.0000,-1.7931E+001
1787.0000,-9.4346E+000
1788.0000,-6.1296E+001
1789.0000,-4.4990E+001
1790.0000,-4.9783E+001
1791.0000,-2.9351E+001
1792.0000,-3.9509E+001
1793.0000,-4.9828E+001
1794.0000,-3.7255E+001
1795.0000,-7.0999E+001
1796.0000,-3.8257E+001
1797.0000,1.9893E+001
1798.0000,7.2042E+000
1799.0000,-5.3763E+000
1800.0000,-4.1598E+001
1801.0000,-4.2351E+001
1802.0000,-2.8581E+001
1803.0000,-1.6990E+001
1804.0000,-2.7224E+001
1805.0000,-2.1880E+001
1806.0000,-2.0506E+001
1807.0000,-1.1773E+001
1808.0000,-2.0011E+001
1809.0000,-1.2766E+001
1810.0000,-4.5160E+001
1811.0000,-3.2670E+001
1812.0000,-3.4667E+001
1813.0000,0.0000E+000
1814.0000,0.0000E+000
1815.0000,0.0000E+000
1816.0000,0.0000E+000
1817.0000,0.0000E+000
1818.0000,0.0000E+000
1819.0000,0.0000E+000
1820.0000,0.0000E+000
1821.0000,0.0000E+000
1822.0000,0.0000E+000
1823.0000,0.0000E+000
1824.0000,0.0000E+000
1825.0000,0.0000E+000
1826.0000,0.0000E+000
1827.0000,0.0000E+000
1828.0000,0.0000E+000
1829.0000,0.0000E+000
1830.0000,0.0000E+000
1831.0000,0.0000E+000
1832.0000,0.0000E+000
1833.0000,0.0000E+000
1834.0000,0.0000E+000
1835.0000,0.0000E+000
1836.0000,0.0000E+000
1837.0000,0.0000E+000
1838.0000,0.0000E+000
1839.0000,0.0000E+000
1840.0000,0.0000E+000
1841.0000,0.0000E+000
1842.0000,0.0000E+000
1843.0000,0.0000E+000
1844.0000,0.0000E+000
1845.0000,0.0000E+000
1846.0000,0.0000E+000
1847.0000,0.0000E+000
1848.0000,0.0000E+000
1849.0000,0.0000E+000
1850.0000,0.0000E+000
1851.0000,0.0000E+000
1852.0000,0.0000E+000
1853.0000,0.0000E+000
1854.0000,0.0000E+000
1855.0000,0.0000E+000
1856.0000,0.0000E+000
1857.0000,0.0000E+000
1858.0000,0.0000E+000
1859.0000,0.0000E+000
1860.0000,0.0000E+000
1861.0000,0.0000E+000
1862.0000,0.0000E+000
1863.0000,0.0000E+000
1864.0000,0.0000E+000
1865.0000,0.0000E+000
1866.0000,0.0000E+000
1867.0000,0.0000E+000
1868.0000,0.0000E+000
1869.0000,0.0000E+000
1870.0000,0.0000E+000
1871.0000,0.0000E+000
1872.0000,0.0000E+000
1873.0000,0.0000E+000
1874.0000,0.0000E+000
1875.0000,0.0000E+000
1876.0000,0.0000E+000
1877.0000,0.0000E+000
1878.0000,0.0000E+000
1879.0000,1.8535E+000
1880.0000,4.7382E+000
1881.0000,3.1624E+000
1882.0000,2.4935E+001
1883.0000,2.1944E+000
1884.0000,-2.1642E+000
1885.0000,-2.1906E-001
1886.0000,3.8878E+000
1887.0000,-2.9787E+000
1888.0000,0.0000E+000
1889.0000,-3.3493E+000
1890.0000,1.0223E+000
1891.0000,1.9972E+000
1892.0000,4.3569E+000
1893.0000,5.4187E+001
1894.0000,9.7648E+000
1895.0000,-5.1207E+001
1896.0000,-2.7479E+001
1897.0000,-3.4253E+001
1898.0000,-1.2684E+001
1899.0000,-1.5137E+001
1900.0000,-8.9609E+000
1901.0000,-4.9603E+001
1902.0000,-4.2257E+001
1903.0000,-5.4677E+001
1904.0000,-1.5424E+001
1905.0000,-1.7082E+001
1906.0000,2.5672E+000
1907.0000,9.6868E+000
1908.0000,8.6477E+000
1909.0000,1.3781E+001
1910.0000,2.2736E+001
1911.0000,-3.5531E+001
1912.0000,-4.2359E+001
1913.0000,-6.6837E+001
1914.0000,-3.4411E+001
1915.0000,-2.0641E+001
1916.0000,-6.3236E+000
1917.0000,-2.0981E+001
1918.0000,-1.2954E+001
1919.0000,-1.7428E+001
1920.0000,-8.4775E+001
1921.0000,-4.0454E+001
1922.0000,-7.3432E+001
1923.0000,-2.9782E+001
1924.0000,-1.0194E+002
1925.0000,-5.8391E+001
1926.0000,-5.4646E+001
1927.0000,-5.4891E+001
1928.0000,-3.7728E+001
1929.0000,-4.5093E+001
1930.0000,-2.2022E+001
1931.0000,-4.3284E+000
1932.0000,-5.4417E+001
1933.0000,-5.1400E+001
1934.0000,-1.1945E+001
1935.0000,-7.6006E+000
1936.0000,-1.0025E+001
1937.0000,-9.6174E+001
1938.0000,-3.4719E+001
1939.0000,-3.4381E+001
1940.0000,-3.6394E+001
1941.0000,-5.3775E+001
1942.0000,-1.5562E+001
1943.0000,-3.1460E+001
1944.0000,-1.9532E+001
1945.0000,-3.9955E+001
1946.0000,-4.3444E+001
1947.0000,-2.4167E+001
1948.0000,-2.8139E+001
1949.0000,-4.8670E+001
1950.0000,-7.8839E+000
1951.0000,-7.9985E+000
1952.0000,-1.3146E+000
1953.0000,1.3055E+001
1954.0000,-6.0375E+000
1955.0000,-2.2172E+001
1956.0000,-6.4697E+001
1957.0000,-8.3215E+001
1958.0000,7.9335E+000
1959.0000,-7.3956E+001
1960.0000,-1.2579E+002
1961.0000,-9.0047E+001
1962.0000,-6.5901E+001
1963.0000,-3.9012E+001
1964.0000,-1.6041E+001
1965.0000,-1.2610E+002
1966.0000,-5.5338E+001
1967.0000,-5.8558E+001
1968.0000,-3.1024E+001
1969.0000,-1.0337E+001
1970.0000,-4.3862E+001
1971.0000,-1.0791E+002
1972.0000,-3.8312E+001
1973.0000,-1.0837E+002
1974.0000,-3.1481E+001
1975.0000,-5.0958E+001
1976.0000,-5.5308E+001
1977.0000,2.1423E+000
1978.0000,-8.7787E+000
1979.0000,-2.4425E+001
1980.0000,-6.8366E+001
1981.0000,-5.5109E+001
1982.0000,-9.0080E+001
1983.0000,-7.8503E+001
1984.0000,-7.4731E+001
1985.0000,-5.9764E+001
1986.0000,-1.9683E+001
1987.0000,-3.5266E+001
1988.0000,1.8703E+001
1989.0000,-2.8076E+001
1990.0000,-7.5470E+001
1991.0000,-8.6047E+000
1992.0000,-1.3484E+002
1993.0000,-9.0607E+001
1994.0000,-1.1144E+002
1995.0000,-8.3893E+001
1996.0000,-1.1929E+002
1997.0000,-8.4317E+001
1998.0000,-1.5248E+001
1999.0000,-1.3651E+002
2000.0000,-4.0106E+001
2001.0000,-5.1323E+001
2002.0000,-4.8210E+001
2003.0000,-6.9546E+001
2004.0000,-1.4251E+002
2005.0000,-1.3429E+002
2006.0000,-1.0023E+002
2007.0000,-9.1252E+001
2008.0000,-1.0467E+002
2009.0000,-7.4620E+001
2010.0000,-2.4648E+001
2011.0000,-9.3339E+001
2012.0000,-6.1190E+001
2013.0000,-5.6936E+001
2014.0000,-1.5586E+002
2015.0000,-1.5109E+002
2016.0000,-3.7766E+001
2017.0000,-3.2051E+001
2018.0000,-7.6297E+001
2019.0000,-1.3004E+002
2020.0000,-6.6229E+001
2021.0000,-1.0101E+002
2022.0000,-1.1212E+002
2023.0000,-1.1904E+002
2024.0000,-1.1096E+002
2025.0000,-1.9987E+002
2026.0000,-1.4848E+002
2027.0000,-1.3656E+002
2028.0000,-1.2091E+002
2029.0000,-1.0716E+002
2030.0000,-1.2550E+002
2031.0000,-1.2008E+002
2032.0000,-1.4606E+002
2033.0000,-1.0768E+002
2034.0000,-6.3333E+001
2035.0000,-8.0640E+001
2036.0000,-8.3406E+001
2037.0000,-7.8774E+001
2038.0000,-6.4762E+001
2039.0000,-4.4876E+001
2040.0000,-5.7524E+001
2041.0000,-1.3648E+002
2042.0000,-1.5736E+002
2043.0000,-1.6940E+002
2044.0000,-4.0916E+001
2045.0000,-9.7432E+001
2046.0000,-7.0629E+001
2047.0000,-4.6360E+001
2048.0000,-9.0201E+001
2049.0000,-1.0439E+002
2050.0000,-1.3186E+002
2051.0000,-9.3262E+001
2052.0000,-5.5147E+001
2053.0000,-6.8521E+001
2054.0000,-1.9937E+002
2055.0000,-1.1003E+002
2056.0000,-9.6155E+001
2057.0000,-9.4176E+001
2058.0000,-1.4013E+002
2059.0000,-1.2676E+002
2060.0000,-9.0611E+001
2061.0000,-4.1940E+001
2062.0000,-7.1556E+001
2063.0000,-1.2937E+002
2064.0000,-8.0551E+001
2065.0000,-8.2911E+001
2066.0000,-1.3002E+002
2067.0000,-6.4989E+001
2068.0000,-1.3049E+002
2069.0000,-5.9562E+001
2070.0000,-4.6682E+001
2071.0000,-1.0409E+002
2072.0000,-9.6904E+001
2073.0000,-1.4286E+002
2074.0000,-1.8803E+002
2075.0000,-1.7558E+002
2076.0000,-1.5039E+002
2077.0000,-5.9089E+001
2078.0000,-8.4603E+001
2079.0000,-6.6797E+001
2080.0000,-4.2658E+001
2081.0000,-4.5170E+001
2082.0000,-1.3975E+002
2083.0000,-1.0523E+002
2084.0000,-1.6506E+002
2085.0000,-1.1779E+002
2086.0000,-1.4424E+002
2087.0000,-1.1186E+002
2088.0000,-1.3646E+002
2089.0000,-8.6127E+001
2090.0000,-2.2603E+002
2091.0000,-1.5219E+002
2092.0000,-5.9157E+001
2093.0000,-1.2807E+002
2094.0000,-1.1666E+002
2095.0000,-1.1653E+002
2096.0000,-1.0869E+002
2097.0000,-7.4437E+001
2098.0000,-1.0043E+002
2099.0000,-1.0981E+002
2100.0000,-9.4642E+001
2101.0000,-8.6606E+001
2102.0000,-4.5976E+001
2103.0000,-1.1142E+002
2104.0000,-7.9654E+001
2105.0000,-1.0344E+002
2106.0000,-1.5419E+002
2107.0000,-1.6280E+002
2108.0000,-1.0259E+002
2109.0000,-1.2232E+002
2110.0000,-1.1093E+002
2111.0000,-1.0724E+002
2112.0000,-4.8535E+001
2113.0000,-1.6047E+001
2114.0000,-4.5479E+001
2115.0000,-3.1477E+001
2116.0000,-4.1873E+001
2117.0000,-5.8422E+001
2118.0000,-4.5508E+001
2119.0000,-5.7011E+001
2120.0000,-2.0537E+001
2121.0000,-4.9881E+001
2122.0000,-2.6204E+000
2123.0000,3.9723E+000
2124.0000,-1.5956E+001
2125.0000,-6.1665E+000
2126.0000,-1.0221E+001
2127.0000,-1.0843E+002
2128.0000,-8.1848E+001
2129.0000,-8.3023E+001
2130.0000,-5.9894E+001
2131.0000,-2.8231E+001
2132.0000,-7.4466E+000
2133.0000,-7.2622E+001
2134.0000,-8.1648E+001
2135.0000,-8.4096E+001
2136.0000,-1.0517E+002
2137.0000,-7.3119E+001
2138.0000,-1.0657E+002
2139.0000,-4.2957E+001
2140.0000,-1.0860E+002
2141.0000,-5.9965E+001
2142.0000,-5.4991E+001
2143.0000,-3.4344E+001
2144.0000,-8.4857E+001
2145.0000,-7.5951E+001
2146.0000,-5.8987E+001
2147.0000,-8.6359E+001
2148.0000,-5.3109E+001
2149.0000,-6.4932E+001
2150.0000,-9.2326E+001
2151.0000,-1.0227E+002
2152.0000,-6.6145E+001
2153.0000,-3.7313E+001
2154.0000,-4.9177E+001
2155.0000,-4.4250E+001
2156.0000,-2.0550E+001
2157.0000,-2.5609E+001
2158.0000,-2.8507E+001
2159.0000,-2.0415E+001
2160.0000,-1.3918E+001
2161.0000,-1.9106E+001
2162.0000,-4.2113E+001
2163.0000,-2.6470E+001
2164.0000,-5.6593E+001
2165.0000,-8.4678E+001
2166.0000,-4.6688E+001
2167.0000,-2.8191E+001
2168.0000,-2.0235E+001
2169.0000,-3.4433E+001
2170.0000,0.0000E+000
2171.0000,0.0000E+000
2172.0000,0.0000E+000
2173.0000,0.0000E+000
2174.0000,0.0000E+000
2175.0000,0.0000E+000
2176.0000,0.0000E+000
2177.0000,0.0000E+000
2178.0000,0.0000E+000
2179.0000,0.0000E+000
2180.0000,0.0000E+000
2181.0000,0.0000E+000
2182.0000,0.0000E+000
2183.0000,0.0000E+000
2184.0000,0.0000E+000
2185.0000,0.0000E+000
2186.0000,0.0000E+000
2187.0000,0.0000E+000
2188.0000,0.0000E+000
2189.0000,0.0000E+000
2190.0000,0.0000E+000
2191.0000,0.0000E+000
2192.0000,0.0000E+000
2193.0000,0.0000E+000
2194.0000,0.0000E+000
2195.0000,0.0000E+000
2196.0000,0.0000E+000
2197.0000,0.0000E+000
2198.0000,0.0000E+000
2199.0000,0.0000E+000
2200.0000,0.0000E+000
2201.0000,0.0000E+000
2202.0000,0.0000E+000
2203.0000,0.0000E+000
2204.0000,0.0000E+000
2205.0000,0.0000E+000
2206.0000,0.0000E+000
2207.0000,0.0000E+000
2208.0000,0.0000E+000
2209.0000,0.0000E+000
2210.0000,0.0000E+000
2211.0000,0.0000E+000
2212.0000,0.0000E+000
2213.0000,0.0000E+000
2214.0000,0.0000E+000
2215.0000,0.0000E+000
2216.0000,0.0000E+000
2217.0000,0.0000E+000
2218.0000,0.0000E+000
2219.0000,0.0000E+000
2220.0000,0.0000E+000
2221.0000,3.0553E-001
2222.0000,0.0000E+000
2223.0000,0.0000E+000
2224.0000,0.0000E+000
2225.0000,0.0000E+000
2226.0000,0.0000E+000
2227.0000,0.0000E+000
2228.0000,0.0000E+000
2229.0000,0.0000E+000
2230.0000,0.0000E+000
2231.0000,0.0000E+000
2232.0000,0.0000E+000
2233.0000,0.0000E+000
2234.0000,0.0000E+000
2235.0000,0.0000E+000
2236.0000,0.0000E+000
2237.0000,0.0000E+000
2238.0000,0.0000E+000
2239.0000,0.0000E+000
2240.0000,0.0000E+000
2241.0000,0.0000E+000
2242.0000,0.0000E+000
2243.0000,0.0000E+000
2244.0000,0.0000E+000
2245.0000,0.0000E+000
2246.0000,0.0000E+000
2247.0000,4.3016E-001
2248.0000,0.0000E+000
2249.0000,0.0000E+000
2250.0000,0.0000E+000
2251.0000,0.0000E+000
2252.0000,0.0000E+000
2253.0000,0.0000E+000
2254.0000,0.0000E+000
2255.0000,0.0000E+000
2256.0000,0.0000E+000
2257.0000,0.0000E+000
2258.0000,0.0000E+000
2259.0000,0.0000E+000
2260.0000,0.0000E+000
2261.0000,0.0000E+000
2262.0000,0.0000E+000
2263.0000,0.0000E+000
2264.0000,0.0000E+000
2265.0000,1.1892E-001
2266.0000,0.0000E+000
2267.0000,0.0000E+000
2268.0000,0.0000E+000
2269.0000,0.0000E+000
2270.0000,0.0000E+000
2271.0000,-7.9340E-001
2272.0000,-4.4654E-001
2273.0000,-4.2233E-002
2274.0000,0.0000E+000
2275.0000,0.0000E+000
2276.0000,0.0000E+000
2277.0000,0.0000E+000
2278.0000,0.0000E+000
2279.0000,-3.3588E-001
2280.0000,8.5768E-001
2281.0000,5.5466E-001
2282.0000,-1.6626E+000
2283.0000,-1.3902E+000
2284.0000,-6.4681E-001
2285.0000,-8.4863E-001
2286.0000,-2.5174E-001
2287.0000,4.3701E+000
2288.0000,1.6142E+001
2289.0000,9.8112E+000
2290.0000,2.4331E+001
2291.0000,4.0610E-001
2292.0000,3.3655E+001
2293.0000,1.1195E+002
2294.0000,-1.4009E+001
2295.0000,-8.8757E+000
2296.0000,-1.5228E+001
2297.0000,-6.6411E+001
2298.0000,-7.3520E+001
2299.0000,-5.0028E+001
2300.0000,-2.9822E+001
2301.0000,4.9377E+000
2302.0000,9.0695E+001
2303.0000,2.3122E+000
2304.0000,6.4608E+001
2305.0000,-7.7379E+001
2306.0000,-3.0349E+001
2307.0000,-2.8989E+001
2308.0000,-1.5111E+001
2309.0000,-5.0034E+001
2310.0000,-4.3967E+001
2311.0000,-3.5245E+001
2312.0000,1.3815E+001
2313.0000,1.3787E+001
2314.0000,6.1351E+000
2315.0000,-1.8841E+001
2316.0000,-4.0710E+001
2317.0000,-4.6247E+001
2318.0000,9.9427E+000
2319.0000,-6.6226E+001
2320.0000,-4.2008E+001
2321.0000,-3.9404E+001
2322.0000,1.7958E+000
2323.0000,-5.1314E+001
2324.0000,-7.3234E+001
2325.0000,-6.4711E+001
2326.0000,-1.5320E+001
2327.0000,2.5757E+001
2328.0000,-2.0072E+001
2329.0000,-7.9471E+001
2330.0000,-7.0456E+001
2331.0000,-1.1567E+002
2332.0000,-6.7059E+001
2333.0000,-1.0727E+002
2334.0000,-1.0287E+002
2335.0000,-6.9668E+001
2336.0000,-6.2735E+001
2337.0000,-6.9928E+001
2338.0000,-8.7470E+001
2339.0000,-7.1348E+001
2340.0000,-4.8227E+001
2341.0000,-1.0800E+002
2342.0000,-1.2848E+002
2343.0000,-1.0224E+002
2344.0000,-2.8347E+001
2345.0000,-7.6961E+001
2346.0000,-6.7622E+001
2347.0000,-6.8516E+001
2348.0000,-3.8272E+001
2349.0000,-3.9884E+001
2350.0000,-3.7173E+001
2351.0000,-4.7549E+001
2352.0000,-5.3767E+001
2353.0000,-5.6867E+000
2354.0000,2.2505E+001
2355.0000,-3.7371E+001
2356.0000,-3.5256E+001
2357.0000,-1.2260E+001
2358.0000,-9.8447E+001
2359.0000,-1.1363E+002
2360.0000,-7.1282E+001
2361.0000,-1.0839E+002
2362.0000,-9.2339E+001
2363.0000,-1.0503E+002
2364.0000,-7.7308E+001
2365.0000,-8.8097E+001
2366.0000,-1.4702E+002
2367.0000,-1.1375E+002
2368.0000,-7.1822E+001
2369.0000,-1.1219E+002
2370.0000,-1.0942E+002
2371.0000,-1.1629E+002
2372.0000,-1.0911E+002
2373.0000,-8.4051E+001
2374.0000,-1.6067E+002
2375.0000,-1.1600E+002
2376.0000,-7.3359E+001
2377.0000,-1.6767E+002
2378.0000,-1.0092E+002
2379.0000,-1.2151E+002
2380.0000,-3.2709E+001
2381.0000,-3.9509E+001
2382.0000,-1.2198E+002
2383.0000,-1.6583E+002
2384.0000,-1.0172E+002
2385.0000,-1.0043E+002
2386.0000,-1.3960E+002
2387.0000,-1.0429E+002
2388.0000,-1.5505E+002
2389.0000,-1.0118E+002
2390.0000,-5.4361E+001
2391.0000,-8.5734E+001
2392.0000,-7.3666E+001
2393.0000,-6.5964E+001
2394.0000,-7.5307E+001
2395.0000,-1.0392E+002
2396.0000,-1.2973E+002
2397.0000,-1.6144E+002
2398.0000,-1.8851E+002
2399.0000,-1.6738E+002
2400.0000,-1.4912E+002
2401.0000,-6.0555E+001
2402.0000,-1.2970E+002
2403.0000,-8.9539E+001
2404.0000,-7.8854E+001
2405.0000,-1.0788E+001
2406.0000,-9.0898E+001
2407.0000,-1.2022E+002
2408.0000,-1.5577E+002
2409.0000,-1.1224E+002
2410.0000,-8.3583E+001
2411.0000,-8.4529E+001
2412.0000,-1.5174E+002
2413.0000,-2.7208E+002
2414.0000,-1.6188E+002
2415.0000,-1.2331E+002
2416.0000,-1.2519E+002
2417.0000,-1.5244E+002
2418.0000,-1.9693E+002
2419.0000,-9.0172E+001
2420.0000,-1.3164E+002
2421.0000,-1.2011E+002
2422.0000,-1.1335E+002
2423.0000,-8.5597E+001
2424.0000,-1.4501E+002
2425.0000,-5.3903E+001
2426.0000,-4.4222E+001
2427.0000,-8.7148E+001
2428.0000,-6.3485E+001
2429.0000,-7.4300E+001
2430.0000,-8.0782E+001
2431.0000,-1.2883E+002
2432.0000,-1.2462E+002
2433.0000,-1.2433E+002
2434.0000,-1.0470E+002
2435.0000,-9.9753E+001
2436.0000,-1.5435E+002
2437.0000,-1.0005E+002
2438.0000,-1.3885E+002
2439.0000,-1.2645E+002
2440.0000,-1.0839E+002
2441.0000,-3.1219E+001
2442.0000,-8.4539E+000
2443.0000,-4.8039E+001
2444.0000,-1.0836E+002
2445.0000,-1.0142E+002
2446.0000,-9.2788E+001
2447.0000,-8.9230E+001
2448.0000,-1.5815E+002
2449.0000,-1.0573E+002
2450.0000,-7.0325E+001
2451.0000,-5.2839E+001
2452.0000,-3.9226E+001
2453.0000,-7.5985E+001
2454.0000,-7.9277E+001
2455.0000,-4.1859E+001
2456.0000,-5.8745E+001
2457.0000,-5.6672E+001
2458.0000,-1.9953E+002
2459.0000,-1.1635E+002
2460.0000,-1.3916E+002
2461.0000,-8.6387E+001
2462.0000,-7.2923E+001
2463.0000,-8.4765E+001
2464.0000,-6.4330E+001
2465.0000,-6.9564E+001
2466.0000,-2.4345E+001
2467.0000,-8.3885E+001
2468.0000,-5.9954E+001
2469.0000,-8.5812E+001
2470.0000,-1.5222E+002
2471.0000,-9.4063E+001
2472.0000,-1.2078E+002
2473.0000,-1.1702E+002
2474.0000,-4.2850E+001
2475.0000,-6.1856E+001
2476.0000,-5.7742E+001
2477.0000,-5.7139E+001
2478.0000,-4.5678E+001
2479.0000,-8.9724E+001
2480.0000,-8.8833E+001
2481.0000,-9.2194E+001
2482.0000,-1.0316E+002
2483.0000,-5.0611E+001
2484.0000,-7.3741E+001
2485.0000,-2.9501E+001
2486.0000,-4.7424E+001
2487.0000,-2.6352E-001
2488.0000,-8.8198E+000
2489.0000,-1.9619E+002
2490.0000,-2.1768E+002
2491.0000,-1.0629E+002
2492.0000,-8.0178E+001
2493.0000,-7.2705E+001
2494.0000,-5.4235E+001
2495.0000,-2.6998E+001
2496.0000,-7.8687E+001
2497.0000,-1.8190E+000
2498.0000,-5.9868E+001
2499.0000,-3.0954E+001
2500.0000,-3.9026E+001
2501.0000,-6.1167E+001
2502.0000,-9.4946E+000
2503.0000,8.4592E-001
2504.0000,-4.3337E+001
2505.0000,-5.8448E+001
2506.0000,-4.5735E+001
2507.0000,-5.2155E+001
2508.0000,-5.7494E+001
2509.0000,-3.3906E+000
2510.0000,3.3745E+001
2511.0000,3.8296E+000
2512.0000,-1.5771E+001
2513.0000,4.1279E+000
2514.0000,1.7016E+001
2515.0000,-6.0282E+001
2516.0000,-8.6614E+001
2517.0000,-3.8614E+001
2518.0000,-4.7002E+001
2519.0000,7.5771E+000
2520.0000,-4.6910E+000
2521.0000,-2.2333E+001
2522.0000,-3.5179E+001
2523.0000,-2.6471E+001
2524.0000,-2.0802E+001
2525.0000,-3.5018E+001
2526.0000,-2.7506E+001
2527.0000,-3.9195E+001
2528.0000,-2.1668E+001
2529.0000,9.4672E-001
2530.0000,4.4473E+001
2531.0000,-5.4918E+001
2532.0000,-3.0613E+001
2533.0000,-2.3557E+001
2534.0000,-5.2023E+001
2535.0000,-7.8694E+001
2536.0000,-3.8885E+001
2537.0000,-4.1730E+001
2538.0000,-1.6526E+000
2539.0000,-2.6390E+001
2540.0000,-3.3651E+001
2541.0000,-2.5487E+001
2542.0000,2.7386E+000
2543.0000,-2.6477E+001
2544.0000,-2.6657E+001
2545.0000,-6.7402E+001
2546.0000,-3.8859E+001
2547.0000,-5.1538E+001
2548.0000,-2.6101E+001
2549.0000,-9.1291E+001
2550.0000,-6.0890E+001
2551.0000,-4.3425E+001
2552.0000,-4.7719E+001
2553.0000,-3.6390E+001
2554.0000,-5.3596E+001
2555.0000,-4.4217E+001
2556.0000,0.0000E+000
2557.0000,0.0000E+000
2558.0000,0.0000E+000
2559.0000,0.0000E+000
2560.0000,0.0000E+000
2561.0000,0.0000E+000
2562.0000,0.0000E+000
2563.0000,0.0000E+000
2564.0000,0.0000E+000
2565.0000,0.0000E+000
2566.0000,-5.3888E-001
2567.0000,0.0000E+000
2568.0000,0.0000E+000
2569.0000,0.0000E+000
2570.0000,0.0000E+000
2571.0000,0.0000E+000
2572.0000,0.0000E+000
2573.0000,0.0000E+000
2574.0000,0.0000E+000
2575.0000,0.0000E+000
2576.0000,0.0000E+000
2577.0000,0.0000E+000
2578.0000,0.0000E+000
2579.0000,0.0000E+000
2580.0000,0.0000E+000
2581.0000,0.0000E+000
2582.0000,0.0000E+000
2583.0000,0.0000E+000
2584.0000,-7.1995E-001
2585.0000,0.0000E+000
2586.0000,0.0000E+000
2587.0000,0.0000E+000
2588.0000,0.0000E+000
2589.0000,0.0000E+000
2590.0000,0.0000E+000
2591.0000,0.0000E+000
2592.0000,0.0000E+000
2593.0000,0.0000E+000
2594.0000,0.0000E+000
2595.0000,0.0000E+000
2596.0000,0.0000E+000
2597.0000,-1.0630E-001
2598.0000,0.0000E+000
2599.0000,0.0000E+000
2600.0000,0.0000E+000
2601.0000,0.0000E+000
2602.0000,0.0000E+000
2603.0000,0.0000E+000
2604.0000,0.0000E+000
2605.0000,0.0000E+000
2606.0000,-2.9072E-003
2607.0000,1.2637E+000
2608.0000,0.0000E+000
2609.0000,0.0000E+000
2610.0000,0.0000E+000
2611.0000,-9.3405E-001
2612.0000,1.2655E+000
2613.0000,0.0000E+000
2614.0000,0.0000E+000
2615.0000,0.0000E+000
2616.0000,0.0000E+000
2617.0000,0.0000E+000
2618.0000,0.0000E+000
2619.0000,0.0000E+000
2620.0000,0.0000E+000
2621.0000,0.0000E+000
2622.0000,0.0000E+000
2623.0000,0.0000E+000
2624.0000,6.8493E+000
2625.0000,0.0000E+000
2626.0000,0.0000E+000
2627.0000,0.0000E+000
2628.0000,-2.5940E-001
2629.0000,-9.1936E-001
2630.0000,2.7535E+000
2631.0000,0.0000E+000
2632.0000,0.0000E+000
2633.0000,0.0000E+000
2634.0000,-4.3131E-001
2635.0000,2.6728E+000
2636.0000,4.8719E-001
2637.0000,0.0000E+000
2638.0000,0.0000E+000
2639.0000,0.0000E+000
2640.0000,0.0000E+000
2641.0000,0.0000E+000
2642.0000,0.0000E+000
2643.0000,0.0000E+000
2644.0000,1.5136E+000
2645.0000,-2.1572E+000
2646.0000,-2.9954E+001
2647.0000,-3.3825E+001
2648.0000,-1.6959E+001
2649.0000,-1.6559E+001
2650.0000,-2.0874E+001
2651.0000,-2.3529E+001
2652.0000,-2.4531E+001
2653.0000,-4.5550E+001
2654.0000,2.3412E+001
2655.0000,1.6612E+001
2656.0000,-8.5289E+000
2657.0000,1.8072E+001
2658.0000,4.8173E+001
2659.0000,1.7709E+000
2660.0000,1.0642E+001
2661.0000,4.6884E+001
2662.0000,1.1413E+002
2663.0000,1.3607E+002
2664.0000,-1.3559E+001
2665.0000,8.4424E+001
2666.0000,-2.9790E+001
2667.0000,-9.4583E+001
2668.0000,-6.0324E+001
2669.0000,-4.2002E+001
2670.0000,-3.3443E+001
2671.0000,-1.0834E+002
2672.0000,-7.1169E+001
2673.0000,-5.8028E+001
2674.0000,-5.0014E+001
2675.0000,-1.7051E+001
2676.0000,-4.6281E+001
2677.0000,-2.4913E+001
2678.0000,-2.3134E+001
2679.0000,-7.0859E+001
2680.0000,-7.2398E+001
2681.0000,-2.5581E+001
2682.0000,3.2879E+001
2683.0000,2.3155E+001
2684.0000,-7.4901E+001
2685.0000,5.1157E+001
2686.0000,-1.2659E+002
2687.0000,-4.1744E+001
2688.0000,-6.8760E+001
2689.0000,-5.0922E+001
2690.0000,-4.8980E+001
2691.0000,-3.6724E+001
2692.0000,-4.5973E+000
2693.0000,-3.2383E+001
2694.0000,-5.1952E+001
2695.0000,-5.5973E+001
2696.0000,-5.4301E+001
2697.0000,-4.8732E+001
2698.0000,-8.5131E+001
2699.0000,-6.8375E+001
2700.0000,-1.8030E+001
2701.0000,-7.4336E+001
2702.0000,-5.6747E+001
2703.0000,-1.8044E+001
2704.0000,-1.7275E+001
2705.0000,4.4245E+000
2706.0000,-1.0930E+001
2707.0000,2.1549E+001
2708.0000,-5.7720E+001
2709.0000,-5.9153E+001
2710.0000,-1.4012E+002
2711.0000,-3.8533E+001
2712.0000,-4.0877E+001
2713.0000,-6.2795E+001
2714.0000,-8.1038E+001
2715.0000,-6.6362E+001
2716.0000,-5.5693E+001
2717.0000,-1.4987E+001
2718.0000,-7.4331E+000
2719.0000,-2.8569E+001
2720.0000,-4.8751E+001
2721.0000,-1.7184E+002
2722.0000,-1.0931E+002
2723.0000,-1.1175E+002
2724.0000,-1.0641E+002
2725.0000,-7.3346E+001
2726.0000,-9.2843E+001
2727.0000,-5.3627E+001
2728.0000,-4.5932E+001
2729.0000,-2.0431E+001
2730.0000,-8.2406E+001
2731.0000,-7.7747E+001
2732.0000,-9.3279E+001
2733.0000,-6.9296E+001
2734.0000,-1.0414E+002
2735.0000,-7.8110E+001
2736.0000,-1.4096E+002
2737.0000,-1.0082E+002
2738.0000,-7.1705E+001
2739.0000,-1.1814E+002
2740.0000,-1.1821E+002
2741.0000,-1.0294E+002
2742.0000,-2.2882E+002
2743.0000,-1.4147E+002
2744.0000,-1.0518E+002
2745.0000,-1.0571E+002
2746.0000,-7.0924E+001
2747.0000,-1.5616E+002
2748.0000,-1.8951E+002
2749.0000,-1.3372E+002
2750.0000,-9.1355E+001
2751.0000,-1.2859E+002
2752.0000,-1.1494E+002
2753.0000,-1.1420E+002
2754.0000,-1.4262E+002
2755.0000,-9.9087E+001
2756.0000,-8.4699E+001
2757.0000,-1.4735E+002
2758.0000,-5.9822E+001
2759.0000,-9.0107E+001
2760.0000,-1.6642E+002
2761.0000,-1.4618E+002
2762.0000,-1.5898E+002
2763.0000,-8.1535E+001
2764.0000,-1.2316E+002
2765.0000,-4.9735E+001
2766.0000,-9.5138E+001
2767.0000,-1.3817E+002
2768.0000,-1.2932E+002
2769.0000,-1.2122E+002
2770.0000,-1.9542E+002
2771.0000,-1.2701E+002
2772.0000,-1.0313E+002
2773.0000,-6.4887E+001
2774.0000,-2.1592E+002
2775.0000,-2.1153E+002
2776.0000,-1.3420E+002
2777.0000,-1.3604E+002
2778.0000,-1.5237E+002
2779.0000,-9.2454E+001
2780.0000,-9.0694E+001
2781.0000,-4.9416E+001
2782.0000,-1.0341E+002
2783.0000,-1.6458E+002
2784.0000,-7.3097E+001
2785.0000,-1.2821E+002
2786.0000,-1.8780E+002
2787.0000,-8.2677E+001
2788.0000,-9.8496E+001
2789.0000,-1.4102E+002
2790.0000,-9.3355E+000
2791.0000,-4.2954E+001
2792.0000,-4.3031E+001
2793.0000,-5.8728E+001
2794.0000,-3.6371E+001
2795.0000,-1.1724E+002
2796.0000,-1.1371E+002
2797.0000,-1.4003E+002
2798.0000,-1.1588E+002
2799.0000,-1.0325E+002
2800.0000,-1.1797E+002
2801.0000,-6.1655E+001
2802.0000,-5.3127E+001
2803.0000,-1.3917E+002
2804.0000,-8.5421E+001
2805.0000,-1.2214E+002
2806.0000,-1.0174E+002
2807.0000,-1.0656E+002
2808.0000,-6.6930E+001
2809.0000,-8.2637E+001
2810.0000,-1.4884E+002
2811.0000,-1.0884E+002
2812.0000,-1.4913E+002
2813.0000,-8.7937E+001
2814.0000,-8.8693E+001
2815.0000,-1.0209E+002
2816.0000,-1.0348E+002
2817.0000,-7.7698E+001
2818.0000,-4.8950E+001
2819.0000,-2.7035E+001
2820.0000,-1.0955E+002
2821.0000,-1.3323E+002
2822.0000,-1.4090E+002
2823.0000,-1.6292E+002
2824.0000,-1.1050E+002
2825.0000,-1.0072E+002
2826.0000,-1.0957E+002
2827.0000,-9.5327E+001
2828.0000,-8.1798E+001
2829.0000,-4.0953E+001
2830.0000,-6.0349E+001
2831.0000,-3.5085E+000
2832.0000,-1.1933E+002
2833.0000,-5.5256E+001
2834.0000,-1.5371E+002
2835.0000,-7.7476E+001
2836.0000,-1.9740E+002
2837.0000,-1.2835E+002
2838.0000,-8.0952E+001
2839.0000,-8.3213E+001
2840.0000,-6.3545E+001
2841.0000,-5.9123E+001
2842.0000,-1.4521E+002
2843.0000,-1.2345E+002
2844.0000,-1.2238E+002
2845.0000,-9.7114E+001
2846.0000,-7.3052E+001
2847.0000,-6.4564E+001
2848.0000,-9.3440E+001
2849.0000,-1.0345E+002
2850.0000,-6.9472E+001
2851.0000,-7.2735E+001
2852.0000,-9.6057E+001
2853.0000,-5.7908E+001
2854.0000,-5.4197E+001
2855.0000,-2.3740E+001
2856.0000,-4.9232E+001
2857.0000,-4.6196E+001
2858.0000,-6.7187E+001
2859.0000,-5.2441E+001
2860.0000,-4.0118E+001
2861.0000,-9.9051E+001
2862.0000,-1.1149E+002
2863.0000,-5.5188E+001
2864.0000,-5.1228E+001
2865.0000,-5.0778E+001
2866.0000,-3.8619E+001
2867.0000,-4.9125E+001
2868.0000,-3.6608E+001
2869.0000,-1.1540E+001
2870.0000,1.8232E+001
2871.0000,-6.7791E+000
2872.0000,-3.2168E+001
2873.0000,-3.4221E+001
2874.0000,-3.7591E+001
2875.0000,-5.3314E+001
2876.0000,-4.1400E+001
2877.0000,-4.0313E+001
2878.0000,-4.7044E+001
2879.0000,-2.5630E+001
2880.0000,-3.1522E+001
2881.0000,-2.7249E+001
2882.0000,-5.6294E+001
2883.0000,-3.9579E+001
2884.0000,-4.3390E+001
2885.0000,-6.1666E+001
2886.0000,-3.0801E+001
2887.0000,-3.2515E+001
2888.0000,-4.4230E+001
2889.0000,-5.8180E+001
2890.0000,-5.3607E+001
2891.0000,-6.3272E+001
2892.0000,-2.2080E+001
2893.0000,-4.9439E+001
2894.0000,-2.5249E+001
2895.0000,-2.2865E+001
2896.0000,-4.4283E+001
2897.0000,-4.2627E+001
2898.0000,-2.9729E+001
2899.0000,0.0000E+000
2900.0000,0.0000E+000
2901.0000,0.0000E+000
2902.0000,0.0000E+000
2903.0000,0.0000E+000
2904.0000,0.0000E+000
2905.0000,0.0000E+000
2906.0000,0.0000E+000
2907.0000,0.0000E+000
2908.0000,-7.7238E-001
2909.0000,2.9643E+000
2910.0000,-2.0961E+000
2911.0000,0.0000E+000
2912.0000,0.0000E+000
2913.0000,0.0000E+000
2914.0000,0.0000E+000
2915.0000,0.0000E+000
2916.0000,0.0000E+000
2917.0000,0.0000E+000
2918.0000,0.0000E+000
2919.0000,0.0000E+000
2920.0000,0.0000E+000
2921.0000,0.0000E+000
2922.0000,0.0000E+000
2923.0000,0.0000E+000
2924.0000,0.0000E+000
2925.0000,0.0000E+000
2926.0000,0.0000E+000
2927.0000,0.0000E+000
2928.0000,0.0000E+000
2929.0000,0.0000E+000
2930.0000,-4.9867E+000
2931.0000,0.0000E+000
2932.0000,0.0000E+000
2933.0000,0.0000E+000
2934.0000,0.0000E+000
2935.0000,0.0000E+000
2936.0000,0.0000E+000
2937.0000,0.0000E+000
2938.0000,0.0000E+000
2939.0000,0.0000E+000
2940.0000,0.0000E+000
2941.0000,0.0000E+000
2942.0000,0.0000E+000
2943.0000,0.0000E+000
2944.0000,0.0000E+000
2945.0000,0.0000E+000
2946.0000,0.0000E+000
2947.0000,0.0000E+000
2948.0000,0.0000E+000
2949.0000,0.0000E+000
2950.0000,0.0000E+000
2951.0000,0.0000E+000
2952.0000,0.0000E+000
2953.0000,0.0000E+000
2954.0000,0.0000E+000
2955.0000,0.0000E+000
2956.0000,0.0000E+000
2957.0000,0.0000E+000
2958.0000,0.0000E+000
2959.0000,0.0000E+000
2960.0000,0.0000E+000
2961.0000,0.0000E+000
2962.0000,0.0000E+000
2963.0000,0.0000E+000
2964.0000,0.0000E+000
2965.0000,0.0000E+000
2966.0000,0.0000E+000
2967.0000,0.0000E+000
2968.0000,0.0000E+000
2969.0000,0.0000E+000
2970.0000,0.0000E+000
2971.0000,0.0000E+000
2972.0000,0.0000E+000
2973.0000,0.0000E+000
2974.0000,-8.5656E-001
2975.0000,0.0000E+000
2976.0000,0.0000E+000
2977.0000,0.0000E+000
2978.0000,0.0000E+000
2979.0000,0.0000E+000
2980.0000,0.0000E+000
2981.0000,0.0000E+000
2982.0000,0.0000E+000
2983.0000,0.0000E+000
2984.0000,0.0000E+000
2985.0000,0.0000E+000
2986.0000,0.0000E+000
2987.0000,0.0000E+000
2988.0000,0.0000E+000
2989.0000,0.0000E+000
2990.0000,0.0000E+000
2991.0000,0.0000E+000
2992.0000,0.0000E+000
2993.0000,0.0000E+000
2994.0000,0.0000E+000
2995.0000,-1.0682E+000
2996.0000,1.9554E+000
2997.0000,7.6475E+000
2998.0000,1.0054E+001
2999.0000,4.9826E+000
3000.0000,3.1958E+000
3001.0000,6.7129E+000
3002.0000,-2.2207E-001
3003.0000,2.0311E+000
3004.0000,2.2095E+000
3005.0000,9.7738E-001
3006.0000,-9.1472E-001
3007.0000,1.4603E+000
3008.0000,6.5210E+000
3009.0000,-3.0543E+000
3010.0000,0.0000E+000
3011.0000,-1.1701E+000
3012.0000,4.3420E+000
3013.0000,2.1753E+001
3014.0000,-3.3599E+000
3015.0000,-3.1576E+001
3016.0000,-4.1926E+001
3017.0000,-2.7246E+001
3018.0000,-6.9775E+001
3019.0000,-4.8342E+001
3020.0000,-3.8770E+001
3021.0000,-3.0149E+001
3022.0000,-1.9679E+001
3023.0000,-7.8161E+000
3024.0000,-1.7094E+001
3025.0000,-5.4810E+000
3026.0000,5.6076E+001
3027.0000,4.5604E+001
3028.0000,-6.8841E+001
3029.0000,-2.1797E+001
3030.0000,-9.3929E+000
3031.0000,5.0023E+001
3032.0000,-2.1425E+000
3033.0000,-5.6900E+001
3034.0000,-2.7242E+001
3035.0000,-4.7959E+001
3036.0000,-3.0889E+001
3037.0000,-3.6472E+001
3038.0000,-4.1345E+001
3039.0000,-6.3643E+000
3040.0000,-2.9346E+001
3041.0000,-4.4291E+000
3042.0000,-8.0994E+000
3043.0000,-1.7948E+001
3044.0000,-5.8692E+001
3045.0000,-5.4867E+001
3046.0000,-4.7281E+001
3047.0000,-1.3128E+001
3048.0000,-1.3354E+001
3049.0000,-1.3269E+001
3050.0000,-3.1702E+001
3051.0000,-1.2335E+001
3052.0000,2.6636E+001
3053.0000,-1.2438E+002
3054.0000,-7.0242E+001
3055.0000,-3.1370E+001
3056.0000,-3.9108E+001
3057.0000,-2.4616E+001
3058.0000,-2.5083E+001
3059.0000,-2.6737E+001
3060.0000,7.5254E+000
3061.0000,9.5687E+000
3062.0000,-6.8561E+001
3063.0000,-9.6437E+001
3064.0000,-5.8028E+001
3065.0000,-7.3922E+001
3066.0000,-6.6636E+001
3067.0000,-5.7896E+001
3068.0000,-3.8252E+001
3069.0000,-6.3710E+001
3070.0000,-6.9342E+001
3071.0000,-4.0087E+001
3072.0000,-7.8296E+001
3073.0000,-6.4320E+001
3074.0000,-8.7303E+001
3075.0000,-5.1009E+001
3076.0000,-5.9036E+001
3077.0000,-4.6238E+001
3078.0000,-4.8090E+001
3079.0000,-3.3825E+001
3080.0000,-4.8004E+001
3081.0000,-6.7922E+001
3082.0000,-5.2026E+001
3083.0000,-2.9296E+001
3084.0000,-8.1263E+001
3085.0000,-4.9954E+001
3086.0000,-4.7619E+001
3087.0000,-5.9562E+001
3088.0000,-1.0835E+002
3089.0000,-1.0726E+002
3090.0000,-1.1682E+002
3091.0000,-1.0060E+002
3092.0000,-1.1580E+002
3093.0000,-1.4416E+002
3094.0000,-1.6327E+002
3095.0000,-1.1816E+002
3096.0000,-4.4857E+001
3097.0000,3.5688E-001
3098.0000,-2.1860E+001
3099.0000,-1.5499E+002
3100.0000,-1.3542E+002
3101.0000,-5.7370E+001
3102.0000,-6.9481E+001
3103.0000,-9.6248E+001
3104.0000,-1.0888E+002
3105.0000,-1.0608E+002
3106.0000,-3.1351E+001
3107.0000,-3.5029E+001
3108.0000,-1.4055E+002
3109.0000,-7.5347E+001
3110.0000,-1.4428E+002
3111.0000,-9.3780E+001
3112.0000,-1.5449E+002
3113.0000,-2.4841E+002
3114.0000,-1.2423E+002
3115.0000,-8.4072E+001
3116.0000,-1.4652E+002
3117.0000,-1.1392E+002
3118.0000,-1.1803E+002
3119.0000,-9.9953E+001
3120.0000,-1.6016E+002
3121.0000,-1.4189E+002
3122.0000,-1.5913E+002
3123.0000,-5.2134E+001
3124.0000,-1.2057E+002
3125.0000,-1.0838E+002
3126.0000,-8.5625E+001
3127.0000,-1.6537E+002
3128.0000,-1.1874E+002
3129.0000,-3.0461E+001
3130.0000,-7.7806E+001
3131.0000,-9.6555E+001
3132.0000,-1.5211E+002
3133.0000,-9.8331E+001
3134.0000,-9.3951E+001
3135.0000,-8.9477E+001
3136.0000,-7.7221E+001
3137.0000,-8.6676E+001
3138.0000,-8.9117E+001
3139.0000,-8.9343E+001
3140.0000,-9.1124E+001
3141.0000,-9.3048E+001
3142.0000,-9.8183E+001
3143.0000,-1.2004E+002
3144.0000,-7.8997E+001
3145.0000,-1.1978E+002
3146.0000,-1.0149E+002
3147.0000,-8.5327E+001
3148.0000,-6.8268E+001
3149.0000,-1.0680E+002
3150.0000,-1.1170E+002
3151.0000,-1.2985E+002
3152.0000,-1.4855E+002
3153.0000,-1.6029E+002
3154.0000,-5.8457E+001
3155.0000,-1.4945E+002
3156.0000,-1.4795E+002
3157.0000,-1.6063E+002
3158.0000,-5.4166E+001
3159.0000,-7.8501E+001
3160.0000,-1.3109E+002
3161.0000,-1.7524E+002
3162.0000,-5.2616E+001
3163.0000,-1.6617E+002
3164.0000,-9.9615E+001
3165.0000,-7.7668E+001
3166.0000,-1.1040E+002
3167.0000,-1.7034E+002
3168.0000,-1.8148E+002
3169.0000,-1.2626E+002
3170.0000,-1.5661E+002
3171.0000,-1.0594E+002
3172.0000,-8.2170E+001
3173.0000,-9.2583E+001
3174.0000,-8.9134E+001
3175.0000,-1.1542E+002
3176.0000,-1.1589E+002
3177.0000,-6.0971E+001
3178.0000,-2.4236E+001
3179.0000,-1.2018E+002
3180.0000,-1.4227E+002
3181.0000,-1.3168E+002
3182.0000,-1.4129E+002
3183.0000,-6.7798E+001
3184.0000,-1.5283E+002
3185.0000,-1.4135E+002
3186.0000,-7.8673E+001
3187.0000,-1.3284E+002
3188.0000,-1.2743E+002
3189.0000,-1.9153E+002
3190.0000,-1.1051E+002
3191.0000,-1.2020E+002
3192.0000,-1.3300E+002
3193.0000,-1.0829E+002
3194.0000,-1.1608E+002
3195.0000,-9.8374E+001
3196.0000,-1.3022E+002
3197.0000,-1.4261E+002
3198.0000,-1.0997E+002
3199.0000,-8.5257E+001
3200.0000,-9.7764E+001
3201.0000,-6.6308E+001
3202.0000,-3.3221E+001
3203.0000,-4.1660E+001
3204.0000,-3.0934E+001
3205.0000,-2.8206E+001
3206.0000,-9.2366E+001
3207.0000,-9.4880E+001
3208.0000,-5.2461E+001
3209.0000,-9.7524E+001
3210.0000,-8.7964E+001
3211.0000,-8.8546E+001
3212.0000,-9.0420E+001
3213.0000,-5.6810E+001
3214.0000,-5.0165E+001
3215.0000,-9.6660E+001
3216.0000,-6.0904E+001
3217.0000,-6.1343E+001
3218.0000,-2.8098E+001
3219.0000,-2.6542E+001
3220.0000,-9.0222E+001
3221.0000,-5.7184E+001
3222.0000,-1.0208E+002
3223.0000,-1.0371E+002
3224.0000,-5.5989E+001
3225.0000,7.7326E+000
3226.0000,-6.4613E+001
3227.0000,-2.6415E+001
3228.0000,-3.7264E+001
3229.0000,-6.7980E+001
3230.0000,-6.8136E+001
3231.0000,-6.4147E+001
3232.0000,-1.0045E+002
3233.0000,-9.0698E+001
3234.0000,-6.0849E+001
3235.0000,-7.4876E+001
3236.0000,-2.7689E+001
3237.0000,-1.4435E+001
3238.0000,-1.5709E+002
3239.0000,-6.1840E+001
3240.0000,-3.2523E+001
3241.0000,-6.6506E+000
3242.0000,-1.3338E+000
3243.0000,4.6568E+001
3244.0000,-2.4331E+001
3245.0000,-2.8955E+001
3246.0000,-2.3449E+001
3247.0000,-6.8873E+001
3248.0000,-1.4835E+000
3249.0000,-1.0622E+002
3250.0000,-7.3396E+001
3251.0000,-4.5600E+001
3252.0000,-2.3686E+001
3253.0000,-5.4139E+001
3254.0000,-7.5230E+001
3255.0000,-4.5209E+001
3256.0000,-6.7132E+001
3257.0000,-5.6205E+001
3258.0000,-3.3348E+001
3259.0000,-2.5469E+001
3260.0000,-1.2663E+001
3261.0000,-2.2391E+001
3262.0000,-2.1958E+001
3263.0000,-1.9392E+001
3264.0000,-1.0324E+001
3265.0000,-1.0548E+001
3266.0000,-6.9325E+001
3267.0000,-5.8815E+001
3268.0000,-3.7696E+001
3269.0000,-1.7335E+001
3270.0000,-2.4748E+001
3271.0000,-8.3270E+000
3272.0000,-4.3110E+001
3273.0000,-1.7248E+001
3274.0000,-3.5058E+001
3275.0000,0.0000E+000
3276.0000,0.0000E+000
3277.0000,0.0000E+000
3278.0000,0.0000E+000
3279.0000,0.0000E+000
3280.0000,0.0000E+000
3281.0000,0.0000E+000
3282.0000,0.0000E+000
3283.0000,1.2570E+000
3284.0000,-1.1155E+000
3285.0000,0.0000E+000
3286.0000,-2.8935E+000
3287.0000,0.0000E+000
3288.0000,3.5456E-001
3289.0000,2.0653E+000
3290.0000,0.0000E+000
3291.0000,0.0000E+000
3292.0000,0.0000E+000
3293.0000,0.0000E+000
3294.0000,0.0000E+000
3295.0000,0.0000E+000
3296.0000,0.0000E+000
3297.0000,0.0000E+000
3298.0000,0.0000E+000
3299.0000,0.0000E+000
3300.0000,0.0000E+000
3301.0000,0.0000E+000
3302.0000,0.0000E+000
3303.0000,0.0000E+000
3304.0000,0.0000E+000
3305.0000,0.0000E+000
3306.0000,0.0000E+000
3307.0000,0.0000E+000
3308.0000,0.0000E+000
3309.0000,0.0000E+000
3310.0000,0.0000E+000
3311.0000,0.0000E+000
3312.0000,0.0000E+000
3313.0000,0.0000E+000
3314.0000,0.0000E+000
3315.0000,0.0000E+000
3316.0000,0.0000E+000
3317.0000,0.0000E+000
3318.0000,0.0000E+000
3319.0000,0.0000E+000
3320.0000,0.0000E+000
3321.0000,0.0000E+000
3322.0000,0.0000E+000
3323.0000,0.0000E+000
3324.0000,0.0000E+000
3325.0000,0.0000E+000
3326.0000,0.0000E+000
3327.0000,0.0000E+000
3328.0000,0.0000E+000
3329.0000,0.0000E+000
3330.0000,0.0000E+000
3331.0000,0.0000E+000
3332.0000,0.0000E+000
3333.0000,0.0000E+000
3334.0000,0.0000E+000
3335.0000,0.0000E+000
3336.0000,0.0000E+000
3337.0000,0.0000E+000
3338.0000,0.0000E+000
3339.0000,0.0000E+000
3340.0000,2.5094E-002
3341.0000,0.0000E+000
3342.0000,0.0000E+000
3343.0000,0.0000E+000
3344.0000,0.0000E+000
3345.0000,0.0000E+000
3346.0000,-8.8083E-001
3347.0000,3.8821E+000
3348.0000,4.9184E+000
3349.0000,1.1045E+000
3350.0000,1.1610E+000
3351.0000,3.8193E+000
3352.0000,-8.2616E-001
3353.0000,1.9302E+000
3354.0000,0.0000E+000
3355.0000,0.0000E+000
3356.0000,0.0000E+000
3357.0000,1.5784E+000
3358.0000,0.0000E+000
3359.0000,0.0000E+000
3360.0000,-2.1483E-001
3361.0000,0.0000E+000
3362.0000,0.0000E+000
3363.0000,0.0000E+000
3364.0000,0.0000E+000
3365.0000,0.0000E+000
3366.0000,3.4756E+000
3367.0000,0.0000E+000
3368.0000,0.0000E+000
3369.0000,0.0000E+000
3370.0000,1.1675E+000
3371.0000,7.0905E+001
3372.0000,1.2614E+002
3373.0000,4.5519E+001
3374.0000,1.1798E+002
3375.0000,2.5208E+000
3376.0000,-5.9069E+000
3377.0000,-4.6705E+001
3378.0000,-2.2543E+001
3379.0000,-3.3885E+001
3380.0000,-4.3961E+001
3381.0000,-5.6212E+001
3382.0000,-3.7807E+001
3383.0000,-3.1144E+001
3384.0000,-1.4413E+001
3385.0000,-1.3906E+001
3386.0000,-2.2198E+001
3387.0000,-3.2349E+001
3388.0000,-4.6074E+001
3389.0000,-4.0702E+001
3390.0000,-3.8952E+001
3391.0000,-4.2311E+001
3392.0000,-2.8636E+001
3393.0000,-1.3520E+001
3394.0000,1.5479E+001
3395.0000,2.7421E+001
3396.0000,7.2866E+001
3397.0000,-1.2677E+001
3398.0000,1.1359E+001
3399.0000,-2.5421E+001
3400.0000,-5.1930E+001
3401.0000,-3.9487E+001
3402.0000,-4.7583E+001
3403.0000,-4.5329E+001
3404.0000,-8.1614E+001
3405.0000,-8.0094E+001
3406.0000,-1.3035E+000
3407.0000,3.5291E+000
3408.0000,-3.9539E+001
3409.0000,-5.9299E+001
3410.0000,-6.2736E+001
3411.0000,-7.5037E+001
3412.0000,-6.8404E+001
3413.0000,-4.4676E+001
3414.0000,-2.1775E+001
3415.0000,-7.5857E+001
3416.0000,1.2546E+001
3417.0000,1.0898E+001
3418.0000,-3.3940E+001
3419.0000,-9.0062E+000
3420.0000,1.2778E+001
3421.0000,-4.3869E+001
3422.0000,-1.0259E+002
3423.0000,-7.1864E+001
3424.0000,-6.5410E+001
3425.0000,7.3674E+000
3426.0000,-4.2226E+001
3427.0000,-3.7274E+001
3428.0000,-2.4403E+001
3429.0000,-7.1736E+001
3430.0000,-3.2970E+001
3431.0000,-1.1186E+002
3432.0000,-1.4998E+002
3433.0000,-8.0179E+001
3434.0000,-1.2104E+002
3435.0000,-6.4773E+001
3436.0000,-1.1173E+002
3437.0000,-1.1601E+002
3438.0000,-5.7944E+000
3439.0000,-8.3905E+001
3440.0000,-5.8737E+001
3441.0000,-4.0238E+001
3442.0000,-7.8109E+001
3443.0000,-1.0594E+002
3444.0000,-6.3612E+001
3445.0000,-4.7267E+001
3446.0000,1.1683E+001
3447.0000,5.6914E+000
3448.0000,-3.5190E+001
3449.0000,-1.4121E+002
3450.0000,-8.4490E+001
3451.0000,-7.7671E+001
3452.0000,-6.1201E+001
3453.0000,-1.0304E+002
3454.0000,-1.2972E+002
3455.0000,-4.1527E+001
3456.0000,-1.2518E+002
3457.0000,-2.1748E+002
3458.0000,-1.6534E+002
3459.0000,-1.2143E+002
3460.0000,-1.2702E+002
3461.0000,-1.4244E+002
3462.0000,-1.1372E+002
3463.0000,-1.3904E+002
3464.0000,-1.1565E+002
3465.0000,-1.0803E+002
3466.0000,-9.3539E+001
3467.0000,-1.1397E+002
3468.0000,-9.9109E+001
3469.0000,-1.0148E+002
3470.0000,-8.7024E+001
3471.0000,-8.1057E+001
3472.0000,-1.8448E+001
3473.0000,-4.7563E+001
3474.0000,-1.4128E+002
3475.0000,-7.4935E+001
3476.0000,-1.1724E+002
3477.0000,-1.0214E+002
3478.0000,-6.5839E+001
3479.0000,-7.1270E+001
3480.0000,-3.6881E+001
3481.0000,-7.9755E+001
3482.0000,-1.6618E+002
3483.0000,-1.2046E+002
3484.0000,-9.8566E+001
3485.0000,-8.3930E+001
3486.0000,-9.7502E+001
3487.0000,-1.2126E+002
3488.0000,-7.9369E+001
3489.0000,-7.6005E+001
3490.0000,-5.2399E+001
3491.0000,-1.4025E+002
3492.0000,-1.3943E+002
3493.0000,-1.0859E+002
3494.0000,-1.0945E+002
3495.0000,-1.1005E+002
3496.0000,-1.5834E+002
3497.0000,-1.5185E+002
3498.0000,-8.2059E+001
3499.0000,-1.0531E+002
3500.0000,-1.2610E+002
3501.0000,-6.4682E+001
3502.0000,-4.9048E+001
3503.0000,-6.6367E+001
3504.0000,-1.5915E+002
3505.0000,-1.4434E+002
3506.0000,-1.1532E+002
3507.0000,-1.0735E+002
3508.0000,-8.4938E+001
3509.0000,-1.3556E+002
3510.0000,-1.5783E+002
3511.0000,-1.5190E+002
3512.0000,-1.1669E+002
3513.0000,-8.7313E+001
3514.0000,-7.9760E+001
3515.0000,-1.3099E+002
3516.0000,-7.2864E+001
3517.0000,-4.7464E+001
3518.0000,-1.3835E+002
3519.0000,-1.4525E+002
3520.0000,-1.4836E+002
3521.0000,-1.5092E+002
3522.0000,-2.3791E+001
3523.0000,-7.8376E+001
3524.0000,-1.4081E+001
3525.0000,-3.3549E+001
3526.0000,2.3973E+001
3527.0000,-7.2335E+001
3528.0000,-9.2358E+001
3529.0000,-1.1667E+002
3530.0000,-1.1197E+002
3531.0000,-8.7815E+001
3532.0000,-6.4347E+001
3533.0000,-7.5046E+001
3534.0000,-8.1372E+001
3535.0000,-3.9658E+001
3536.0000,-9.6264E+001
3537.0000,-1.3667E+002
3538.0000,-1.2800E+002
3539.0000,-9.7125E+001
3540.0000,-1.3918E+002
3541.0000,-1.0842E+002
3542.0000,-7.6300E+001
3543.0000,-1.0011E+002
3544.0000,-8.4276E+001
3545.0000,-4.4016E+001
3546.0000,-9.5448E+001
3547.0000,-1.1233E+002
3548.0000,-1.3245E+002
3549.0000,-1.1300E+002
3550.0000,-1.2304E+002
3551.0000,-1.4040E+002
3552.0000,-1.2979E+002
3553.0000,-1.1763E+002
3554.0000,-7.6602E+001
3555.0000,-9.4386E+001
3556.0000,-8.4125E+001
3557.0000,-1.0810E+002
3558.0000,-1.1714E+002
3559.0000,-1.2773E+002
3560.0000,-8.5016E+001
3561.0000,-1.1976E+002
3562.0000,-1.9555E+002
3563.0000,-1.2828E+002
3564.0000,-1.2730E+002
3565.0000,-1.1076E+002
3566.0000,-1.2999E+002
3567.0000,-9.7896E+001
3568.0000,-2.7419E+001
3569.0000,-1.0526E+002
3570.0000,-6.4565E+001
3571.0000,-7.9645E+001
3572.0000,-6.5898E+001
3573.0000,-4.8837E+001
3574.0000,-6.6204E+001
3575.0000,-5.8655E+001
3576.0000,-1.5704E+002
3577.0000,-1.9881E+002
3578.0000,-5.9428E+001
3579.0000,-8.8582E+001
3580.0000,-3.0481E+001
3581.0000,-4.8509E+001
3582.0000,-4.7286E+001
3583.0000,1.7172E+001
3584.0000,-5.5514E+001
3585.0000,-5.9311E+001
3586.0000,-4.8516E+001
3587.0000,-5.4916E+001
3588.0000,-2.7306E+001
3589.0000,2.5923E+001
3590.0000,9.8871E+001
3591.0000,-1.0571E+002
3592.0000,-5.2723E+001
3593.0000,-8.2868E+001
3594.0000,-5.7142E+001
3595.0000,-3.8911E+001
3596.0000,-1.2194E+002
3597.0000,-7.8602E+001
3598.0000,-4.6667E+001
3599.0000,-8.7777E+001
3600.0000,-4.8093E+001
3601.0000,-1.0358E+002
3602.0000,-3.8399E+001
3603.0000,-6.9754E+001
3604.0000,-5.3337E+001
3605.0000,-5.3664E+001
3606.0000,-5.4865E+001
3607.0000,-1.8173E+001
3608.0000,2.1161E+001
3609.0000,2.5400E+001
3610.0000,-2.1071E+000
3611.0000,7.2241E+000
3612.0000,-4.5523E+001
3613.0000,-4.1248E+001
3614.0000,-3.9380E+001
3615.0000,-5.7432E+001
3616.0000,-7.6767E+001
3617.0000,-5.0953E+001
3618.0000,-2.8401E+001
3619.0000,-8.6544E+001
3620.0000,-3.0418E+001
3621.0000,-3.8287E+001
3622.0000,-3.8155E+001
3623.0000,-4.3865E+001
3624.0000,-5.2178E+001
3625.0000,-5.9883E+001
3626.0000,-3.1814E+001
3627.0000,-2.8767E+001
3628.0000,-9.7906E+000
3629.0000,-2.9777E+001
3630.0000,-1.7181E+001
3631.0000,-2.4586E+000
3632.0000,-3.5064E+001
3633.0000,-2.6005E+001
3634.0000,-1.1877E+002
3635.0000,-8.2846E+001
3636.0000,-5.1732E+001
3637.0000,-4.7446E+001
3638.0000,-3.8864E+001
3639.0000,-4.0387E+001
3640.0000,-1.0429E+002
3641.0000,0.0000E+000
3642.0000,0.0000E+000
3643.0000,0.0000E+000
3644.0000,0.0000E+000
3645.0000,0.0000E+000
3646.0000,0.0000E+000
3647.0000,0.0000E+000
3648.0000,0.0000E+000
3649.0000,0.0000E+000
3650.0000,0.0000E+000
3651.0000,0.0000E+000
3652.0000,9.6872E+000
3653.0000,0.0000E+000
3654.0000,-1.1898E-001
3655.0000,0.0000E+000
3656.0000,0.0000E+000
3657.0000,0.0000E+000
3658.0000,0.0000E+000
3659.0000,0.0000E+000
3660.0000,0.0000E+000
3661.0000,0.0000E+000
3662.0000,0.0000E+000
3663.0000,0.0000E+000
3664.0000,0.0000E+000
3665.0000,0.0000E+000
3666.0000,0.0000E+000
3667.0000,0.0000E+000
3668.0000,0.0000E+000
3669.0000,0.0000E+000
3670.0000,0.0000E+000
3671.0000,0.0000E+000
3672.0000,0.0000E+000
3673.0000,0.0000E+000
3674.0000,0.0000E+000
3675.0000,0.0000E+000
3676.0000,0.0000E+000
3677.0000,0.0000E+000
3678.0000,0.0000E+000
3679.0000,0.0000E+000
3680.0000,0.0000E+000
3681.0000,0.0000E+000
3682.0000,0.0000E+000
3683.0000,0.0000E+000
3684.0000,0.0000E+000
3685.0000,0.0000E+000
3686.0000,0.0000E+000
3687.0000,0.0000E+000
3688.0000,0.0000E+000
3689.0000,1.9415E-001
3690.0000,3.1851E-001
3691.0000,0.0000E+000
3692.0000,0.0000E+000
3693.0000,0.0000E+000
3694.0000,0.0000E+000
3695.0000,0.0000E+000
3696.0000,0.0000E+000
3697.0000,9.8967E-002
3698.0000,0.0000E+000
3699.0000,0.0000E+000
3700.0000,0.0000E+000
3701.0000,0.0000E+000
3702.0000,0.0000E+000
3703.0000,0.0000E+000
3704.0000,0.0000E+000
3705.0000,0.0000E+000
3706.0000,0.0000E+000
3707.0000,0.0000E+000
3708.0000,0.0000E+000
3709.0000,0.0000E+000
3710.0000,0.0000E+000
3711.0000,0.0000E+000
3712.0000,0.0000E+000
3713.0000,0.0000E+000
3714.0000,0.0000E+000
3715.0000,0.0000E+000
3716.0000,0.0000E+000
3717.0000,0.0000E+000
3718.0000,5.4536E+000
3719.0000,0.0000E+000
3720.0000,0.0000E+000
3721.0000,0.0000E+000
3722.0000,0.0000E+000
3723.0000,0.0000E+000
3724.0000,0.0000E+000
3725.0000,0.0000E+000
3726.0000,0.0000E+000
3727.0000,0.0000E+000
3728.0000,0.0000E+000
3729.0000,0.0000E+000
3730.0000,0.0000E+000
3731.0000,0.0000E+000
3732.0000,0.0000E+000
3733.0000,0.0000E+000
3734.0000,0.0000E+000
3735.0000,0.0000E+000
3736.0000,-1.8288E-001
3737.0000,0.0000E+000
3738.0000,-1.1402E+000
3739.0000,-1.2371E+000
3740.0000,2.2270E+000
3741.0000,1.1984E+001
3742.0000,6.5321E+000
3743.0000,-1.4285E-001
3744.0000,-2.1682E+000
3745.0000,-1.4424E+001
3746.0000,-3.5252E+000
3747.0000,1.9638E+001
3748.0000,3.9092E+001
3749.0000,5.8416E+001
3750.0000,-2.7346E+000
3751.0000,-1.5259E+001
3752.0000,-4.5027E+000
3753.0000,2.6515E+001
3754.0000,1.5661E+000
3755.0000,-3.5123E+001
3756.0000,-5.4511E+001
3757.0000,-3.1448E+001
3758.0000,-2.3642E+001
3759.0000,-6.5360E-001
3760.0000,8.1237E+000
3761.0000,6.2449E+000
3762.0000,3.1786E+001
3763.0000,-2.8810E+001
3764.0000,-2.9419E+001
3765.0000,-1.2623E+002
3766.0000,-1.1506E+002
3767.0000,-6.7674E+001
3768.0000,-3.4756E+001
3769.0000,-4.6202E+001
3770.0000,-4.9188E+001
3771.0000,-4.0115E+001
3772.0000,-3.9445E+001
3773.0000,-5.1711E+001
3774.0000,-8.0972E+001
3775.0000,-4.6731E+001
3776.0000,-5.7228E+001
3777.0000,-6.9243E+001
3778.0000,-4.4233E+001
3779.0000,-2.3829E+000
3780.0000,-3.6191E+000
3781.0000,2.0625E+001
3782.0000,1.2749E+001
3783.0000,-3.8224E+000
3784.0000,-1.3609E+002
3785.0000,-7.2936E+001
3786.0000,-4.3922E+000
3787.0000,-8.3899E+001
3788.0000,-3.9168E+001
3789.0000,-3.1332E+001
3790.0000,-3.2150E+001
3791.0000,-1.7925E+001
3792.0000,-1.5541E+001
3793.0000,-4.5055E+001
3794.0000,-1.9772E+001
3795.0000,-4.2243E+001
3796.0000,-3.1702E+001
3797.0000,-5.0115E+001
3798.0000,-4.3479E+001
3799.0000,-8.2299E+001
3800.0000,-8.2303E+001
3801.0000,-6.4719E+001
3802.0000,-5.6399E+001
3803.0000,-6.3129E+001
3804.0000,-7.1162E+001
3805.0000,-6.9357E+001
3806.0000,-5.7381E+001
3807.0000,-3.2436E+001
3808.0000,-4.5339E+000
3809.0000,-4.0721E+001
3810.0000,-4.8220E+001
3811.0000,-3.2612E+001
3812.0000,-5.0455E+001
3813.0000,-3.3685E+001
3814.0000,-3.2851E+001
3815.0000,-4.6838E+001
3816.0000,-5.3697E+001
3817.0000,-8.6423E+001
3818.0000,-1.4411E+002
3819.0000,-1.2326E+002
3820.0000,-1.5853E+002
3821.0000,-8.0516E+001
3822.0000,-1.1228E+002
3823.0000,-1.2498E+002
3824.0000,-8.5379E+001
3825.0000,-9.6042E+001
3826.0000,-1.3253E+002
3827.0000,-5.7470E+001
3828.0000,-1.4087E+001
3829.0000,-3.7944E+001
3830.0000,-1.0196E+002
3831.0000,-9.5651E+001
3832.0000,-6.6138E+001
3833.0000,-1.2750E+002
3834.0000,-2.3550E+002
3835.0000,-1.0667E+002
3836.0000,-1.7600E+002
3837.0000,-1.0648E+002
3838.0000,-1.5560E+002
3839.0000,-7.3360E+001
3840.0000,-1.2969E+002
3841.0000,-1.2019E+002
3842.0000,-1.6517E+002
3843.0000,-1.4522E+002
3844.0000,-1.6987E+002
3845.0000,-1.3109E+002
3846.0000,-6.1449E+001
3847.0000,-7.2974E+001
3848.0000,-1.0321E+002
3849.0000,-1.4232E+002
