"",21.000
0.0000,0.0000E+000
1.0000,0.0000E+000
2.0000,0.0000E+000
3.0000,0.0000E+000
4.0000,0.0000E+000
5.0000,0.0000E+000
6.0000,0.0000E+000
7.0000,0.0000E+000
8.0000,0.0000E+000
9.0000,0.0000E+000
10.0000,0.0000E+000
11.0000,0.0000E+000
12.0000,0.0000E+000
13.0000,0.0000E+000
14.0000,0.0000E+000
15.0000,0.0000E+000
16.0000,0.0000E+000
17.0000,0.0000E+000
18.0000,0.0000E+000
19.0000,0.0000E+000
20.0000,0.0000E+000
21.0000,0.0000E+000
22.0000,0.0000E+000
23.0000,0.0000E+000
24.0000,0.0000E+000
25.0000,0.0000E+000
26.0000,0.0000E+000
27.0000,0.0000E+000
28.0000,0.0000E+000
29.0000,0.0000E+000
30.0000,0.0000E+000
31.0000,0.0000E+000
32.0000,0.0000E+000
33.0000,0.0000E+000
34.0000,0.0000E+000
35.0000,0.0000E+000
36.0000,0.0000E+000
37.0000,0.0000E+000
38.0000,0.0000E+000
39.0000,0.0000E+000
40.0000,0.0000E+000
41.0000,0.0000E+000
42.0000,0.0000E+000
43.0000,0.0000E+000
44.0000,0.0000E+000
45.0000,0.0000E+000
46.0000,0.0000E+000
47.0000,0.0000E+000
48.0000,0.0000E+000
49.0000,0.0000E+000
50.0000,0.0000E+000
51.0000,0.0000E+000
52.0000,0.0000E+000
53.0000,0.0000E+000
54.0000,0.0000E+000
55.0000,0.0000E+000
56.0000,0.0000E+000
57.0000,0.0000E+000
58.0000,0.0000E+000
59.0000,0.0000E+000
60.0000,0.0000E+000
61.0000,0.0000E+000
62.0000,0.0000E+000
63.0000,0.0000E+000
64.0000,0.0000E+000
65.0000,0.0000E+000
66.0000,0.0000E+000
67.0000,0.0000E+000
68.0000,0.0000E+000
69.0000,-3.0932E+002
70.0000,-3.0932E+002
71.0000,-3.0932E+002
72.0000,-3.0932E+002
73.0000,-3.0932E+002
74.0000,-3.0932E+002
75.0000,-3.0932E+002
76.0000,-3.0932E+002
77.0000,-3.0932E+002
78.0000,-3.0932E+002
79.0000,-3.0932E+002
80.0000,-3.0932E+002
81.0000,-3.0932E+002
82.0000,-3.0932E+002
83.0000,0.0000E+000
84.0000,-3.0663E+002
85.0000,-3.1782E+002
86.0000,-3.1787E+002
87.0000,-3.1813E+002
88.0000,-3.1860E+002
89.0000,-3.1919E+002
90.0000,-3.1971E+002
91.0000,-3.2031E+002
92.0000,-3.2143E+002
93.0000,-3.2325E+002
94.0000,-3.2025E+002
95.0000,-3.2029E+002
96.0000,-3.2140E+002
97.0000,-3.2209E+002
98.0000,-3.2308E+002
99.0000,-3.2302E+002
100.0000,-3.2240E+002
101.0000,-3.2358E+002
102.0000,-3.2368E+002
103.0000,-3.2485E+002
104.0000,-3.2649E+002
105.0000,-3.2739E+002
106.0000,-3.3103E+002
107.0000,-3.3348E+002
108.0000,-3.3355E+002
109.0000,-3.3503E+002
110.0000,-3.3506E+002
111.0000,-3.3596E+002
112.0000,-3.3722E+002
113.0000,-3.3998E+002
114.0000,-3.3909E+002
115.0000,-3.3996E+002
116.0000,-3.4081E+002
117.0000,-3.4013E+002
118.0000,-3.4183E+002
119.0000,-3.4242E+002
120.0000,-3.4344E+002
121.0000,-3.4384E+002
122.0000,-3.4584E+002
123.0000,-3.4919E+002
124.0000,-3.5070E+002
125.0000,-3.4858E+002
126.0000,-3.5554E+002
127.0000,-3.5432E+002
128.0000,-3.5072E+002
129.0000,-3.5288E+002
130.0000,-3.5275E+002
131.0000,-3.5545E+002
132.0000,-3.5898E+002
133.0000,-3.5897E+002
134.0000,-3.6076E+002
135.0000,-3.6472E+002
136.0000,-3.6803E+002
137.0000,-3.6739E+002
138.0000,-3.6803E+002
139.0000,-3.6880E+002
140.0000,-3.6917E+002
141.0000,-3.7011E+002
142.0000,-3.7205E+002
143.0000,-3.7175E+002
144.0000,-3.7340E+002
145.0000,-3.7626E+002
146.0000,-3.7641E+002
147.0000,-3.7378E+002
148.0000,-3.7671E+002
149.0000,-3.7677E+002
150.0000,-3.8336E+002
151.0000,-3.8913E+002
152.0000,-3.9168E+002
153.0000,-3.9583E+002
154.0000,-4.0194E+002
155.0000,-4.0678E+002
156.0000,-4.0820E+002
157.0000,-4.0760E+002
158.0000,-4.1302E+002
159.0000,-4.0067E+002
160.0000,-4.0184E+002
161.0000,-4.0288E+002
162.0000,-4.0180E+002
163.0000,-4.0227E+002
164.0000,-4.0680E+002
165.0000,-4.1409E+002
166.0000,-4.1172E+002
167.0000,-4.1151E+002
168.0000,-4.1376E+002
169.0000,-4.2025E+002
170.0000,-4.2761E+002
171.0000,-4.3593E+002
172.0000,-4.3911E+002
173.0000,-4.4371E+002
174.0000,-4.4745E+002
175.0000,-4.5026E+002
176.0000,-4.4749E+002
177.0000,-4.4139E+002
178.0000,-4.4056E+002
179.0000,-4.4036E+002
180.0000,-4.3976E+002
181.0000,-4.3260E+002
182.0000,-4.2492E+002
183.0000,-4.2360E+002
184.0000,-4.1826E+002
185.0000,-4.1427E+002
186.0000,-4.1431E+002
187.0000,-4.1004E+002
188.0000,-4.0936E+002
189.0000,-4.1047E+002
190.0000,-4.1300E+002
191.0000,-4.1876E+002
192.0000,-4.2848E+002
193.0000,-4.3368E+002
194.0000,-4.4205E+002
195.0000,-4.4802E+002
196.0000,-4.5228E+002
197.0000,-4.5161E+002
198.0000,-4.4287E+002
199.0000,-4.3591E+002
200.0000,-4.3458E+002
201.0000,-4.3784E+002
202.0000,-4.3879E+002
203.0000,-4.3715E+002
204.0000,-4.4122E+002
205.0000,-4.4158E+002
206.0000,-4.4528E+002
207.0000,-4.4530E+002
208.0000,-4.4272E+002
209.0000,-4.4262E+002
210.0000,-4.4736E+002
211.0000,-4.4291E+002
212.0000,-4.4026E+002
213.0000,-4.3729E+002
214.0000,-4.3475E+002
215.0000,-4.3641E+002
216.0000,-4.4124E+002
217.0000,-4.4489E+002
218.0000,-4.4360E+002
219.0000,-4.4169E+002
220.0000,-4.3873E+002
221.0000,-4.4012E+002
222.0000,-4.4436E+002
223.0000,-4.4252E+002
224.0000,-4.4754E+002
225.0000,-4.4848E+002
226.0000,-4.4875E+002
227.0000,-4.4140E+002
228.0000,-4.4292E+002
229.0000,-4.4646E+002
230.0000,-4.4599E+002
231.0000,-4.4208E+002
232.0000,-4.3890E+002
233.0000,-4.3723E+002
234.0000,-4.3651E+002
235.0000,-4.3788E+002
236.0000,-4.3240E+002
237.0000,-4.3196E+002
238.0000,-4.4052E+002
239.0000,-4.3786E+002
240.0000,-4.3939E+002
241.0000,-4.4271E+002
242.0000,-4.3678E+002
243.0000,-4.3458E+002
244.0000,-4.2973E+002
245.0000,-4.2129E+002
246.0000,-4.2815E+002
247.0000,-4.2840E+002
248.0000,-4.2833E+002
249.0000,-4.3130E+002
250.0000,-4.2377E+002
251.0000,-4.2085E+002
252.0000,-4.1958E+002
253.0000,-4.1230E+002
254.0000,-4.1732E+002
255.0000,-4.1173E+002
256.0000,-4.1685E+002
257.0000,-4.1527E+002
258.0000,-4.1052E+002
259.0000,-4.1353E+002
260.0000,-4.1019E+002
261.0000,-4.0700E+002
262.0000,-4.0449E+002
263.0000,-3.8461E+002
264.0000,-4.0024E+002
265.0000,-3.9886E+002
266.0000,-3.9591E+002
267.0000,-3.9478E+002
268.0000,-3.9371E+002
269.0000,-3.9250E+002
270.0000,-3.9580E+002
271.0000,-3.9379E+002
272.0000,-3.9378E+002
273.0000,-3.9481E+002
274.0000,-3.9371E+002
275.0000,-3.9316E+002
276.0000,-3.9367E+002
277.0000,-3.9147E+002
278.0000,-3.8702E+002
279.0000,-3.8424E+002
280.0000,-3.8679E+002
281.0000,-3.8388E+002
282.0000,-3.8371E+002
283.0000,-3.7772E+002
284.0000,-3.8582E+002
285.0000,-3.8563E+002
286.0000,-3.8556E+002
287.0000,-3.8156E+002
288.0000,-3.7849E+002
289.0000,-3.7470E+002
290.0000,-3.7476E+002
291.0000,-3.7423E+002
292.0000,-3.7460E+002
293.0000,-3.7209E+002
294.0000,-3.6871E+002
295.0000,-3.6622E+002
296.0000,-3.6704E+002
297.0000,-3.6403E+002
298.0000,-3.6212E+002
299.0000,-3.6166E+002
300.0000,-3.6136E+002
301.0000,-3.6025E+002
302.0000,-3.5863E+002
303.0000,-3.5751E+002
304.0000,-3.5613E+002
305.0000,-3.5604E+002
306.0000,-3.5349E+002
307.0000,-3.4973E+002
308.0000,-3.4644E+002
309.0000,-3.4403E+002
310.0000,-3.4258E+002
311.0000,-3.4035E+002
312.0000,-3.3753E+002
313.0000,-3.3568E+002
314.0000,-3.3470E+002
315.0000,-3.3117E+002
316.0000,-3.2977E+002
317.0000,-3.2826E+002
318.0000,-3.2658E+002
319.0000,-3.2565E+002
320.0000,-3.2439E+002
321.0000,-3.2426E+002
322.0000,-3.2338E+002
323.0000,-3.2271E+002
324.0000,-3.2201E+002
325.0000,-3.1967E+002
326.0000,-3.1845E+002
327.0000,-3.1575E+002
328.0000,-3.1471E+002
329.0000,-3.1359E+002
330.0000,-3.1432E+002
331.0000,-3.1358E+002
332.0000,-3.1065E+002
333.0000,-3.0830E+002
334.0000,-3.1027E+002
335.0000,-3.0886E+002
336.0000,-3.0944E+002
337.0000,-3.0869E+002
338.0000,-3.0825E+002
339.0000,-3.0717E+002
340.0000,0.0000E+000
341.0000,0.0000E+000
342.0000,0.0000E+000
343.0000,0.0000E+000
344.0000,0.0000E+000
345.0000,0.0000E+000
346.0000,0.0000E+000
347.0000,0.0000E+000
348.0000,0.0000E+000
349.0000,0.0000E+000
350.0000,0.0000E+000
351.0000,0.0000E+000
352.0000,0.0000E+000
353.0000,0.0000E+000
354.0000,0.0000E+000
355.0000,0.0000E+000
356.0000,0.0000E+000
357.0000,0.0000E+000
358.0000,0.0000E+000
359.0000,0.0000E+000
360.0000,0.0000E+000
361.0000,0.0000E+000
362.0000,0.0000E+000
363.0000,0.0000E+000
364.0000,0.0000E+000
365.0000,0.0000E+000
366.0000,0.0000E+000
367.0000,0.0000E+000
368.0000,0.0000E+000
369.0000,0.0000E+000
370.0000,0.0000E+000
371.0000,0.0000E+000
372.0000,0.0000E+000
373.0000,0.0000E+000
374.0000,0.0000E+000
375.0000,0.0000E+000
376.0000,0.0000E+000
377.0000,0.0000E+000
378.0000,0.0000E+000
379.0000,0.0000E+000
380.0000,0.0000E+000
381.0000,0.0000E+000
382.0000,-3.0932E+002
383.0000,0.0000E+000
384.0000,0.0000E+000
385.0000,0.0000E+000
386.0000,0.0000E+000
387.0000,0.0000E+000
388.0000,0.0000E+000
389.0000,0.0000E+000
390.0000,0.0000E+000
391.0000,0.0000E+000
392.0000,0.0000E+000
393.0000,0.0000E+000
394.0000,0.0000E+000
395.0000,0.0000E+000
396.0000,0.0000E+000
397.0000,0.0000E+000
398.0000,0.0000E+000
399.0000,0.0000E+000
400.0000,0.0000E+000
401.0000,0.0000E+000
402.0000,0.0000E+000
403.0000,0.0000E+000
404.0000,0.0000E+000
405.0000,-2.5251E+002
406.0000,0.0000E+000
407.0000,0.0000E+000
408.0000,0.0000E+000
409.0000,0.0000E+000
410.0000,0.0000E+000
411.0000,0.0000E+000
412.0000,0.0000E+000
413.0000,0.0000E+000
414.0000,0.0000E+000
415.0000,0.0000E+000
416.0000,0.0000E+000
417.0000,0.0000E+000
418.0000,-3.0932E+002
419.0000,-3.0932E+002
420.0000,-3.0932E+002
421.0000,-3.0932E+002
422.0000,0.0000E+000
423.0000,0.0000E+000
424.0000,0.0000E+000
425.0000,0.0000E+000
426.0000,0.0000E+000
427.0000,0.0000E+000
428.0000,0.0000E+000
429.0000,0.0000E+000
430.0000,0.0000E+000
431.0000,0.0000E+000
432.0000,0.0000E+000
433.0000,0.0000E+000
434.0000,0.0000E+000
435.0000,0.0000E+000
436.0000,-3.0932E+002
437.0000,-3.0932E+002
438.0000,-3.0932E+002
439.0000,-3.0932E+002
440.0000,0.0000E+000
441.0000,0.0000E+000
442.0000,-3.0932E+002
443.0000,0.0000E+000
444.0000,0.0000E+000
445.0000,0.0000E+000
446.0000,0.0000E+000
447.0000,0.0000E+000
448.0000,-3.0932E+002
449.0000,-3.0932E+002
450.0000,0.0000E+000
451.0000,0.0000E+000
452.0000,0.0000E+000
453.0000,0.0000E+000
454.0000,0.0000E+000
455.0000,-3.0932E+002
456.0000,0.0000E+000
457.0000,0.0000E+000
458.0000,-3.0932E+002
459.0000,-3.0932E+002
460.0000,0.0000E+000
461.0000,0.0000E+000
462.0000,0.0000E+000
463.0000,0.0000E+000
464.0000,0.0000E+000
465.0000,0.0000E+000
466.0000,-3.0932E+002
467.0000,-3.0932E+002
468.0000,-3.0932E+002
469.0000,-3.1329E+002
470.0000,-3.1862E+002
471.0000,-3.1848E+002
472.0000,-3.1963E+002
473.0000,-3.2164E+002
474.0000,-3.2511E+002
475.0000,-3.2797E+002
476.0000,-3.2932E+002
477.0000,-3.3142E+002
478.0000,-3.3257E+002
479.0000,-3.3388E+002
480.0000,-3.3687E+002
481.0000,-3.3765E+002
482.0000,-3.3709E+002
483.0000,-3.3888E+002
484.0000,-3.3849E+002
485.0000,-3.3754E+002
486.0000,-3.3763E+002
487.0000,-3.3861E+002
488.0000,-3.4062E+002
489.0000,-3.4454E+002
490.0000,-3.4443E+002
491.0000,-3.4469E+002
492.0000,-3.4481E+002
493.0000,-3.4840E+002
494.0000,-3.5051E+002
495.0000,-3.5377E+002
496.0000,-3.5117E+002
497.0000,-3.5081E+002
498.0000,-3.5157E+002
499.0000,-3.5628E+002
500.0000,-3.5220E+002
501.0000,-3.5614E+002
502.0000,-3.6170E+002
503.0000,-3.6548E+002
504.0000,-3.7268E+002
505.0000,-3.7626E+002
506.0000,-3.7675E+002
507.0000,-3.7889E+002
508.0000,-3.8086E+002
509.0000,-3.7831E+002
510.0000,-3.7568E+002
511.0000,-3.7442E+002
512.0000,-3.7340E+002
513.0000,-3.7148E+002
514.0000,-3.7011E+002
515.0000,-3.7229E+002
516.0000,-3.7699E+002
517.0000,-3.7549E+002
518.0000,-3.7702E+002
519.0000,-3.8067E+002
520.0000,-3.8072E+002
521.0000,-3.8085E+002
522.0000,-3.8242E+002
523.0000,-3.8863E+002
524.0000,-3.8420E+002
525.0000,-3.8411E+002
526.0000,-3.8521E+002
527.0000,-3.9175E+002
528.0000,-3.9840E+002
529.0000,-4.0587E+002
530.0000,-4.1253E+002
531.0000,-4.1409E+002
532.0000,-4.1998E+002
533.0000,-4.1481E+002
534.0000,-4.1831E+002
535.0000,-4.1488E+002
536.0000,-4.1660E+002
537.0000,-4.2273E+002
538.0000,-4.2289E+002
539.0000,-4.1916E+002
540.0000,-4.1740E+002
541.0000,-4.1465E+002
542.0000,-4.1891E+002
543.0000,-4.1606E+002
544.0000,-4.2064E+002
545.0000,-4.2222E+002
546.0000,-4.2257E+002
547.0000,-4.2474E+002
548.0000,-4.3016E+002
549.0000,-4.2672E+002
550.0000,-4.2773E+002
551.0000,-4.2863E+002
552.0000,-4.2897E+002
553.0000,-4.2812E+002
554.0000,-4.2836E+002
555.0000,-4.2127E+002
556.0000,-4.1814E+002
557.0000,-4.1492E+002
558.0000,-4.1459E+002
559.0000,-4.1644E+002
560.0000,-4.1815E+002
561.0000,-4.2114E+002
562.0000,-4.2015E+002
563.0000,-4.2404E+002
564.0000,-4.2327E+002
565.0000,-4.2781E+002
566.0000,-4.2670E+002
567.0000,-4.2471E+002
568.0000,-4.2422E+002
569.0000,-4.2572E+002
570.0000,-4.2508E+002
571.0000,-4.2400E+002
572.0000,-4.2312E+002
573.0000,-4.2580E+002
574.0000,-4.2613E+002
575.0000,-4.2653E+002
576.0000,-4.2694E+002
577.0000,-4.2508E+002
578.0000,-4.2020E+002
579.0000,-4.2606E+002
580.0000,-4.2851E+002
581.0000,-4.2687E+002
582.0000,-4.2604E+002
583.0000,-4.2737E+002
584.0000,-4.3179E+002
585.0000,-4.3474E+002
586.0000,-4.3222E+002
587.0000,-4.3059E+002
588.0000,-4.2986E+002
589.0000,-4.3269E+002
590.0000,-4.3235E+002
591.0000,-4.3180E+002
592.0000,-4.3075E+002
593.0000,-4.2744E+002
594.0000,-4.2920E+002
595.0000,-4.2997E+002
596.0000,-4.2734E+002
597.0000,-4.2762E+002
598.0000,-4.3420E+002
599.0000,-4.3196E+002
600.0000,-4.3281E+002
601.0000,-4.3148E+002
602.0000,-4.2942E+002
603.0000,-4.2912E+002
604.0000,-4.3039E+002
605.0000,-4.2833E+002
606.0000,-4.2743E+002
607.0000,-4.2762E+002
608.0000,-4.2685E+002
609.0000,-4.2619E+002
610.0000,-4.2682E+002
611.0000,-4.2538E+002
612.0000,-4.2770E+002
613.0000,-4.3009E+002
614.0000,-4.2909E+002
615.0000,-4.2808E+002
616.0000,-4.3151E+002
617.0000,-4.3020E+002
618.0000,-4.2887E+002
619.0000,-4.2618E+002
620.0000,-4.0486E+002
621.0000,-4.0943E+002
622.0000,-4.1235E+002
623.0000,-3.9962E+002
624.0000,-4.0445E+002
625.0000,-4.0462E+002
626.0000,-4.0332E+002
627.0000,-4.0167E+002
628.0000,-3.9095E+002
629.0000,-3.9847E+002
630.0000,-3.9897E+002
631.0000,-3.9739E+002
632.0000,-3.9617E+002
633.0000,-3.8981E+002
634.0000,-3.9138E+002
635.0000,-3.9159E+002
636.0000,-3.9019E+002
637.0000,-3.8807E+002
638.0000,-3.8723E+002
639.0000,-3.8762E+002
640.0000,-3.8711E+002
641.0000,-3.8500E+002
642.0000,-3.7861E+002
643.0000,-3.7472E+002
644.0000,-3.7942E+002
645.0000,-3.8379E+002
646.0000,-3.7992E+002
647.0000,-3.6834E+002
648.0000,-3.7613E+002
649.0000,-3.7191E+002
650.0000,-3.7233E+002
651.0000,-3.7400E+002
652.0000,-3.7549E+002
653.0000,-3.7319E+002
654.0000,-3.7364E+002
655.0000,-3.7604E+002
656.0000,-3.7538E+002
657.0000,-3.7235E+002
658.0000,-3.6913E+002
659.0000,-3.6840E+002
660.0000,-3.6798E+002
661.0000,-3.6815E+002
662.0000,-3.6650E+002
663.0000,-3.6500E+002
664.0000,-3.6480E+002
665.0000,-3.6602E+002
666.0000,-3.6551E+002
667.0000,-3.6286E+002
668.0000,-3.6197E+002
669.0000,-3.5884E+002
670.0000,-3.5500E+002
671.0000,-3.5168E+002
672.0000,-3.4917E+002
673.0000,-3.4686E+002
674.0000,-3.4604E+002
675.0000,-3.4599E+002
676.0000,-3.4708E+002
677.0000,-3.4589E+002
678.0000,-3.4426E+002
679.0000,-3.4213E+002
680.0000,-3.3913E+002
681.0000,-3.3673E+002
682.0000,-3.3420E+002
683.0000,-3.3179E+002
684.0000,-3.2923E+002
685.0000,-3.2732E+002
686.0000,-3.2667E+002
687.0000,-3.2629E+002
688.0000,-3.2517E+002
689.0000,-3.2387E+002
690.0000,-3.2314E+002
691.0000,-3.2227E+002
692.0000,-3.2114E+002
693.0000,-3.2078E+002
694.0000,-3.1956E+002
695.0000,-3.1746E+002
696.0000,-3.1362E+002
697.0000,-3.1092E+002
698.0000,-3.1179E+002
699.0000,-3.1219E+002
700.0000,-3.1241E+002
701.0000,-3.1195E+002
702.0000,-3.1051E+002
703.0000,-3.1033E+002
704.0000,-3.0929E+002
705.0000,-3.0929E+002
706.0000,-3.0845E+002
707.0000,-3.0726E+002
708.0000,0.0000E+000
709.0000,0.0000E+000
710.0000,0.0000E+000
711.0000,0.0000E+000
712.0000,0.0000E+000
713.0000,0.0000E+000
714.0000,-3.0932E+002
715.0000,0.0000E+000
716.0000,0.0000E+000
717.0000,0.0000E+000
718.0000,0.0000E+000
719.0000,0.0000E+000
720.0000,0.0000E+000
721.0000,0.0000E+000
722.0000,0.0000E+000
723.0000,0.0000E+000
724.0000,0.0000E+000
725.0000,0.0000E+000
726.0000,0.0000E+000
727.0000,0.0000E+000
728.0000,0.0000E+000
729.0000,0.0000E+000
730.0000,0.0000E+000
731.0000,0.0000E+000
732.0000,0.0000E+000
733.0000,-3.0932E+002
734.0000,0.0000E+000
735.0000,-3.0932E+002
736.0000,0.0000E+000
737.0000,0.0000E+000
738.0000,0.0000E+000
739.0000,0.0000E+000
740.0000,0.0000E+000
741.0000,0.0000E+000
742.0000,0.0000E+000
743.0000,0.0000E+000
744.0000,0.0000E+000
745.0000,0.0000E+000
746.0000,0.0000E+000
747.0000,0.0000E+000
748.0000,0.0000E+000
749.0000,0.0000E+000
750.0000,0.0000E+000
751.0000,0.0000E+000
752.0000,-3.0932E+002
753.0000,0.0000E+000
754.0000,0.0000E+000
755.0000,0.0000E+000
756.0000,0.0000E+000
757.0000,0.0000E+000
758.0000,0.0000E+000
759.0000,0.0000E+000
760.0000,0.0000E+000
761.0000,0.0000E+000
762.0000,0.0000E+000
763.0000,0.0000E+000
764.0000,0.0000E+000
765.0000,0.0000E+000
766.0000,0.0000E+000
767.0000,0.0000E+000
768.0000,0.0000E+000
769.0000,0.0000E+000
770.0000,0.0000E+000
771.0000,0.0000E+000
772.0000,0.0000E+000
773.0000,0.0000E+000
774.0000,0.0000E+000
775.0000,0.0000E+000
776.0000,0.0000E+000
777.0000,0.0000E+000
778.0000,0.0000E+000
779.0000,0.0000E+000
780.0000,-3.0932E+002
781.0000,0.0000E+000
782.0000,-3.0932E+002
783.0000,0.0000E+000
784.0000,0.0000E+000
785.0000,0.0000E+000
786.0000,0.0000E+000
787.0000,0.0000E+000
788.0000,0.0000E+000
789.0000,0.0000E+000
790.0000,-2.5251E+002
791.0000,0.0000E+000
792.0000,0.0000E+000
793.0000,0.0000E+000
794.0000,0.0000E+000
795.0000,0.0000E+000
796.0000,0.0000E+000
797.0000,0.0000E+000
798.0000,0.0000E+000
799.0000,0.0000E+000
800.0000,-3.0932E+002
801.0000,0.0000E+000
802.0000,0.0000E+000
803.0000,0.0000E+000
804.0000,0.0000E+000
805.0000,0.0000E+000
806.0000,0.0000E+000
807.0000,0.0000E+000
808.0000,0.0000E+000
809.0000,-3.0932E+002
810.0000,-3.0932E+002
811.0000,-3.0932E+002
812.0000,-3.0932E+002
813.0000,0.0000E+000
814.0000,-3.0932E+002
815.0000,-3.0932E+002
816.0000,-3.0932E+002
817.0000,-3.0932E+002
818.0000,-3.0932E+002
819.0000,-3.0932E+002
820.0000,-3.0932E+002
821.0000,-3.0932E+002
822.0000,-3.0932E+002
823.0000,-3.0932E+002
824.0000,-3.1740E+002
825.0000,-3.2131E+002
826.0000,-3.2428E+002
827.0000,-3.2417E+002
828.0000,-3.2271E+002
829.0000,-3.2119E+002
830.0000,-3.2134E+002
831.0000,-3.2234E+002
832.0000,-3.2244E+002
833.0000,-3.2181E+002
834.0000,-3.2252E+002
835.0000,-3.2334E+002
836.0000,-3.2552E+002
837.0000,-3.2599E+002
838.0000,-3.2648E+002
839.0000,-3.2821E+002
840.0000,-3.2946E+002
841.0000,-3.3284E+002
842.0000,-3.3258E+002
843.0000,-3.3404E+002
844.0000,-3.3468E+002
845.0000,-3.3533E+002
846.0000,-3.3794E+002
847.0000,-3.3954E+002
848.0000,-3.4190E+002
849.0000,-3.4573E+002
850.0000,-3.4341E+002
851.0000,-3.4354E+002
852.0000,-3.4472E+002
853.0000,-3.4508E+002
854.0000,-3.4571E+002
855.0000,-3.4693E+002
856.0000,-3.4877E+002
857.0000,-3.5019E+002
858.0000,-3.5060E+002
859.0000,-3.5291E+002
860.0000,-3.5269E+002
861.0000,-3.5545E+002
862.0000,-3.5545E+002
863.0000,-3.5509E+002
864.0000,-3.5847E+002
865.0000,-3.5567E+002
866.0000,-3.5477E+002
867.0000,-3.5535E+002
868.0000,-3.6262E+002
869.0000,-3.6490E+002
870.0000,-3.6191E+002
871.0000,-3.6162E+002
872.0000,-3.6412E+002
873.0000,-3.6774E+002
874.0000,-3.7026E+002
875.0000,-3.7161E+002
876.0000,-3.6749E+002
877.0000,-3.6659E+002
878.0000,-3.6768E+002
879.0000,-3.6819E+002
880.0000,-3.7046E+002
881.0000,-3.7209E+002
882.0000,-3.7704E+002
883.0000,-3.7945E+002
884.0000,-3.8022E+002
885.0000,-3.8319E+002
886.0000,-3.8942E+002
887.0000,-3.8914E+002
888.0000,-3.9328E+002
889.0000,-3.9196E+002
890.0000,-3.8834E+002
891.0000,-3.9299E+002
892.0000,-4.0165E+002
893.0000,-4.0597E+002
894.0000,-4.1633E+002
895.0000,-4.1909E+002
896.0000,-4.1566E+002
897.0000,-3.9936E+002
898.0000,-4.0009E+002
899.0000,-4.0440E+002
900.0000,-4.0826E+002
901.0000,-4.1375E+002
902.0000,-4.2008E+002
903.0000,-4.2490E+002
904.0000,-4.3412E+002
905.0000,-4.3668E+002
906.0000,-4.2886E+002
907.0000,-4.2624E+002
908.0000,-4.2740E+002
909.0000,-4.2830E+002
910.0000,-4.2998E+002
911.0000,-4.3661E+002
912.0000,-4.4024E+002
913.0000,-4.4469E+002
914.0000,-4.2854E+002
915.0000,-4.1828E+002
916.0000,-4.1470E+002
917.0000,-4.1547E+002
918.0000,-4.1519E+002
919.0000,-4.1845E+002
920.0000,-4.1845E+002
921.0000,-4.1816E+002
922.0000,-4.1942E+002
923.0000,-4.2014E+002
924.0000,-4.2382E+002
925.0000,-4.2909E+002
926.0000,-4.3231E+002
927.0000,-4.3450E+002
928.0000,-4.3571E+002
929.0000,-4.4291E+002
930.0000,-4.4835E+002
931.0000,-4.3913E+002
932.0000,-4.4432E+002
933.0000,-4.4245E+002
934.0000,-4.3760E+002
935.0000,-4.3852E+002
936.0000,-4.4004E+002
937.0000,-4.4028E+002
938.0000,-4.5347E+002
939.0000,-4.5677E+002
940.0000,-4.4976E+002
941.0000,-4.4174E+002
942.0000,-4.3765E+002
943.0000,-4.3731E+002
944.0000,-4.3132E+002
945.0000,-4.3667E+002
946.0000,-4.3895E+002
947.0000,-4.3623E+002
948.0000,-4.3200E+002
949.0000,-4.2923E+002
950.0000,-4.2949E+002
951.0000,-4.2704E+002
952.0000,-4.2603E+002
953.0000,-4.2578E+002
954.0000,-4.1902E+002
955.0000,-4.2203E+002
956.0000,-4.2334E+002
957.0000,-4.2056E+002
958.0000,-4.2270E+002
959.0000,-4.2759E+002
960.0000,-4.2189E+002
961.0000,-4.1866E+002
962.0000,-4.1617E+002
963.0000,-4.1646E+002
964.0000,-4.1471E+002
965.0000,-4.1408E+002
966.0000,-4.1205E+002
967.0000,-4.1555E+002
968.0000,-4.1557E+002
969.0000,-4.2013E+002
970.0000,-4.2065E+002
971.0000,-4.2003E+002
972.0000,-4.1850E+002
973.0000,-4.1741E+002
974.0000,-4.2466E+002
975.0000,-4.2286E+002
976.0000,-4.2076E+002
977.0000,-4.1602E+002
978.0000,-4.0207E+002
979.0000,-4.0977E+002
980.0000,-4.1420E+002
981.0000,-4.1268E+002
982.0000,-4.1303E+002
983.0000,-4.1294E+002
984.0000,-4.1010E+002
985.0000,-4.1016E+002
986.0000,-4.1203E+002
987.0000,-4.1051E+002
988.0000,-4.1568E+002
989.0000,-4.1362E+002
990.0000,-4.1327E+002
991.0000,-4.1227E+002
992.0000,-4.1212E+002
993.0000,-4.1277E+002
994.0000,-4.0966E+002
995.0000,-4.0584E+002
996.0000,-4.0348E+002
997.0000,-4.0255E+002
998.0000,-4.0206E+002
999.0000,-3.9577E+002
1000.0000,-4.0256E+002
1001.0000,-4.0223E+002
1002.0000,-4.0084E+002
1003.0000,-3.9801E+002
1004.0000,-3.9655E+002
1005.0000,-3.9011E+002
1006.0000,-3.9521E+002
1007.0000,-3.9619E+002
1008.0000,-3.9578E+002
1009.0000,-3.9561E+002
1010.0000,-3.9748E+002
1011.0000,-3.9921E+002
1012.0000,-3.9880E+002
1013.0000,-3.9767E+002
1014.0000,-3.8547E+002
1015.0000,-3.9543E+002
1016.0000,-3.9530E+002
1017.0000,-3.9214E+002
1018.0000,-3.8686E+002
1019.0000,-3.8522E+002
1020.0000,-3.8546E+002
1021.0000,-3.7597E+002
1022.0000,-3.7931E+002
1023.0000,-3.8050E+002
1024.0000,-3.7776E+002
1025.0000,-3.7517E+002
1026.0000,-3.6726E+002
1027.0000,-3.7050E+002
1028.0000,-3.7040E+002
1029.0000,-3.6723E+002
1030.0000,-3.6435E+002
1031.0000,-3.5897E+002
1032.0000,-3.5928E+002
1033.0000,-3.5811E+002
1034.0000,-3.5816E+002
1035.0000,-3.5864E+002
1036.0000,-3.5798E+002
1037.0000,-3.5623E+002
1038.0000,-3.5424E+002
1039.0000,-3.5122E+002
1040.0000,-3.5233E+002
1041.0000,-3.5138E+002
1042.0000,-3.5057E+002
1043.0000,-3.5056E+002
1044.0000,-3.4999E+002
1045.0000,-3.4817E+002
1046.0000,-3.4623E+002
1047.0000,-3.4384E+002
1048.0000,-3.4231E+002
1049.0000,-3.4077E+002
1050.0000,-3.3885E+002
1051.0000,-3.3643E+002
1052.0000,-3.3393E+002
1053.0000,-3.3176E+002
1054.0000,-3.2984E+002
1055.0000,-3.2842E+002
1056.0000,-3.2673E+002
1057.0000,-3.2569E+002
1058.0000,-3.2377E+002
1059.0000,-3.2227E+002
1060.0000,-3.2186E+002
1061.0000,-3.2089E+002
1062.0000,-3.2108E+002
1063.0000,-3.2110E+002
1064.0000,-3.2163E+002
1065.0000,-3.2064E+002
1066.0000,-3.1936E+002
1067.0000,-3.1909E+002
1068.0000,-3.1926E+002
1069.0000,-3.1850E+002
1070.0000,-3.1697E+002
1071.0000,-3.1578E+002
1072.0000,-3.1396E+002
1073.0000,-3.1352E+002
1074.0000,-3.1396E+002
1075.0000,-3.1399E+002
1076.0000,-3.1367E+002
1077.0000,-3.1270E+002
1078.0000,-3.1119E+002
1079.0000,-3.1016E+002
1080.0000,-3.0997E+002
1081.0000,-3.0908E+002
1082.0000,-3.0827E+002
1083.0000,-3.0842E+002
1084.0000,-3.0886E+002
1085.0000,-3.0706E+002
1086.0000,0.0000E+000
1087.0000,0.0000E+000
1088.0000,0.0000E+000
1089.0000,0.0000E+000
1090.0000,0.0000E+000
1091.0000,0.0000E+000
1092.0000,0.0000E+000
1093.0000,0.0000E+000
1094.0000,0.0000E+000
1095.0000,0.0000E+000
1096.0000,0.0000E+000
1097.0000,0.0000E+000
1098.0000,-3.0932E+002
1099.0000,0.0000E+000
1100.0000,-2.5251E+002
1101.0000,-3.0932E+002
1102.0000,-2.5251E+002
1103.0000,0.0000E+000
1104.0000,0.0000E+000
1105.0000,0.0000E+000
1106.0000,0.0000E+000
1107.0000,0.0000E+000
1108.0000,0.0000E+000
1109.0000,0.0000E+000
1110.0000,0.0000E+000
1111.0000,0.0000E+000
1112.0000,0.0000E+000
1113.0000,0.0000E+000
1114.0000,0.0000E+000
1115.0000,0.0000E+000
1116.0000,0.0000E+000
1117.0000,0.0000E+000
1118.0000,0.0000E+000
1119.0000,0.0000E+000
1120.0000,0.0000E+000
1121.0000,0.0000E+000
1122.0000,0.0000E+000
1123.0000,0.0000E+000
1124.0000,0.0000E+000
1125.0000,0.0000E+000
1126.0000,0.0000E+000
1127.0000,0.0000E+000
1128.0000,-2.5251E+002
1129.0000,0.0000E+000
1130.0000,0.0000E+000
1131.0000,0.0000E+000
1132.0000,0.0000E+000
1133.0000,0.0000E+000
1134.0000,0.0000E+000
1135.0000,0.0000E+000
1136.0000,0.0000E+000
1137.0000,-2.5251E+002
1138.0000,-2.5251E+002
1139.0000,0.0000E+000
1140.0000,0.0000E+000
1141.0000,0.0000E+000
1142.0000,-3.0932E+002
1143.0000,-3.0932E+002
1144.0000,-2.5251E+002
1145.0000,-3.0932E+002
1146.0000,-2.5251E+002
1147.0000,-3.0932E+002
1148.0000,-3.0932E+002
1149.0000,-3.0932E+002
1150.0000,-3.0932E+002
1151.0000,-3.0932E+002
1152.0000,-3.0932E+002
1153.0000,-3.0932E+002
1154.0000,-3.0932E+002
1155.0000,-3.0932E+002
1156.0000,0.0000E+000
1157.0000,-2.5251E+002
1158.0000,0.0000E+000
1159.0000,0.0000E+000
1160.0000,0.0000E+000
1161.0000,0.0000E+000
1162.0000,0.0000E+000
1163.0000,0.0000E+000
1164.0000,0.0000E+000
1165.0000,0.0000E+000
1166.0000,0.0000E+000
1167.0000,0.0000E+000
1168.0000,0.0000E+000
1169.0000,0.0000E+000
1170.0000,0.0000E+000
1171.0000,0.0000E+000
1172.0000,0.0000E+000
1173.0000,0.0000E+000
1174.0000,0.0000E+000
1175.0000,0.0000E+000
1176.0000,0.0000E+000
1177.0000,0.0000E+000
1178.0000,0.0000E+000
1179.0000,-3.0932E+002
1180.0000,-3.0932E+002
1181.0000,-3.1517E+002
1182.0000,-3.1933E+002
1183.0000,-3.2189E+002
1184.0000,-3.2562E+002
1185.0000,-3.2998E+002
1186.0000,-3.2988E+002
1187.0000,-3.3000E+002
1188.0000,-3.3109E+002
1189.0000,-3.3202E+002
1190.0000,-3.3282E+002
1191.0000,-3.3530E+002
1192.0000,-3.3527E+002
1193.0000,-3.3536E+002
1194.0000,-3.3584E+002
1195.0000,-3.3584E+002
1196.0000,-3.3720E+002
1197.0000,-3.3835E+002
1198.0000,-3.4096E+002
1199.0000,-3.4264E+002
1200.0000,-3.4428E+002
1201.0000,-3.4458E+002
1202.0000,-3.4354E+002
1203.0000,-3.4373E+002
1204.0000,-3.4480E+002
1205.0000,-3.4946E+002
1206.0000,-3.4896E+002
1207.0000,-3.4835E+002
1208.0000,-3.5235E+002
1209.0000,-3.5371E+002
1210.0000,-3.5692E+002
1211.0000,-3.5265E+002
1212.0000,-3.5145E+002
1213.0000,-3.5166E+002
1214.0000,-3.5355E+002
1215.0000,-3.5395E+002
1216.0000,-3.5992E+002
1217.0000,-3.6185E+002
1218.0000,-3.6393E+002
1219.0000,-3.6261E+002
1220.0000,-3.6877E+002
1221.0000,-3.7376E+002
1222.0000,-3.7501E+002
1223.0000,-3.7294E+002
1224.0000,-3.7521E+002
1225.0000,-3.7533E+002
1226.0000,-3.7731E+002
1227.0000,-3.8264E+002
1228.0000,-3.7803E+002
1229.0000,-3.8331E+002
1230.0000,-3.8411E+002
1231.0000,-3.8376E+002
1232.0000,-3.8328E+002
1233.0000,-3.8657E+002
1234.0000,-3.9099E+002
1235.0000,-4.0005E+002
1236.0000,-4.0015E+002
1237.0000,-4.0004E+002
1238.0000,-3.9423E+002
1239.0000,-3.9204E+002
1240.0000,-3.8911E+002
1241.0000,-3.9368E+002
1242.0000,-3.9889E+002
1243.0000,-3.9961E+002
1244.0000,-4.0076E+002
1245.0000,-4.0508E+002
1246.0000,-4.0663E+002
1247.0000,-4.0337E+002
1248.0000,-4.0200E+002
1249.0000,-4.0003E+002
1250.0000,-3.9740E+002
1251.0000,-3.9664E+002
1252.0000,-3.9399E+002
1253.0000,-3.9390E+002
1254.0000,-3.9571E+002
1255.0000,-3.9456E+002
1256.0000,-3.9338E+002
1257.0000,-4.0283E+002
1258.0000,-3.9758E+002
1259.0000,-4.0002E+002
1260.0000,-4.0775E+002
1261.0000,-4.0557E+002
1262.0000,-4.1205E+002
1263.0000,-4.1626E+002
1264.0000,-4.2319E+002
1265.0000,-4.1993E+002
1266.0000,-4.1740E+002
1267.0000,-4.2145E+002
1268.0000,-4.2549E+002
1269.0000,-4.2916E+002
1270.0000,-4.3562E+002
1271.0000,-4.3334E+002
1272.0000,-4.3363E+002
1273.0000,-4.4583E+002
1274.0000,-4.5088E+002
1275.0000,-4.4403E+002
1276.0000,-4.4547E+002
1277.0000,-4.3927E+002
1278.0000,-4.4162E+002
1279.0000,-4.4159E+002
1280.0000,-4.3975E+002
1281.0000,-4.4043E+002
1282.0000,-4.4004E+002
1283.0000,-4.4538E+002
1284.0000,-4.4540E+002
1285.0000,-4.4648E+002
1286.0000,-4.5038E+002
1287.0000,-4.4526E+002
1288.0000,-4.4449E+002
1289.0000,-4.4222E+002
1290.0000,-4.4316E+002
1291.0000,-4.4712E+002
1292.0000,-4.4657E+002
1293.0000,-4.4548E+002
1294.0000,-4.4310E+002
1295.0000,-4.4856E+002
1296.0000,-4.4819E+002
1297.0000,-4.4794E+002
1298.0000,-4.4831E+002
1299.0000,-4.4670E+002
1300.0000,-4.3814E+002
1301.0000,-4.4043E+002
1302.0000,-4.4002E+002
1303.0000,-4.3915E+002
1304.0000,-4.3750E+002
1305.0000,-4.3716E+002
1306.0000,-4.3603E+002
1307.0000,-4.3700E+002
1308.0000,-4.3415E+002
1309.0000,-4.3072E+002
1310.0000,-4.3619E+002
1311.0000,-4.3343E+002
1312.0000,-4.3233E+002
1313.0000,-4.3175E+002
1314.0000,-4.3182E+002
1315.0000,-4.3324E+002
1316.0000,-4.3365E+002
1317.0000,-4.3669E+002
1318.0000,-4.3835E+002
1319.0000,-4.3589E+002
1320.0000,-4.3516E+002
1321.0000,-4.3683E+002
1322.0000,-4.3504E+002
1323.0000,-4.3917E+002
1324.0000,-4.3770E+002
1325.0000,-4.3785E+002
1326.0000,-4.3503E+002
1327.0000,-4.3176E+002
1328.0000,-4.3300E+002
1329.0000,-4.4174E+002
1330.0000,-4.3790E+002
1331.0000,-4.3731E+002
1332.0000,-4.3983E+002
1333.0000,-4.3670E+002
1334.0000,-4.3702E+002
1335.0000,-4.3280E+002
1336.0000,-4.3529E+002
1337.0000,-4.3296E+002
1338.0000,-4.3104E+002
1339.0000,-4.3042E+002
1340.0000,-4.2691E+002
1341.0000,-4.2002E+002
1342.0000,-4.2465E+002
1343.0000,-4.2374E+002
1344.0000,-4.2324E+002
1345.0000,-4.2787E+002
1346.0000,-4.2151E+002
1347.0000,-4.1279E+002
1348.0000,-4.1428E+002
1349.0000,-4.1372E+002
1350.0000,-4.1220E+002
1351.0000,-4.1363E+002
1352.0000,-4.1837E+002
1353.0000,-4.1280E+002
1354.0000,-4.1407E+002
1355.0000,-4.1485E+002
1356.0000,-4.1564E+002
1357.0000,-4.1508E+002
1358.0000,-4.1554E+002
1359.0000,-4.1553E+002
1360.0000,-4.1124E+002
1361.0000,-4.0912E+002
1362.0000,-4.0405E+002
1363.0000,-4.0578E+002
1364.0000,-4.1204E+002
1365.0000,-4.0972E+002
1366.0000,-4.0858E+002
1367.0000,-4.0705E+002
1368.0000,-4.0690E+002
1369.0000,-4.0462E+002
1370.0000,-4.0031E+002
1371.0000,-3.9600E+002
1372.0000,-3.9229E+002
1373.0000,-3.9405E+002
1374.0000,-3.9475E+002
1375.0000,-3.9339E+002
1376.0000,-3.9223E+002
1377.0000,-3.8415E+002
1378.0000,-3.8816E+002
1379.0000,-3.8826E+002
1380.0000,-3.8724E+002
1381.0000,-3.8667E+002
1382.0000,-3.7091E+002
1383.0000,-3.7687E+002
1384.0000,-3.7917E+002
1385.0000,-3.8596E+002
1386.0000,-3.8390E+002
1387.0000,-3.8185E+002
1388.0000,-3.7829E+002
1389.0000,-3.7646E+002
1390.0000,-3.7508E+002
1391.0000,-3.6874E+002
1392.0000,-3.7115E+002
1393.0000,-3.6725E+002
1394.0000,-3.7054E+002
1395.0000,-3.7140E+002
1396.0000,-3.7159E+002
1397.0000,-3.7102E+002
1398.0000,-3.7031E+002
1399.0000,-3.7086E+002
1400.0000,-3.7069E+002
1401.0000,-3.6937E+002
1402.0000,-3.6627E+002
1403.0000,-3.6306E+002
1404.0000,-3.6015E+002
1405.0000,-3.5779E+002
1406.0000,-3.5741E+002
1407.0000,-3.5371E+002
1408.0000,-3.4697E+002
1409.0000,-3.5393E+002
1410.0000,-3.5218E+002
1411.0000,-3.4936E+002
1412.0000,-3.4641E+002
1413.0000,-3.4529E+002
1414.0000,-3.4409E+002
1415.0000,-3.4273E+002
1416.0000,-3.4208E+002
1417.0000,-3.4117E+002
1418.0000,-3.4100E+002
1419.0000,-3.3911E+002
1420.0000,-3.3688E+002
1421.0000,-3.3494E+002
1422.0000,-3.3404E+002
1423.0000,-3.3323E+002
1424.0000,-3.3248E+002
1425.0000,-3.3220E+002
1426.0000,-3.3135E+002
1427.0000,-3.3105E+002
1428.0000,-3.3161E+002
1429.0000,-3.3434E+002
1430.0000,-3.3502E+002
1431.0000,-3.3475E+002
1432.0000,-3.3513E+002
1433.0000,-3.3566E+002
1434.0000,-3.3685E+002
1435.0000,-3.3753E+002
1436.0000,-3.3708E+002
1437.0000,-3.3371E+002
1438.0000,-3.3336E+002
1439.0000,-3.3166E+002
1440.0000,-3.2994E+002
1441.0000,-3.2819E+002
1442.0000,-3.2683E+002
1443.0000,-3.2596E+002
1444.0000,-3.2502E+002
1445.0000,-3.2380E+002
1446.0000,-3.2291E+002
1447.0000,-3.2110E+002
1448.0000,-3.2053E+002
1449.0000,-3.1888E+002
1450.0000,-3.1840E+002
1451.0000,-3.1596E+002
1452.0000,-3.1200E+002
1453.0000,-3.0870E+002
1454.0000,0.0000E+000
1455.0000,0.0000E+000
1456.0000,0.0000E+000
1457.0000,0.0000E+000
1458.0000,0.0000E+000
1459.0000,0.0000E+000
1460.0000,0.0000E+000
1461.0000,0.0000E+000
1462.0000,0.0000E+000
1463.0000,0.0000E+000
1464.0000,0.0000E+000
1465.0000,0.0000E+000
1466.0000,0.0000E+000
1467.0000,0.0000E+000
1468.0000,0.0000E+000
1469.0000,0.0000E+000
1470.0000,0.0000E+000
1471.0000,0.0000E+000
1472.0000,0.0000E+000
1473.0000,0.0000E+000
1474.0000,0.0000E+000
1475.0000,0.0000E+000
1476.0000,0.0000E+000
1477.0000,0.0000E+000
1478.0000,-2.5251E+002
1479.0000,0.0000E+000
1480.0000,0.0000E+000
1481.0000,0.0000E+000
1482.0000,0.0000E+000
1483.0000,0.0000E+000
1484.0000,0.0000E+000
1485.0000,0.0000E+000
1486.0000,0.0000E+000
1487.0000,0.0000E+000
1488.0000,0.0000E+000
1489.0000,0.0000E+000
1490.0000,0.0000E+000
1491.0000,0.0000E+000
1492.0000,0.0000E+000
1493.0000,-2.5251E+002
1494.0000,0.0000E+000
1495.0000,-3.0932E+002
1496.0000,0.0000E+000
1497.0000,0.0000E+000
1498.0000,0.0000E+000
1499.0000,0.0000E+000
1500.0000,0.0000E+000
1501.0000,0.0000E+000
1502.0000,-3.0932E+002
1503.0000,0.0000E+000
1504.0000,0.0000E+000
1505.0000,0.0000E+000
1506.0000,0.0000E+000
1507.0000,-3.0932E+002
1508.0000,0.0000E+000
1509.0000,0.0000E+000
1510.0000,0.0000E+000
1511.0000,0.0000E+000
1512.0000,0.0000E+000
1513.0000,0.0000E+000
1514.0000,0.0000E+000
1515.0000,0.0000E+000
1516.0000,0.0000E+000
1517.0000,0.0000E+000
1518.0000,-3.0932E+002
1519.0000,-3.0932E+002
1520.0000,0.0000E+000
1521.0000,-3.0932E+002
1522.0000,0.0000E+000
1523.0000,0.0000E+000
1524.0000,0.0000E+000
1525.0000,0.0000E+000
1526.0000,0.0000E+000
1527.0000,0.0000E+000
1528.0000,0.0000E+000
1529.0000,0.0000E+000
1530.0000,0.0000E+000
1531.0000,0.0000E+000
1532.0000,0.0000E+000
1533.0000,0.0000E+000
1534.0000,0.0000E+000
1535.0000,0.0000E+000
1536.0000,-3.0932E+002
1537.0000,-3.0932E+002
1538.0000,0.0000E+000
1539.0000,-3.0932E+002
1540.0000,-3.0932E+002
1541.0000,0.0000E+000
1542.0000,0.0000E+000
1543.0000,-3.0932E+002
1544.0000,0.0000E+000
1545.0000,0.0000E+000
1546.0000,0.0000E+000
1547.0000,-3.1596E+002
1548.0000,-3.1882E+002
1549.0000,-3.2000E+002
1550.0000,-3.2242E+002
1551.0000,-3.2537E+002
1552.0000,-3.2841E+002
1553.0000,-3.3201E+002
1554.0000,-3.3453E+002
1555.0000,-3.3638E+002
1556.0000,-3.3609E+002
1557.0000,-3.3724E+002
1558.0000,-3.3955E+002
1559.0000,-3.4030E+002
1560.0000,-3.4001E+002
1561.0000,-3.4059E+002
1562.0000,-3.4092E+002
1563.0000,-3.4179E+002
1564.0000,-3.4598E+002
1565.0000,-3.4914E+002
1566.0000,-3.4662E+002
1567.0000,-3.4572E+002
1568.0000,-3.4561E+002
1569.0000,-3.4647E+002
1570.0000,-3.4666E+002
1571.0000,-3.4687E+002
1572.0000,-3.4963E+002
1573.0000,-3.4831E+002
1574.0000,-3.4834E+002
1575.0000,-3.5255E+002
1576.0000,-3.5297E+002
1577.0000,-3.5485E+002
1578.0000,-3.5106E+002
1579.0000,-3.5153E+002
1580.0000,-3.5272E+002
1581.0000,-3.5705E+002
1582.0000,-3.6145E+002
1583.0000,-3.6099E+002
1584.0000,-3.5880E+002
1585.0000,-3.6092E+002
1586.0000,-3.6382E+002
1587.0000,-3.6385E+002
1588.0000,-3.6384E+002
1589.0000,-3.6529E+002
1590.0000,-3.7104E+002
1591.0000,-3.6914E+002
1592.0000,-3.6989E+002
1593.0000,-3.7041E+002
1594.0000,-3.6931E+002
1595.0000,-3.7177E+002
1596.0000,-3.7321E+002
1597.0000,-3.7840E+002
1598.0000,-3.8335E+002
1599.0000,-3.8078E+002
1600.0000,-3.8433E+002
1601.0000,-3.8547E+002
1602.0000,-3.8869E+002
1603.0000,-3.9638E+002
1604.0000,-3.8569E+002
1605.0000,-3.8017E+002
1606.0000,-3.7992E+002
1607.0000,-3.8207E+002
1608.0000,-3.8431E+002
1609.0000,-3.9250E+002
1610.0000,-3.9610E+002
1611.0000,-3.9919E+002
1612.0000,-3.9987E+002
1613.0000,-4.0454E+002
1614.0000,-4.0400E+002
1615.0000,-4.0796E+002
1616.0000,-4.0274E+002
1617.0000,-4.0618E+002
1618.0000,-4.0968E+002
1619.0000,-4.1036E+002
1620.0000,-4.1788E+002
1621.0000,-4.2357E+002
1622.0000,-4.2609E+002
1623.0000,-4.2695E+002
1624.0000,-4.3081E+002
1625.0000,-4.2768E+002
1626.0000,-4.1918E+002
1627.0000,-4.1750E+002
1628.0000,-4.1086E+002
1629.0000,-4.1363E+002
1630.0000,-4.1357E+002
1631.0000,-4.1435E+002
1632.0000,-4.1554E+002
1633.0000,-4.1798E+002
1634.0000,-4.1872E+002
1635.0000,-4.1806E+002
1636.0000,-4.2810E+002
1637.0000,-4.3325E+002
1638.0000,-4.2932E+002
1639.0000,-4.3897E+002
1640.0000,-4.3150E+002
1641.0000,-4.2532E+002
1642.0000,-4.1836E+002
1643.0000,-4.2422E+002
1644.0000,-4.2912E+002
1645.0000,-4.3121E+002
1646.0000,-4.3344E+002
1647.0000,-4.3618E+002
1648.0000,-4.3475E+002
1649.0000,-4.3419E+002
1650.0000,-4.3296E+002
1651.0000,-4.3206E+002
1652.0000,-4.3118E+002
1653.0000,-4.3320E+002
1654.0000,-4.3459E+002
1655.0000,-4.2883E+002
1656.0000,-4.2720E+002
1657.0000,-4.2945E+002
1658.0000,-4.3160E+002
1659.0000,-4.3392E+002
1660.0000,-4.3455E+002
1661.0000,-4.4074E+002
1662.0000,-4.3809E+002
1663.0000,-4.4813E+002
1664.0000,-4.5519E+002
1665.0000,-4.5302E+002
1666.0000,-4.5348E+002
1667.0000,-4.6116E+002
1668.0000,-4.5908E+002
1669.0000,-4.6026E+002
1670.0000,-4.5755E+002
1671.0000,-4.5620E+002
1672.0000,-4.5871E+002
1673.0000,-4.5483E+002
1674.0000,-4.4832E+002
1675.0000,-4.4559E+002
1676.0000,-4.3500E+002
1677.0000,-4.4188E+002
1678.0000,-4.3976E+002
1679.0000,-4.4070E+002
1680.0000,-4.3738E+002
1681.0000,-4.3517E+002
1682.0000,-4.2960E+002
1683.0000,-4.3391E+002
1684.0000,-4.3476E+002
1685.0000,-4.3006E+002
1686.0000,-4.2818E+002
1687.0000,-4.2743E+002
1688.0000,-4.2425E+002
1689.0000,-4.2514E+002
1690.0000,-4.2503E+002
1691.0000,-4.2412E+002
1692.0000,-4.2301E+002
1693.0000,-4.2743E+002
1694.0000,-4.2584E+002
1695.0000,-4.2272E+002
1696.0000,-4.2257E+002
1697.0000,-4.2394E+002
1698.0000,-4.2851E+002
1699.0000,-4.3243E+002
1700.0000,-4.3364E+002
1701.0000,-4.3632E+002
1702.0000,-4.2600E+002
1703.0000,-4.2180E+002
1704.0000,-4.2062E+002
1705.0000,-4.1979E+002
1706.0000,-4.2428E+002
1707.0000,-4.2634E+002
1708.0000,-4.2599E+002
1709.0000,-4.2694E+002
1710.0000,-4.2124E+002
1711.0000,-4.1804E+002
1712.0000,-4.1728E+002
1713.0000,-4.0851E+002
1714.0000,-4.1218E+002
1715.0000,-4.1154E+002
1716.0000,-4.1033E+002
1717.0000,-4.0701E+002
1718.0000,-4.0507E+002
1719.0000,-3.9654E+002
1720.0000,-3.9494E+002
1721.0000,-4.0489E+002
1722.0000,-4.0073E+002
1723.0000,-4.0115E+002
1724.0000,-4.0045E+002
1725.0000,-3.8513E+002
1726.0000,-3.8731E+002
1727.0000,-3.9505E+002
1728.0000,-3.8706E+002
1729.0000,-3.9226E+002
1730.0000,-3.9663E+002
1731.0000,-3.9351E+002
1732.0000,-3.9146E+002
1733.0000,-3.9033E+002
1734.0000,-3.8847E+002
1735.0000,-3.8638E+002
1736.0000,-3.8225E+002
1737.0000,-3.6506E+002
1738.0000,-3.7110E+002
1739.0000,-3.7977E+002
1740.0000,-3.7903E+002
1741.0000,-3.7805E+002
1742.0000,-3.7787E+002
1743.0000,-3.7982E+002
1744.0000,-3.7847E+002
1745.0000,-3.7790E+002
1746.0000,-3.7765E+002
1747.0000,-3.7483E+002
1748.0000,-3.7311E+002
1749.0000,-3.7581E+002
1750.0000,-3.7294E+002
1751.0000,-3.7078E+002
1752.0000,-3.6873E+002
1753.0000,-3.6849E+002
1754.0000,-3.5986E+002
1755.0000,-3.6581E+002
1756.0000,-3.6260E+002
1757.0000,-3.5982E+002
1758.0000,-3.5803E+002
1759.0000,-3.5654E+002
1760.0000,-3.5526E+002
1761.0000,-3.5441E+002
1762.0000,-3.5463E+002
1763.0000,-3.5535E+002
1764.0000,-3.5577E+002
1765.0000,-3.5550E+002
1766.0000,-3.5483E+002
1767.0000,-3.5203E+002
1768.0000,-3.4969E+002
1769.0000,-3.4822E+002
1770.0000,-3.4711E+002
1771.0000,-3.4583E+002
1772.0000,-3.4463E+002
1773.0000,-3.4546E+002
1774.0000,-3.4633E+002
1775.0000,-3.4625E+002
1776.0000,-3.4529E+002
1777.0000,-3.4486E+002
1778.0000,-3.4495E+002
1779.0000,-3.4313E+002
1780.0000,-3.4203E+002
1781.0000,-3.4038E+002
1782.0000,-3.3892E+002
1783.0000,-3.3910E+002
1784.0000,-3.3900E+002
1785.0000,-3.3860E+002
1786.0000,-3.3775E+002
1787.0000,-3.3769E+002
1788.0000,-3.3824E+002
1789.0000,-3.3635E+002
1790.0000,-3.3468E+002
1791.0000,-3.3354E+002
1792.0000,-3.3226E+002
1793.0000,-3.3056E+002
1794.0000,-3.2840E+002
1795.0000,-3.2670E+002
1796.0000,-3.2519E+002
1797.0000,-3.2551E+002
1798.0000,-3.2655E+002
1799.0000,-3.2705E+002
1800.0000,-3.2603E+002
1801.0000,-3.2432E+002
1802.0000,-3.2288E+002
1803.0000,-3.2210E+002
1804.0000,-3.2184E+002
1805.0000,-3.1997E+002
1806.0000,-3.1926E+002
1807.0000,-3.1829E+002
1808.0000,-3.1720E+002
1809.0000,-3.1658E+002
1810.0000,-3.1669E+002
1811.0000,-3.1383E+002
1812.0000,-3.1092E+002
1813.0000,0.0000E+000
1814.0000,0.0000E+000
1815.0000,0.0000E+000
1816.0000,0.0000E+000
1817.0000,0.0000E+000
1818.0000,0.0000E+000
1819.0000,0.0000E+000
1820.0000,0.0000E+000
1821.0000,0.0000E+000
1822.0000,0.0000E+000
1823.0000,0.0000E+000
1824.0000,0.0000E+000
1825.0000,0.0000E+000
1826.0000,0.0000E+000
1827.0000,0.0000E+000
1828.0000,0.0000E+000
1829.0000,0.0000E+000
1830.0000,0.0000E+000
1831.0000,0.0000E+000
1832.0000,0.0000E+000
1833.0000,0.0000E+000
1834.0000,0.0000E+000
1835.0000,0.0000E+000
1836.0000,0.0000E+000
1837.0000,0.0000E+000
1838.0000,0.0000E+000
1839.0000,0.0000E+000
1840.0000,0.0000E+000
1841.0000,0.0000E+000
1842.0000,0.0000E+000
1843.0000,0.0000E+000
1844.0000,0.0000E+000
1845.0000,0.0000E+000
1846.0000,0.0000E+000
1847.0000,0.0000E+000
1848.0000,0.0000E+000
1849.0000,0.0000E+000
1850.0000,0.0000E+000
1851.0000,0.0000E+000
1852.0000,0.0000E+000
1853.0000,0.0000E+000
1854.0000,0.0000E+000
1855.0000,0.0000E+000
1856.0000,0.0000E+000
1857.0000,0.0000E+000
1858.0000,0.0000E+000
1859.0000,0.0000E+000
1860.0000,0.0000E+000
1861.0000,0.0000E+000
1862.0000,0.0000E+000
1863.0000,0.0000E+000
1864.0000,0.0000E+000
1865.0000,0.0000E+000
1866.0000,0.0000E+000
1867.0000,0.0000E+000
1868.0000,0.0000E+000
1869.0000,0.0000E+000
1870.0000,0.0000E+000
1871.0000,0.0000E+000
1872.0000,0.0000E+000
1873.0000,0.0000E+000
1874.0000,0.0000E+000
1875.0000,0.0000E+000
1876.0000,0.0000E+000
1877.0000,0.0000E+000
1878.0000,0.0000E+000
1879.0000,-3.0932E+002
1880.0000,-3.0932E+002
1881.0000,-3.0932E+002
1882.0000,-3.0932E+002
1883.0000,-3.0932E+002
1884.0000,-3.0932E+002
1885.0000,-3.0932E+002
1886.0000,-3.0932E+002
1887.0000,-3.0932E+002
1888.0000,0.0000E+000
1889.0000,-3.0932E+002
1890.0000,-3.0932E+002
1891.0000,-3.0932E+002
1892.0000,-3.0932E+002
1893.0000,-3.2124E+002
1894.0000,-3.2439E+002
1895.0000,-3.2385E+002
1896.0000,-3.2367E+002
1897.0000,-3.2344E+002
1898.0000,-3.2412E+002
1899.0000,-3.2451E+002
1900.0000,-3.2495E+002
1901.0000,-3.2573E+002
1902.0000,-3.2483E+002
1903.0000,-3.2438E+002
1904.0000,-3.2425E+002
1905.0000,-3.2441E+002
1906.0000,-3.2514E+002
1907.0000,-3.2725E+002
1908.0000,-3.2869E+002
1909.0000,-3.2998E+002
1910.0000,-3.3163E+002
1911.0000,-3.3227E+002
1912.0000,-3.3408E+002
1913.0000,-3.3396E+002
1914.0000,-3.3299E+002
1915.0000,-3.3375E+002
1916.0000,-3.3642E+002
1917.0000,-3.3698E+002
1918.0000,-3.3696E+002
1919.0000,-3.3799E+002
1920.0000,-3.3815E+002
1921.0000,-3.3678E+002
1922.0000,-3.3794E+002
1923.0000,-3.3854E+002
1924.0000,-3.3830E+002
1925.0000,-3.3773E+002
1926.0000,-3.3777E+002
1927.0000,-3.3793E+002
1928.0000,-3.3805E+002
1929.0000,-3.3937E+002
1930.0000,-3.3970E+002
1931.0000,-3.4202E+002
1932.0000,-3.4395E+002
1933.0000,-3.4346E+002
1934.0000,-3.4398E+002
1935.0000,-3.4767E+002
1936.0000,-3.4671E+002
1937.0000,-3.4684E+002
1938.0000,-3.4726E+002
1939.0000,-3.5177E+002
1940.0000,-3.4947E+002
1941.0000,-3.5014E+002
1942.0000,-3.5303E+002
1943.0000,-3.5780E+002
1944.0000,-3.6222E+002
1945.0000,-3.6117E+002
1946.0000,-3.6275E+002
1947.0000,-3.6505E+002
1948.0000,-3.6842E+002
1949.0000,-3.7305E+002
1950.0000,-3.7402E+002
1951.0000,-3.7484E+002
1952.0000,-3.7869E+002
1953.0000,-3.8023E+002
1954.0000,-3.8777E+002
1955.0000,-3.9137E+002
1956.0000,-3.8710E+002
1957.0000,-3.8802E+002
1958.0000,-3.8792E+002
1959.0000,-3.8966E+002
1960.0000,-3.7983E+002
1961.0000,-3.7550E+002
1962.0000,-3.7786E+002
1963.0000,-3.8053E+002
1964.0000,-3.7955E+002
1965.0000,-3.7558E+002
1966.0000,-3.7614E+002
1967.0000,-3.7990E+002
1968.0000,-3.7767E+002
1969.0000,-3.8088E+002
1970.0000,-3.8479E+002
1971.0000,-3.8298E+002
1972.0000,-3.8340E+002
1973.0000,-3.8421E+002
1974.0000,-3.8242E+002
1975.0000,-3.8213E+002
1976.0000,-3.8923E+002
1977.0000,-3.8906E+002
1978.0000,-3.9392E+002
1979.0000,-3.9869E+002
1980.0000,-3.9491E+002
1981.0000,-4.0048E+002
1982.0000,-3.9277E+002
1983.0000,-3.9087E+002
1984.0000,-3.9680E+002
1985.0000,-3.9313E+002
1986.0000,-3.9983E+002
1987.0000,-4.0064E+002
1988.0000,-4.0318E+002
1989.0000,-4.1227E+002
1990.0000,-4.0512E+002
1991.0000,-4.0782E+002
1992.0000,-4.0774E+002
1993.0000,-4.0792E+002
1994.0000,-4.0748E+002
1995.0000,-4.0884E+002
1996.0000,-4.0920E+002
1997.0000,-4.0917E+002
1998.0000,-4.0919E+002
1999.0000,-4.0907E+002
2000.0000,-4.0993E+002
2001.0000,-4.1694E+002
2002.0000,-4.1890E+002
2003.0000,-4.2437E+002
2004.0000,-4.1961E+002
2005.0000,-4.1697E+002
2006.0000,-4.1423E+002
2007.0000,-4.1436E+002
2008.0000,-4.1635E+002
2009.0000,-4.1764E+002
2010.0000,-4.2311E+002
2011.0000,-4.2708E+002
2012.0000,-4.3056E+002
2013.0000,-4.3543E+002
2014.0000,-4.3517E+002
2015.0000,-4.2956E+002
2016.0000,-4.3222E+002
2017.0000,-4.3271E+002
2018.0000,-4.3700E+002
2019.0000,-4.3710E+002
2020.0000,-4.3910E+002
2021.0000,-4.4085E+002
2022.0000,-4.3810E+002
2023.0000,-4.3898E+002
2024.0000,-4.4267E+002
2025.0000,-4.3658E+002
2026.0000,-4.3061E+002
2027.0000,-4.2219E+002
2028.0000,-4.2186E+002
2029.0000,-4.2376E+002
2030.0000,-4.2582E+002
2031.0000,-4.2858E+002
2032.0000,-4.2674E+002
2033.0000,-4.2306E+002
2034.0000,-4.2384E+002
2035.0000,-4.2910E+002
2036.0000,-4.2826E+002
2037.0000,-4.2700E+002
2038.0000,-4.2753E+002
2039.0000,-4.2932E+002
2040.0000,-4.3296E+002
2041.0000,-4.3493E+002
2042.0000,-4.3294E+002
2043.0000,-4.3096E+002
2044.0000,-4.2426E+002
2045.0000,-4.2709E+002
2046.0000,-4.2864E+002
2047.0000,-4.3222E+002
2048.0000,-4.3203E+002
2049.0000,-4.3224E+002
2050.0000,-4.3444E+002
2051.0000,-4.3373E+002
2052.0000,-4.3804E+002
2053.0000,-4.3937E+002
2054.0000,-4.3696E+002
2055.0000,-4.2836E+002
2056.0000,-4.3297E+002
2057.0000,-4.3083E+002
2058.0000,-4.1951E+002
2059.0000,-4.1336E+002
2060.0000,-4.2543E+002
2061.0000,-4.2917E+002
2062.0000,-4.3207E+002
2063.0000,-4.3386E+002
2064.0000,-4.3182E+002
2065.0000,-4.3323E+002
2066.0000,-4.3050E+002
2067.0000,-4.3117E+002
2068.0000,-4.3189E+002
2069.0000,-4.3127E+002
2070.0000,-4.3265E+002
2071.0000,-4.3565E+002
2072.0000,-4.3917E+002
2073.0000,-4.3711E+002
2074.0000,-4.2909E+002
2075.0000,-4.1579E+002
2076.0000,-4.1334E+002
2077.0000,-4.2400E+002
2078.0000,-4.2214E+002
2079.0000,-4.2257E+002
2080.0000,-4.2337E+002
2081.0000,-4.2319E+002
2082.0000,-4.1116E+002
2083.0000,-4.1924E+002
2084.0000,-4.1648E+002
2085.0000,-4.0249E+002
2086.0000,-4.0430E+002
2087.0000,-4.0780E+002
2088.0000,-4.1074E+002
2089.0000,-4.0998E+002
2090.0000,-4.0747E+002
2091.0000,-4.0413E+002
2092.0000,-3.9482E+002
2093.0000,-4.0018E+002
2094.0000,-3.9535E+002
2095.0000,-3.8838E+002
2096.0000,-3.8819E+002
2097.0000,-3.8494E+002
2098.0000,-3.9006E+002
2099.0000,-3.8941E+002
2100.0000,-3.9090E+002
2101.0000,-3.9134E+002
2102.0000,-3.9163E+002
2103.0000,-3.9004E+002
2104.0000,-3.8555E+002
2105.0000,-3.8569E+002
2106.0000,-3.8184E+002
2107.0000,-3.7570E+002
2108.0000,-3.7221E+002
2109.0000,-3.7267E+002
2110.0000,-3.7190E+002
2111.0000,-3.7097E+002
2112.0000,-3.7081E+002
2113.0000,-3.7184E+002
2114.0000,-3.7241E+002
2115.0000,-3.7182E+002
2116.0000,-3.7179E+002
2117.0000,-3.6980E+002
2118.0000,-3.7025E+002
2119.0000,-3.7049E+002
2120.0000,-3.7060E+002
2121.0000,-3.7052E+002
2122.0000,-3.7160E+002
2123.0000,-3.7301E+002
2124.0000,-3.7494E+002
2125.0000,-3.7517E+002
2126.0000,-3.7484E+002
2127.0000,-3.7456E+002
2128.0000,-3.7141E+002
2129.0000,-3.6937E+002
2130.0000,-3.6839E+002
2131.0000,-3.6959E+002
2132.0000,-3.6977E+002
2133.0000,-3.6911E+002
2134.0000,-3.6681E+002
2135.0000,-3.6495E+002
2136.0000,-3.6333E+002
2137.0000,-3.6133E+002
2138.0000,-3.5997E+002
2139.0000,-3.5807E+002
2140.0000,-3.5599E+002
2141.0000,-3.5407E+002
2142.0000,-3.5233E+002
2143.0000,-3.5148E+002
2144.0000,-3.4978E+002
2145.0000,-3.4733E+002
2146.0000,-3.4494E+002
2147.0000,-3.4319E+002
2148.0000,-3.4106E+002
2149.0000,-3.3877E+002
2150.0000,-3.3667E+002
2151.0000,-3.3346E+002
2152.0000,-3.3011E+002
2153.0000,-3.2786E+002
2154.0000,-3.2623E+002
2155.0000,-3.2479E+002
2156.0000,-3.2441E+002
2157.0000,-3.2388E+002
2158.0000,-3.2284E+002
2159.0000,-3.2204E+002
2160.0000,-3.2178E+002
2161.0000,-3.2147E+002
2162.0000,-3.2085E+002
2163.0000,-3.1878E+002
2164.0000,-3.1758E+002
2165.0000,-3.1672E+002
2166.0000,-3.1258E+002
2167.0000,-3.1053E+002
2168.0000,-3.0917E+002
2169.0000,-3.0740E+002
2170.0000,0.0000E+000
2171.0000,0.0000E+000
2172.0000,0.0000E+000
2173.0000,0.0000E+000
2174.0000,0.0000E+000
2175.0000,0.0000E+000
2176.0000,0.0000E+000
2177.0000,0.0000E+000
2178.0000,0.0000E+000
2179.0000,0.0000E+000
2180.0000,0.0000E+000
2181.0000,0.0000E+000
2182.0000,0.0000E+000
2183.0000,0.0000E+000
2184.0000,0.0000E+000
2185.0000,0.0000E+000
2186.0000,0.0000E+000
2187.0000,0.0000E+000
2188.0000,0.0000E+000
2189.0000,0.0000E+000
2190.0000,0.0000E+000
2191.0000,0.0000E+000
2192.0000,0.0000E+000
2193.0000,0.0000E+000
2194.0000,0.0000E+000
2195.0000,0.0000E+000
2196.0000,0.0000E+000
2197.0000,0.0000E+000
2198.0000,0.0000E+000
2199.0000,0.0000E+000
2200.0000,0.0000E+000
2201.0000,0.0000E+000
2202.0000,0.0000E+000
2203.0000,0.0000E+000
2204.0000,0.0000E+000
2205.0000,0.0000E+000
2206.0000,0.0000E+000
2207.0000,0.0000E+000
2208.0000,0.0000E+000
2209.0000,0.0000E+000
2210.0000,0.0000E+000
2211.0000,0.0000E+000
2212.0000,0.0000E+000
2213.0000,0.0000E+000
2214.0000,0.0000E+000
2215.0000,0.0000E+000
2216.0000,0.0000E+000
2217.0000,0.0000E+000
2218.0000,0.0000E+000
2219.0000,0.0000E+000
2220.0000,0.0000E+000
2221.0000,-2.5251E+002
2222.0000,0.0000E+000
2223.0000,0.0000E+000
2224.0000,0.0000E+000
2225.0000,0.0000E+000
2226.0000,0.0000E+000
2227.0000,0.0000E+000
2228.0000,0.0000E+000
2229.0000,0.0000E+000
2230.0000,0.0000E+000
2231.0000,0.0000E+000
2232.0000,0.0000E+000
2233.0000,0.0000E+000
2234.0000,0.0000E+000
2235.0000,0.0000E+000
2236.0000,0.0000E+000
2237.0000,0.0000E+000
2238.0000,0.0000E+000
2239.0000,0.0000E+000
2240.0000,0.0000E+000
2241.0000,0.0000E+000
2242.0000,0.0000E+000
2243.0000,0.0000E+000
2244.0000,0.0000E+000
2245.0000,0.0000E+000
2246.0000,0.0000E+000
2247.0000,-2.5251E+002
2248.0000,0.0000E+000
2249.0000,0.0000E+000
2250.0000,0.0000E+000
2251.0000,0.0000E+000
2252.0000,0.0000E+000
2253.0000,0.0000E+000
2254.0000,0.0000E+000
2255.0000,0.0000E+000
2256.0000,0.0000E+000
2257.0000,0.0000E+000
2258.0000,0.0000E+000
2259.0000,0.0000E+000
2260.0000,0.0000E+000
2261.0000,0.0000E+000
2262.0000,0.0000E+000
2263.0000,0.0000E+000
2264.0000,0.0000E+000
2265.0000,-3.0932E+002
2266.0000,0.0000E+000
2267.0000,0.0000E+000
2268.0000,0.0000E+000
2269.0000,0.0000E+000
2270.0000,0.0000E+000
2271.0000,-3.0932E+002
2272.0000,-3.0932E+002
2273.0000,-3.0932E+002
2274.0000,0.0000E+000
2275.0000,0.0000E+000
2276.0000,0.0000E+000
2277.0000,0.0000E+000
2278.0000,0.0000E+000
2279.0000,-3.0932E+002
2280.0000,-3.0932E+002
2281.0000,-3.0932E+002
2282.0000,-3.0932E+002
2283.0000,-3.0932E+002
2284.0000,-3.0932E+002
2285.0000,-3.0932E+002
2286.0000,-3.0932E+002
2287.0000,-3.0932E+002
2288.0000,-3.0932E+002
2289.0000,-3.0932E+002
2290.0000,-3.2044E+002
2291.0000,-3.2271E+002
2292.0000,-3.2467E+002
2293.0000,-3.2892E+002
2294.0000,-3.3053E+002
2295.0000,-3.3322E+002
2296.0000,-3.3520E+002
2297.0000,-3.3526E+002
2298.0000,-3.3314E+002
2299.0000,-3.3307E+002
2300.0000,-3.3492E+002
2301.0000,-3.3624E+002
2302.0000,-3.3985E+002
2303.0000,-3.4422E+002
2304.0000,-3.4611E+002
2305.0000,-3.4900E+002
2306.0000,-3.5024E+002
2307.0000,-3.5363E+002
2308.0000,-3.5389E+002
2309.0000,-3.5795E+002
2310.0000,-3.5615E+002
2311.0000,-3.5776E+002
2312.0000,-3.6094E+002
2313.0000,-3.6418E+002
2314.0000,-3.6873E+002
2315.0000,-3.7181E+002
2316.0000,-3.6926E+002
2317.0000,-3.6813E+002
2318.0000,-3.7030E+002
2319.0000,-3.7159E+002
2320.0000,-3.7222E+002
2321.0000,-3.7536E+002
2322.0000,-3.7961E+002
2323.0000,-3.8124E+002
2324.0000,-3.8247E+002
2325.0000,-3.8245E+002
2326.0000,-3.8122E+002
2327.0000,-3.8599E+002
2328.0000,-3.9448E+002
2329.0000,-4.0098E+002
2330.0000,-4.0178E+002
2331.0000,-4.0737E+002
2332.0000,-3.9799E+002
2333.0000,-3.9505E+002
2334.0000,-3.9033E+002
2335.0000,-3.8904E+002
2336.0000,-3.8896E+002
2337.0000,-3.9002E+002
2338.0000,-3.8796E+002
2339.0000,-3.8869E+002
2340.0000,-3.9350E+002
2341.0000,-3.9358E+002
2342.0000,-3.9262E+002
2343.0000,-3.8704E+002
2344.0000,-3.8797E+002
2345.0000,-3.8445E+002
2346.0000,-3.8528E+002
2347.0000,-3.8446E+002
2348.0000,-3.8369E+002
2349.0000,-3.8630E+002
2350.0000,-3.9445E+002
2351.0000,-4.0228E+002
2352.0000,-4.0548E+002
2353.0000,-4.0178E+002
2354.0000,-4.0996E+002
2355.0000,-4.2121E+002
2356.0000,-4.1319E+002
2357.0000,-4.1403E+002
2358.0000,-4.1375E+002
2359.0000,-4.1744E+002
2360.0000,-4.2009E+002
2361.0000,-4.1649E+002
2362.0000,-4.1586E+002
2363.0000,-4.2038E+002
2364.0000,-4.1747E+002
2365.0000,-4.1882E+002
2366.0000,-4.2232E+002
2367.0000,-4.1934E+002
2368.0000,-4.2124E+002
2369.0000,-4.2544E+002
2370.0000,-4.2900E+002
2371.0000,-4.3187E+002
2372.0000,-4.3272E+002
2373.0000,-4.3238E+002
2374.0000,-4.2451E+002
2375.0000,-4.2274E+002
2376.0000,-4.2633E+002
2377.0000,-4.2432E+002
2378.0000,-4.2305E+002
2379.0000,-4.2256E+002
2380.0000,-4.2848E+002
2381.0000,-4.3796E+002
2382.0000,-4.4139E+002
2383.0000,-4.3216E+002
2384.0000,-4.3147E+002
2385.0000,-4.3345E+002
2386.0000,-4.3228E+002
2387.0000,-4.3507E+002
2388.0000,-4.3728E+002
2389.0000,-4.3623E+002
2390.0000,-4.3955E+002
2391.0000,-4.4439E+002
2392.0000,-4.4699E+002
2393.0000,-4.5138E+002
2394.0000,-4.5928E+002
2395.0000,-4.6180E+002
2396.0000,-4.6111E+002
2397.0000,-4.6151E+002
2398.0000,-4.5156E+002
2399.0000,-4.4224E+002
2400.0000,-4.3735E+002
2401.0000,-4.4001E+002
2402.0000,-4.4755E+002
2403.0000,-4.4452E+002
2404.0000,-4.4469E+002
2405.0000,-4.4540E+002
2406.0000,-4.5038E+002
2407.0000,-4.5157E+002
2408.0000,-4.5154E+002
2409.0000,-4.5082E+002
2410.0000,-4.5201E+002
2411.0000,-4.5797E+002
2412.0000,-4.5712E+002
2413.0000,-4.5413E+002
2414.0000,-4.4550E+002
2415.0000,-4.4393E+002
2416.0000,-4.4253E+002
2417.0000,-4.3840E+002
2418.0000,-4.3576E+002
2419.0000,-4.2117E+002
2420.0000,-4.2488E+002
2421.0000,-4.2912E+002
2422.0000,-4.2816E+002
2423.0000,-4.2505E+002
2424.0000,-4.2880E+002
2425.0000,-4.2494E+002
2426.0000,-4.3111E+002
2427.0000,-4.3413E+002
2428.0000,-4.2940E+002
2429.0000,-4.2675E+002
2430.0000,-4.2850E+002
2431.0000,-4.2781E+002
2432.0000,-4.2630E+002
2433.0000,-4.2332E+002
2434.0000,-4.2287E+002
2435.0000,-4.2110E+002
2436.0000,-4.1967E+002
2437.0000,-4.1810E+002
2438.0000,-4.1935E+002
2439.0000,-4.1830E+002
2440.0000,-4.1689E+002
2441.0000,-4.1733E+002
2442.0000,-4.1786E+002
2443.0000,-4.1827E+002
2444.0000,-4.1290E+002
2445.0000,-4.1417E+002
2446.0000,-4.0791E+002
2447.0000,-4.1314E+002
2448.0000,-4.0981E+002
2449.0000,-4.0440E+002
2450.0000,-4.0534E+002
2451.0000,-4.0227E+002
2452.0000,-4.0218E+002
2453.0000,-4.0502E+002
2454.0000,-4.0171E+002
2455.0000,-4.0487E+002
2456.0000,-4.0307E+002
2457.0000,-4.0426E+002
2458.0000,-4.0056E+002
2459.0000,-3.9680E+002
2460.0000,-3.9245E+002
2461.0000,-3.8549E+002
2462.0000,-3.9149E+002
2463.0000,-3.9021E+002
2464.0000,-3.8734E+002
2465.0000,-3.8894E+002
2466.0000,-3.9174E+002
2467.0000,-3.9058E+002
2468.0000,-3.8957E+002
2469.0000,-3.8858E+002
2470.0000,-3.8296E+002
2471.0000,-3.7105E+002
2472.0000,-3.7935E+002
2473.0000,-3.7825E+002
2474.0000,-3.7999E+002
2475.0000,-3.7971E+002
2476.0000,-3.7923E+002
2477.0000,-3.7838E+002
2478.0000,-3.7838E+002
2479.0000,-3.7713E+002
2480.0000,-3.7562E+002
2481.0000,-3.7202E+002
2482.0000,-3.6653E+002
2483.0000,-3.6550E+002
2484.0000,-3.6813E+002
2485.0000,-3.6687E+002
2486.0000,-3.6703E+002
2487.0000,-3.6710E+002
2488.0000,-3.6805E+002
2489.0000,-3.6695E+002
2490.0000,-3.6133E+002
2491.0000,-3.5785E+002
2492.0000,-3.5481E+002
2493.0000,-3.5424E+002
2494.0000,-3.5351E+002
2495.0000,-3.5286E+002
2496.0000,-3.5323E+002
2497.0000,-3.5365E+002
2498.0000,-3.5275E+002
2499.0000,-3.5228E+002
2500.0000,-3.5119E+002
2501.0000,-3.5005E+002
2502.0000,-3.4983E+002
2503.0000,-3.5071E+002
2504.0000,-3.4953E+002
2505.0000,-3.4784E+002
2506.0000,-3.4637E+002
2507.0000,-3.4519E+002
2508.0000,-3.4386E+002
2509.0000,-3.4377E+002
2510.0000,-3.4523E+002
2511.0000,-3.4650E+002
2512.0000,-3.4645E+002
2513.0000,-3.4677E+002
2514.0000,-3.4752E+002
2515.0000,-3.4576E+002
2516.0000,-3.4370E+002
2517.0000,-3.4225E+002
2518.0000,-3.4136E+002
2519.0000,-3.4175E+002
2520.0000,-3.4286E+002
2521.0000,-3.4212E+002
2522.0000,-3.4172E+002
2523.0000,-3.4114E+002
2524.0000,-3.4083E+002
2525.0000,-3.4039E+002
2526.0000,-3.3993E+002
2527.0000,-3.3854E+002
2528.0000,-3.3779E+002
2529.0000,-3.3731E+002
2530.0000,-3.3934E+002
2531.0000,-3.4061E+002
2532.0000,-3.3899E+002
2533.0000,-3.3809E+002
2534.0000,-3.3663E+002
2535.0000,-3.3465E+002
2536.0000,-3.3268E+002
2537.0000,-3.3138E+002
2538.0000,-3.3137E+002
2539.0000,-3.3023E+002
2540.0000,-3.2894E+002
2541.0000,-3.2843E+002
2542.0000,-3.2880E+002
2543.0000,-3.2785E+002
2544.0000,-3.2725E+002
2545.0000,-3.2517E+002
2546.0000,-3.2329E+002
2547.0000,-3.2209E+002
2548.0000,-3.2133E+002
2549.0000,-3.1969E+002
2550.0000,-3.1681E+002
2551.0000,-3.1392E+002
2552.0000,-3.1211E+002
2553.0000,-3.1155E+002
2554.0000,-3.1008E+002
2555.0000,-3.0773E+002
2556.0000,0.0000E+000
2557.0000,0.0000E+000
2558.0000,0.0000E+000
2559.0000,0.0000E+000
2560.0000,0.0000E+000
2561.0000,0.0000E+000
2562.0000,0.0000E+000
2563.0000,0.0000E+000
2564.0000,0.0000E+000
2565.0000,0.0000E+000
2566.0000,-3.0932E+002
2567.0000,0.0000E+000
2568.0000,0.0000E+000
2569.0000,0.0000E+000
2570.0000,0.0000E+000
2571.0000,0.0000E+000
2572.0000,0.0000E+000
2573.0000,0.0000E+000
2574.0000,0.0000E+000
2575.0000,0.0000E+000
2576.0000,0.0000E+000
2577.0000,0.0000E+000
2578.0000,0.0000E+000
2579.0000,0.0000E+000
2580.0000,0.0000E+000
2581.0000,0.0000E+000
2582.0000,0.0000E+000
2583.0000,0.0000E+000
2584.0000,-3.0932E+002
2585.0000,0.0000E+000
2586.0000,0.0000E+000
2587.0000,0.0000E+000
2588.0000,0.0000E+000
2589.0000,0.0000E+000
2590.0000,0.0000E+000
2591.0000,0.0000E+000
2592.0000,0.0000E+000
2593.0000,0.0000E+000
2594.0000,0.0000E+000
2595.0000,0.0000E+000
2596.0000,0.0000E+000
2597.0000,-2.5251E+002
2598.0000,0.0000E+000
2599.0000,0.0000E+000
2600.0000,0.0000E+000
2601.0000,0.0000E+000
2602.0000,0.0000E+000
2603.0000,0.0000E+000
2604.0000,0.0000E+000
2605.0000,0.0000E+000
2606.0000,-3.0932E+002
2607.0000,-3.0932E+002
2608.0000,0.0000E+000
2609.0000,0.0000E+000
2610.0000,0.0000E+000
2611.0000,-3.0932E+002
2612.0000,-3.0932E+002
2613.0000,0.0000E+000
2614.0000,0.0000E+000
2615.0000,0.0000E+000
2616.0000,0.0000E+000
2617.0000,0.0000E+000
2618.0000,0.0000E+000
2619.0000,0.0000E+000
2620.0000,0.0000E+000
2621.0000,0.0000E+000
2622.0000,0.0000E+000
2623.0000,0.0000E+000
2624.0000,-3.0932E+002
2625.0000,0.0000E+000
2626.0000,0.0000E+000
2627.0000,0.0000E+000
2628.0000,-3.0932E+002
2629.0000,-3.0932E+002
2630.0000,-3.0932E+002
2631.0000,0.0000E+000
2632.0000,0.0000E+000
2633.0000,0.0000E+000
2634.0000,-3.0932E+002
2635.0000,-3.0932E+002
2636.0000,-3.0932E+002
2637.0000,0.0000E+000
2638.0000,0.0000E+000
2639.0000,0.0000E+000
2640.0000,0.0000E+000
2641.0000,0.0000E+000
2642.0000,0.0000E+000
2643.0000,0.0000E+000
2644.0000,-3.0932E+002
2645.0000,-3.0932E+002
2646.0000,-3.1806E+002
2647.0000,-3.1778E+002
2648.0000,-3.1840E+002
2649.0000,-3.1849E+002
2650.0000,-3.1852E+002
2651.0000,-3.1878E+002
2652.0000,-3.1907E+002
2653.0000,-3.1991E+002
2654.0000,-3.2066E+002
2655.0000,-3.2185E+002
2656.0000,-3.2317E+002
2657.0000,-3.2511E+002
2658.0000,-3.2863E+002
2659.0000,-3.3166E+002
2660.0000,-3.3565E+002
2661.0000,-3.3622E+002
2662.0000,-3.4074E+002
2663.0000,-3.4672E+002
2664.0000,-3.5097E+002
2665.0000,-3.5472E+002
2666.0000,-3.5590E+002
2667.0000,-3.5587E+002
2668.0000,-3.5339E+002
2669.0000,-3.5327E+002
2670.0000,-3.5372E+002
2671.0000,-3.5393E+002
2672.0000,-3.5223E+002
2673.0000,-3.5507E+002
2674.0000,-3.5138E+002
2675.0000,-3.5154E+002
2676.0000,-3.5277E+002
2677.0000,-3.5551E+002
2678.0000,-3.5550E+002
2679.0000,-3.5376E+002
2680.0000,-3.5596E+002
2681.0000,-3.5556E+002
2682.0000,-3.5909E+002
2683.0000,-3.6729E+002
2684.0000,-3.6615E+002
2685.0000,-3.6614E+002
2686.0000,-3.6380E+002
2687.0000,-3.6433E+002
2688.0000,-3.6272E+002
2689.0000,-3.6384E+002
2690.0000,-3.6347E+002
2691.0000,-3.6486E+002
2692.0000,-3.6591E+002
2693.0000,-3.6812E+002
2694.0000,-3.6747E+002
2695.0000,-3.6757E+002
2696.0000,-3.6754E+002
2697.0000,-3.6756E+002
2698.0000,-3.6849E+002
2699.0000,-3.6838E+002
2700.0000,-3.7116E+002
2701.0000,-3.7199E+002
2702.0000,-3.7091E+002
2703.0000,-3.7340E+002
2704.0000,-3.7875E+002
2705.0000,-3.8388E+002
2706.0000,-3.8872E+002
2707.0000,-3.9266E+002
2708.0000,-3.9426E+002
2709.0000,-3.9649E+002
2710.0000,-3.9368E+002
2711.0000,-3.9113E+002
2712.0000,-3.9458E+002
2713.0000,-3.9697E+002
2714.0000,-4.0030E+002
2715.0000,-3.9880E+002
2716.0000,-4.0225E+002
2717.0000,-4.0712E+002
2718.0000,-4.0797E+002
2719.0000,-4.1266E+002
2720.0000,-4.2273E+002
2721.0000,-4.2103E+002
2722.0000,-4.1022E+002
2723.0000,-4.0877E+002
2724.0000,-4.0847E+002
2725.0000,-4.1361E+002
2726.0000,-4.1254E+002
2727.0000,-4.1034E+002
2728.0000,-4.1912E+002
2729.0000,-4.2539E+002
2730.0000,-4.3035E+002
2731.0000,-4.3140E+002
2732.0000,-4.3515E+002
2733.0000,-4.3721E+002
2734.0000,-4.3977E+002
2735.0000,-4.4021E+002
2736.0000,-4.4532E+002
2737.0000,-4.4421E+002
2738.0000,-4.4713E+002
2739.0000,-4.4855E+002
2740.0000,-4.4621E+002
2741.0000,-4.4642E+002
2742.0000,-4.5120E+002
2743.0000,-4.4346E+002
2744.0000,-4.4579E+002
2745.0000,-4.5315E+002
2746.0000,-4.5068E+002
2747.0000,-4.4893E+002
2748.0000,-4.4282E+002
2749.0000,-4.3244E+002
2750.0000,-4.3885E+002
2751.0000,-4.3923E+002
2752.0000,-4.4132E+002
2753.0000,-4.4373E+002
2754.0000,-4.4223E+002
2755.0000,-4.4474E+002
2756.0000,-4.5231E+002
2757.0000,-4.5104E+002
2758.0000,-4.4932E+002
2759.0000,-4.5041E+002
2760.0000,-4.4779E+002
2761.0000,-4.2699E+002
2762.0000,-4.3685E+002
2763.0000,-4.4107E+002
2764.0000,-4.4542E+002
2765.0000,-4.4382E+002
2766.0000,-4.5188E+002
2767.0000,-4.4850E+002
2768.0000,-4.4827E+002
2769.0000,-4.4670E+002
2770.0000,-4.4639E+002
2771.0000,-4.4270E+002
2772.0000,-4.4314E+002
2773.0000,-4.4819E+002
2774.0000,-4.4311E+002
2775.0000,-4.3745E+002
2776.0000,-4.3518E+002
2777.0000,-4.3358E+002
2778.0000,-4.3428E+002
2779.0000,-4.3372E+002
2780.0000,-4.3505E+002
2781.0000,-4.3345E+002
2782.0000,-4.3519E+002
2783.0000,-4.3294E+002
2784.0000,-4.3122E+002
2785.0000,-4.3223E+002
2786.0000,-4.2835E+002
2787.0000,-4.2522E+002
2788.0000,-4.2576E+002
2789.0000,-4.2519E+002
2790.0000,-4.2521E+002
2791.0000,-4.2759E+002
2792.0000,-4.2886E+002
2793.0000,-4.2976E+002
2794.0000,-4.3265E+002
2795.0000,-4.3669E+002
2796.0000,-4.3385E+002
2797.0000,-4.3163E+002
2798.0000,-4.2788E+002
2799.0000,-4.2958E+002
2800.0000,-4.2909E+002
2801.0000,-4.2624E+002
2802.0000,-4.2710E+002
2803.0000,-4.2452E+002
2804.0000,-4.2726E+002
2805.0000,-4.2452E+002
2806.0000,-4.2440E+002
2807.0000,-4.2516E+002
2808.0000,-4.2699E+002
2809.0000,-4.2945E+002
2810.0000,-4.2409E+002
2811.0000,-4.2190E+002
2812.0000,-4.1856E+002
2813.0000,-4.1188E+002
2814.0000,-4.1642E+002
2815.0000,-4.1626E+002
2816.0000,-4.0717E+002
2817.0000,-4.1240E+002
2818.0000,-4.1456E+002
2819.0000,-4.1580E+002
2820.0000,-4.1457E+002
2821.0000,-4.1281E+002
2822.0000,-4.0774E+002
2823.0000,-3.9882E+002
2824.0000,-3.9956E+002
2825.0000,-3.9488E+002
2826.0000,-4.0042E+002
2827.0000,-3.9864E+002
2828.0000,-3.9821E+002
2829.0000,-4.0244E+002
2830.0000,-3.9959E+002
2831.0000,-4.0068E+002
2832.0000,-3.9842E+002
2833.0000,-3.9654E+002
2834.0000,-3.9548E+002
2835.0000,-3.9398E+002
2836.0000,-3.9108E+002
2837.0000,-3.8644E+002
2838.0000,-3.8615E+002
2839.0000,-3.8433E+002
2840.0000,-3.8021E+002
2841.0000,-3.8344E+002
2842.0000,-3.8266E+002
2843.0000,-3.7920E+002
2844.0000,-3.7627E+002
2845.0000,-3.7197E+002
2846.0000,-3.7209E+002
2847.0000,-3.6964E+002
2848.0000,-3.6717E+002
2849.0000,-3.6621E+002
2850.0000,-3.6450E+002
2851.0000,-3.6358E+002
2852.0000,-3.6102E+002
2853.0000,-3.5843E+002
2854.0000,-3.5849E+002
2855.0000,-3.5879E+002
2856.0000,-3.5817E+002
2857.0000,-3.5717E+002
2858.0000,-3.5546E+002
2859.0000,-3.5415E+002
2860.0000,-3.5205E+002
2861.0000,-3.5073E+002
2862.0000,-3.4785E+002
2863.0000,-3.4643E+002
2864.0000,-3.4491E+002
2865.0000,-3.4341E+002
2866.0000,-3.4226E+002
2867.0000,-3.4122E+002
2868.0000,-3.4020E+002
2869.0000,-3.3997E+002
2870.0000,-3.4108E+002
2871.0000,-3.4141E+002
2872.0000,-3.4072E+002
2873.0000,-3.3955E+002
2874.0000,-3.3932E+002
2875.0000,-3.3880E+002
2876.0000,-3.3750E+002
2877.0000,-3.3631E+002
2878.0000,-3.3466E+002
2879.0000,-3.3373E+002
2880.0000,-3.3253E+002
2881.0000,-3.3228E+002
2882.0000,-3.3112E+002
2883.0000,-3.2991E+002
2884.0000,-3.2905E+002
2885.0000,-3.2760E+002
2886.0000,-3.2612E+002
2887.0000,-3.2498E+002
2888.0000,-3.2379E+002
2889.0000,-3.2265E+002
2890.0000,-3.2189E+002
2891.0000,-3.1856E+002
2892.0000,-3.1665E+002
2893.0000,-3.1555E+002
2894.0000,-3.1291E+002
2895.0000,-3.1132E+002
2896.0000,-3.1079E+002
2897.0000,-3.0989E+002
2898.0000,-3.0852E+002
2899.0000,0.0000E+000
2900.0000,0.0000E+000
2901.0000,0.0000E+000
2902.0000,0.0000E+000
2903.0000,0.0000E+000
2904.0000,0.0000E+000
2905.0000,0.0000E+000
2906.0000,0.0000E+000
2907.0000,0.0000E+000
2908.0000,-2.5251E+002
2909.0000,-3.0932E+002
2910.0000,-3.0932E+002
2911.0000,0.0000E+000
2912.0000,0.0000E+000
2913.0000,0.0000E+000
2914.0000,0.0000E+000
2915.0000,0.0000E+000
2916.0000,0.0000E+000
2917.0000,0.0000E+000
2918.0000,0.0000E+000
2919.0000,0.0000E+000
2920.0000,0.0000E+000
2921.0000,0.0000E+000
2922.0000,0.0000E+000
2923.0000,0.0000E+000
2924.0000,0.0000E+000
2925.0000,0.0000E+000
2926.0000,0.0000E+000
2927.0000,0.0000E+000
2928.0000,0.0000E+000
2929.0000,0.0000E+000
2930.0000,-3.0932E+002
2931.0000,0.0000E+000
2932.0000,0.0000E+000
2933.0000,0.0000E+000
2934.0000,0.0000E+000
2935.0000,0.0000E+000
2936.0000,0.0000E+000
2937.0000,0.0000E+000
2938.0000,0.0000E+000
2939.0000,0.0000E+000
2940.0000,0.0000E+000
2941.0000,0.0000E+000
2942.0000,0.0000E+000
2943.0000,0.0000E+000
2944.0000,0.0000E+000
2945.0000,0.0000E+000
2946.0000,0.0000E+000
2947.0000,0.0000E+000
2948.0000,0.0000E+000
2949.0000,0.0000E+000
2950.0000,0.0000E+000
2951.0000,0.0000E+000
2952.0000,0.0000E+000
2953.0000,0.0000E+000
2954.0000,0.0000E+000
2955.0000,0.0000E+000
2956.0000,0.0000E+000
2957.0000,0.0000E+000
2958.0000,0.0000E+000
2959.0000,0.0000E+000
2960.0000,0.0000E+000
2961.0000,0.0000E+000
2962.0000,0.0000E+000
2963.0000,0.0000E+000
2964.0000,0.0000E+000
2965.0000,0.0000E+000
2966.0000,0.0000E+000
2967.0000,0.0000E+000
2968.0000,0.0000E+000
2969.0000,0.0000E+000
2970.0000,0.0000E+000
2971.0000,0.0000E+000
2972.0000,0.0000E+000
2973.0000,0.0000E+000
2974.0000,-3.0932E+002
2975.0000,0.0000E+000
2976.0000,0.0000E+000
2977.0000,0.0000E+000
2978.0000,0.0000E+000
2979.0000,0.0000E+000
2980.0000,0.0000E+000
2981.0000,0.0000E+000
2982.0000,0.0000E+000
2983.0000,0.0000E+000
2984.0000,0.0000E+000
2985.0000,0.0000E+000
2986.0000,0.0000E+000
2987.0000,0.0000E+000
2988.0000,0.0000E+000
2989.0000,0.0000E+000
2990.0000,0.0000E+000
2991.0000,0.0000E+000
2992.0000,0.0000E+000
2993.0000,0.0000E+000
2994.0000,0.0000E+000
2995.0000,-3.0932E+002
2996.0000,-3.0932E+002
2997.0000,-3.0932E+002
2998.0000,-3.0932E+002
2999.0000,-3.0932E+002
3000.0000,-3.0932E+002
3001.0000,-3.0932E+002
3002.0000,-3.0932E+002
3003.0000,-3.0932E+002
3004.0000,-3.0932E+002
3005.0000,-3.0932E+002
3006.0000,-3.0932E+002
3007.0000,-3.0932E+002
3008.0000,-3.0932E+002
3009.0000,-3.0932E+002
3010.0000,0.0000E+000
3011.0000,-3.0932E+002
3012.0000,-3.0932E+002
3013.0000,-3.1867E+002
3014.0000,-3.2110E+002
3015.0000,-3.2215E+002
3016.0000,-3.2207E+002
3017.0000,-3.2103E+002
3018.0000,-3.2151E+002
3019.0000,-3.2037E+002
3020.0000,-3.1949E+002
3021.0000,-3.1993E+002
3022.0000,-3.2163E+002
3023.0000,-3.2353E+002
3024.0000,-3.2473E+002
3025.0000,-3.2647E+002
3026.0000,-3.3068E+002
3027.0000,-3.3545E+002
3028.0000,-3.3659E+002
3029.0000,-3.3644E+002
3030.0000,-3.3786E+002
3031.0000,-3.4150E+002
3032.0000,-3.4358E+002
3033.0000,-3.4352E+002
3034.0000,-3.4443E+002
3035.0000,-3.4597E+002
3036.0000,-3.4613E+002
3037.0000,-3.4711E+002
3038.0000,-3.5154E+002
3039.0000,-3.5053E+002
3040.0000,-3.5164E+002
3041.0000,-3.5728E+002
3042.0000,-3.5462E+002
3043.0000,-3.5477E+002
3044.0000,-3.5524E+002
3045.0000,-3.5761E+002
3046.0000,-3.5640E+002
3047.0000,-3.5881E+002
3048.0000,-3.6371E+002
3049.0000,-3.6102E+002
3050.0000,-3.6460E+002
3051.0000,-3.6545E+002
3052.0000,-3.7349E+002
3053.0000,-3.6612E+002
3054.0000,-3.6642E+002
3055.0000,-3.7006E+002
3056.0000,-3.6775E+002
3057.0000,-3.6920E+002
3058.0000,-3.7341E+002
3059.0000,-3.7494E+002
3060.0000,-3.7661E+002
3061.0000,-3.8184E+002
3062.0000,-3.7581E+002
3063.0000,-3.7758E+002
3064.0000,-3.7955E+002
3065.0000,-3.8040E+002
3066.0000,-3.7967E+002
3067.0000,-3.8085E+002
3068.0000,-3.8381E+002
3069.0000,-3.8824E+002
3070.0000,-3.8409E+002
3071.0000,-3.8444E+002
3072.0000,-3.8504E+002
3073.0000,-3.8356E+002
3074.0000,-3.8943E+002
3075.0000,-3.8822E+002
3076.0000,-3.8841E+002
3077.0000,-3.8792E+002
3078.0000,-3.9419E+002
3079.0000,-3.8993E+002
3080.0000,-4.0030E+002
3081.0000,-3.9349E+002
3082.0000,-3.9761E+002
3083.0000,-3.9881E+002
3084.0000,-4.0118E+002
3085.0000,-4.0863E+002
3086.0000,-4.1536E+002
3087.0000,-4.1827E+002
3088.0000,-4.1862E+002
3089.0000,-4.2115E+002
3090.0000,-4.2697E+002
3091.0000,-4.2574E+002
3092.0000,-4.1700E+002
3093.0000,-4.1769E+002
3094.0000,-4.1661E+002
3095.0000,-4.1328E+002
3096.0000,-4.1083E+002
3097.0000,-4.1535E+002
3098.0000,-4.2023E+002
3099.0000,-4.1580E+002
3100.0000,-4.1513E+002
3101.0000,-4.1776E+002
3102.0000,-4.1736E+002
3103.0000,-4.2685E+002
3104.0000,-4.3470E+002
3105.0000,-4.3471E+002
3106.0000,-4.3394E+002
3107.0000,-4.3941E+002
3108.0000,-4.4359E+002
3109.0000,-4.4267E+002
3110.0000,-4.4531E+002
3111.0000,-4.3980E+002
3112.0000,-4.3744E+002
3113.0000,-4.3422E+002
3114.0000,-4.2429E+002
3115.0000,-4.2652E+002
3116.0000,-4.2927E+002
3117.0000,-4.2463E+002
3118.0000,-4.2467E+002
3119.0000,-4.3011E+002
3120.0000,-4.3385E+002
3121.0000,-4.2800E+002
3122.0000,-4.2996E+002
3123.0000,-4.3105E+002
3124.0000,-4.2774E+002
3125.0000,-4.2469E+002
3126.0000,-4.2246E+002
3127.0000,-4.2659E+002
3128.0000,-4.2379E+002
3129.0000,-4.2352E+002
3130.0000,-4.2742E+002
3131.0000,-4.3164E+002
3132.0000,-4.3518E+002
3133.0000,-4.2979E+002
3134.0000,-4.3140E+002
3135.0000,-4.3161E+002
3136.0000,-4.3215E+002
3137.0000,-4.3275E+002
3138.0000,-4.3419E+002
3139.0000,-4.3597E+002
3140.0000,-4.3290E+002
3141.0000,-4.3127E+002
3142.0000,-4.2906E+002
3143.0000,-4.2986E+002
3144.0000,-4.3233E+002
3145.0000,-4.2816E+002
3146.0000,-4.2847E+002
3147.0000,-4.2994E+002
3148.0000,-4.3272E+002
3149.0000,-4.3464E+002
3150.0000,-4.3690E+002
3151.0000,-4.3630E+002
3152.0000,-4.3630E+002
3153.0000,-4.3581E+002
3154.0000,-4.3493E+002
3155.0000,-4.3341E+002
3156.0000,-4.3199E+002
3157.0000,-4.3096E+002
3158.0000,-4.3003E+002
3159.0000,-4.3879E+002
3160.0000,-4.3541E+002
3161.0000,-4.3184E+002
3162.0000,-4.3055E+002
3163.0000,-4.3020E+002
3164.0000,-4.2915E+002
3165.0000,-4.2565E+002
3166.0000,-4.2589E+002
3167.0000,-4.2569E+002
3168.0000,-4.2113E+002
3169.0000,-4.1914E+002
3170.0000,-4.1756E+002
3171.0000,-4.1746E+002
3172.0000,-4.2173E+002
3173.0000,-4.2319E+002
3174.0000,-4.2151E+002
3175.0000,-4.2019E+002
3176.0000,-4.1862E+002
3177.0000,-4.1810E+002
3178.0000,-4.1783E+002
3179.0000,-4.1538E+002
3180.0000,-4.1375E+002
3181.0000,-4.1238E+002
3182.0000,-4.1114E+002
3183.0000,-4.1109E+002
3184.0000,-4.0778E+002
3185.0000,-4.0536E+002
3186.0000,-4.0346E+002
3187.0000,-3.9911E+002
3188.0000,-3.9965E+002
3189.0000,-3.9984E+002
3190.0000,-3.9536E+002
3191.0000,-3.9076E+002
3192.0000,-3.9198E+002
3193.0000,-3.8803E+002
3194.0000,-3.8553E+002
3195.0000,-3.7963E+002
3196.0000,-3.8174E+002
3197.0000,-3.7812E+002
3198.0000,-3.7766E+002
3199.0000,-3.7644E+002
3200.0000,-3.7506E+002
3201.0000,-3.7421E+002
3202.0000,-3.7597E+002
3203.0000,-3.7592E+002
3204.0000,-3.7710E+002
3205.0000,-3.7794E+002
3206.0000,-3.7813E+002
3207.0000,-3.7683E+002
3208.0000,-3.7597E+002
3209.0000,-3.7435E+002
3210.0000,-3.7282E+002
3211.0000,-3.7018E+002
3212.0000,-3.6920E+002
3213.0000,-3.6896E+002
3214.0000,-3.6872E+002
3215.0000,-3.6919E+002
3216.0000,-3.6779E+002
3217.0000,-3.6677E+002
3218.0000,-3.6632E+002
3219.0000,-3.6576E+002
3220.0000,-3.6462E+002
3221.0000,-3.6259E+002
3222.0000,-3.6106E+002
3223.0000,-3.6001E+002
3224.0000,-3.5882E+002
3225.0000,-3.5954E+002
3226.0000,-3.5953E+002
3227.0000,-3.5849E+002
3228.0000,-3.5806E+002
3229.0000,-3.5672E+002
3230.0000,-3.5703E+002
3231.0000,-3.5438E+002
3232.0000,-3.5137E+002
3233.0000,-3.4808E+002
3234.0000,-3.4371E+002
3235.0000,-3.4272E+002
3236.0000,-3.4219E+002
3237.0000,-3.4220E+002
3238.0000,-3.4110E+002
3239.0000,-3.3802E+002
3240.0000,-3.3696E+002
3241.0000,-3.3711E+002
3242.0000,-3.3737E+002
3243.0000,-3.3809E+002
3244.0000,-3.3890E+002
3245.0000,-3.3769E+002
3246.0000,-3.3755E+002
3247.0000,-3.3629E+002
3248.0000,-3.3620E+002
3249.0000,-3.3668E+002
3250.0000,-3.3244E+002
3251.0000,-3.3036E+002
3252.0000,-3.2951E+002
3253.0000,-3.2881E+002
3254.0000,-3.2654E+002
3255.0000,-3.2481E+002
3256.0000,-3.2401E+002
3257.0000,-3.2165E+002
3258.0000,-3.2019E+002
3259.0000,-3.1950E+002
3260.0000,-3.1933E+002
3261.0000,-3.1856E+002
3262.0000,-3.1794E+002
3263.0000,-3.1772E+002
3264.0000,-3.1735E+002
3265.0000,-3.1756E+002
3266.0000,-3.1674E+002
3267.0000,-3.1410E+002
3268.0000,-3.1088E+002
3269.0000,-3.0995E+002
3270.0000,-3.0928E+002
3271.0000,-3.1040E+002
3272.0000,-3.0992E+002
3273.0000,-3.0814E+002
3274.0000,-3.0819E+002
3275.0000,0.0000E+000
3276.0000,0.0000E+000
3277.0000,0.0000E+000
3278.0000,0.0000E+000
3279.0000,0.0000E+000
3280.0000,0.0000E+000
3281.0000,0.0000E+000
3282.0000,0.0000E+000
3283.0000,-3.0932E+002
3284.0000,-3.0932E+002
3285.0000,0.0000E+000
3286.0000,-3.0932E+002
3287.0000,0.0000E+000
3288.0000,-3.0932E+002
3289.0000,-3.0932E+002
3290.0000,0.0000E+000
3291.0000,0.0000E+000
3292.0000,0.0000E+000
3293.0000,0.0000E+000
3294.0000,0.0000E+000
3295.0000,0.0000E+000
3296.0000,0.0000E+000
3297.0000,0.0000E+000
3298.0000,0.0000E+000
3299.0000,0.0000E+000
3300.0000,0.0000E+000
3301.0000,0.0000E+000
3302.0000,0.0000E+000
3303.0000,0.0000E+000
3304.0000,0.0000E+000
3305.0000,0.0000E+000
3306.0000,0.0000E+000
3307.0000,0.0000E+000
3308.0000,0.0000E+000
3309.0000,0.0000E+000
3310.0000,0.0000E+000
3311.0000,0.0000E+000
3312.0000,0.0000E+000
3313.0000,0.0000E+000
3314.0000,0.0000E+000
3315.0000,0.0000E+000
3316.0000,0.0000E+000
3317.0000,0.0000E+000
3318.0000,0.0000E+000
3319.0000,0.0000E+000
3320.0000,0.0000E+000
3321.0000,0.0000E+000
3322.0000,0.0000E+000
3323.0000,0.0000E+000
3324.0000,0.0000E+000
3325.0000,0.0000E+000
3326.0000,0.0000E+000
3327.0000,0.0000E+000
3328.0000,0.0000E+000
3329.0000,0.0000E+000
3330.0000,0.0000E+000
3331.0000,0.0000E+000
3332.0000,0.0000E+000
3333.0000,0.0000E+000
3334.0000,0.0000E+000
3335.0000,0.0000E+000
3336.0000,0.0000E+000
3337.0000,0.0000E+000
3338.0000,0.0000E+000
3339.0000,0.0000E+000
3340.0000,-2.5251E+002
3341.0000,0.0000E+000
3342.0000,0.0000E+000
3343.0000,0.0000E+000
3344.0000,0.0000E+000
3345.0000,0.0000E+000
3346.0000,-3.0932E+002
3347.0000,-3.0932E+002
3348.0000,-3.0932E+002
3349.0000,-3.0932E+002
3350.0000,-3.0932E+002
3351.0000,-3.0932E+002
3352.0000,-3.0932E+002
3353.0000,-3.0932E+002
3354.0000,0.0000E+000
3355.0000,0.0000E+000
3356.0000,0.0000E+000
3357.0000,-3.0932E+002
3358.0000,0.0000E+000
3359.0000,0.0000E+000
3360.0000,-3.0932E+002
3361.0000,0.0000E+000
3362.0000,0.0000E+000
3363.0000,0.0000E+000
3364.0000,0.0000E+000
3365.0000,0.0000E+000
3366.0000,-3.0932E+002
3367.0000,0.0000E+000
3368.0000,0.0000E+000
3369.0000,0.0000E+000
3370.0000,-3.0932E+002
3371.0000,-3.1854E+002
3372.0000,-3.2219E+002
3373.0000,-3.2589E+002
3374.0000,-3.2925E+002
3375.0000,-3.3234E+002
3376.0000,-3.3367E+002
3377.0000,-3.3356E+002
3378.0000,-3.3350E+002
3379.0000,-3.3404E+002
3380.0000,-3.3433E+002
3381.0000,-3.3403E+002
3382.0000,-3.3403E+002
3383.0000,-3.3496E+002
3384.0000,-3.3664E+002
3385.0000,-3.3868E+002
3386.0000,-3.3847E+002
3387.0000,-3.3960E+002
3388.0000,-3.3924E+002
3389.0000,-3.3929E+002
3390.0000,-3.3878E+002
3391.0000,-3.3920E+002
3392.0000,-3.4112E+002
3393.0000,-3.4244E+002
3394.0000,-3.4631E+002
3395.0000,-3.5155E+002
3396.0000,-3.5290E+002
3397.0000,-3.5478E+002
3398.0000,-3.5595E+002
3399.0000,-3.5680E+002
3400.0000,-3.5885E+002
3401.0000,-3.5907E+002
3402.0000,-3.5841E+002
3403.0000,-3.5883E+002
3404.0000,-3.5825E+002
3405.0000,-3.5859E+002
3406.0000,-3.6091E+002
3407.0000,-3.6407E+002
3408.0000,-3.6492E+002
3409.0000,-3.6435E+002
3410.0000,-3.6286E+002
3411.0000,-3.6450E+002
3412.0000,-3.6447E+002
3413.0000,-3.6645E+002
3414.0000,-3.7160E+002
3415.0000,-3.6804E+002
3416.0000,-3.7838E+002
3417.0000,-3.8145E+002
3418.0000,-3.8532E+002
3419.0000,-3.8690E+002
3420.0000,-3.8576E+002
3421.0000,-3.9041E+002
3422.0000,-3.8444E+002
3423.0000,-3.8725E+002
3424.0000,-3.8589E+002
3425.0000,-3.8879E+002
3426.0000,-3.9325E+002
3427.0000,-3.9517E+002
3428.0000,-4.0038E+002
3429.0000,-3.9610E+002
3430.0000,-4.0243E+002
3431.0000,-4.0144E+002
3432.0000,-4.0033E+002
3433.0000,-3.9901E+002
3434.0000,-3.9924E+002
3435.0000,-3.9920E+002
3436.0000,-3.9990E+002
3437.0000,-3.9539E+002
3438.0000,-3.9596E+002
3439.0000,-3.9502E+002
3440.0000,-3.9467E+002
3441.0000,-3.9692E+002
3442.0000,-4.0130E+002
3443.0000,-4.0444E+002
3444.0000,-4.0511E+002
3445.0000,-4.1109E+002
3446.0000,-4.0970E+002
3447.0000,-4.1484E+002
3448.0000,-4.2023E+002
3449.0000,-4.1582E+002
3450.0000,-4.1765E+002
3451.0000,-4.2584E+002
3452.0000,-4.2455E+002
3453.0000,-4.2659E+002
3454.0000,-4.2938E+002
3455.0000,-4.3347E+002
3456.0000,-4.3119E+002
3457.0000,-4.2573E+002
3458.0000,-4.2113E+002
3459.0000,-4.1626E+002
3460.0000,-4.1694E+002
3461.0000,-4.1517E+002
3462.0000,-4.1547E+002
3463.0000,-4.0411E+002
3464.0000,-4.0987E+002
3465.0000,-4.0941E+002
3466.0000,-4.1152E+002
3467.0000,-4.1168E+002
3468.0000,-4.1230E+002
3469.0000,-4.1414E+002
3470.0000,-4.2510E+002
3471.0000,-4.2041E+002
3472.0000,-4.1784E+002
3473.0000,-4.1835E+002
3474.0000,-4.2103E+002
3475.0000,-4.2278E+002
3476.0000,-4.1877E+002
3477.0000,-4.1978E+002
3478.0000,-4.1922E+002
3479.0000,-4.2668E+002
3480.0000,-4.2706E+002
3481.0000,-4.3505E+002
3482.0000,-4.3073E+002
3483.0000,-4.2558E+002
3484.0000,-4.2988E+002
3485.0000,-4.2935E+002
3486.0000,-4.2785E+002
3487.0000,-4.3575E+002
3488.0000,-4.3449E+002
3489.0000,-4.4576E+002
3490.0000,-4.3695E+002
3491.0000,-4.3620E+002
3492.0000,-4.3524E+002
3493.0000,-4.2290E+002
3494.0000,-4.3186E+002
3495.0000,-4.3388E+002
3496.0000,-4.3518E+002
3497.0000,-4.3077E+002
3498.0000,-4.2982E+002
3499.0000,-4.2981E+002
3500.0000,-4.3109E+002
3501.0000,-4.3154E+002
3502.0000,-4.3578E+002
3503.0000,-4.3995E+002
3504.0000,-4.3183E+002
3505.0000,-4.2534E+002
3506.0000,-4.2685E+002
3507.0000,-4.2446E+002
3508.0000,-4.2627E+002
3509.0000,-4.2499E+002
3510.0000,-4.2001E+002
3511.0000,-4.1519E+002
3512.0000,-4.0491E+002
3513.0000,-4.1076E+002
3514.0000,-4.1322E+002
3515.0000,-4.1307E+002
3516.0000,-4.1035E+002
3517.0000,-4.2016E+002
3518.0000,-4.1332E+002
3519.0000,-4.1099E+002
3520.0000,-4.0965E+002
3521.0000,-4.0514E+002
3522.0000,-4.0943E+002
3523.0000,-4.1126E+002
3524.0000,-4.1222E+002
3525.0000,-4.1450E+002
3526.0000,-4.1814E+002
3527.0000,-4.2267E+002
3528.0000,-4.1821E+002
3529.0000,-4.1247E+002
3530.0000,-4.1210E+002
3531.0000,-4.1734E+002
3532.0000,-4.1796E+002
3533.0000,-4.1920E+002
3534.0000,-4.2209E+002
3535.0000,-4.2435E+002
3536.0000,-4.2123E+002
3537.0000,-4.1922E+002
3538.0000,-4.1631E+002
3539.0000,-4.0952E+002
3540.0000,-4.1433E+002
3541.0000,-4.1215E+002
3542.0000,-4.1413E+002
3543.0000,-4.1500E+002
3544.0000,-4.1432E+002
3545.0000,-4.1547E+002
3546.0000,-4.1507E+002
3547.0000,-4.1203E+002
3548.0000,-4.1120E+002
3549.0000,-4.1109E+002
3550.0000,-4.0835E+002
3551.0000,-4.0877E+002
3552.0000,-4.0743E+002
3553.0000,-4.0660E+002
3554.0000,-4.0637E+002
3555.0000,-4.0530E+002
3556.0000,-4.0394E+002
3557.0000,-4.0513E+002
3558.0000,-4.0261E+002
3559.0000,-3.9946E+002
3560.0000,-3.8951E+002
3561.0000,-3.9608E+002
3562.0000,-3.9421E+002
3563.0000,-3.7864E+002
3564.0000,-3.8767E+002
3565.0000,-3.8409E+002
3566.0000,-3.8152E+002
3567.0000,-3.8193E+002
3568.0000,-3.8272E+002
3569.0000,-3.8386E+002
3570.0000,-3.8176E+002
3571.0000,-3.8085E+002
3572.0000,-3.8043E+002
3573.0000,-3.7633E+002
3574.0000,-3.7222E+002
3575.0000,-3.7533E+002
3576.0000,-3.7550E+002
3577.0000,-3.7106E+002
3578.0000,-3.6845E+002
3579.0000,-3.6709E+002
3580.0000,-3.6655E+002
3581.0000,-3.6608E+002
3582.0000,-3.6554E+002
3583.0000,-3.6691E+002
3584.0000,-3.6770E+002
3585.0000,-3.6701E+002
3586.0000,-3.6651E+002
3587.0000,-3.6594E+002
3588.0000,-3.6602E+002
3589.0000,-3.6632E+002
3590.0000,-3.6949E+002
3591.0000,-3.6820E+002
3592.0000,-3.6660E+002
3593.0000,-3.6545E+002
3594.0000,-3.6340E+002
3595.0000,-3.6168E+002
3596.0000,-3.6111E+002
3597.0000,-3.5873E+002
3598.0000,-3.5764E+002
3599.0000,-3.5545E+002
3600.0000,-3.5336E+002
3601.0000,-3.5166E+002
3602.0000,-3.5121E+002
3603.0000,-3.4887E+002
3604.0000,-3.4569E+002
3605.0000,-3.4441E+002
3606.0000,-3.4304E+002
3607.0000,-3.4274E+002
3608.0000,-3.4376E+002
3609.0000,-3.4541E+002
3610.0000,-3.4609E+002
3611.0000,-3.4602E+002
3612.0000,-3.4570E+002
3613.0000,-3.4408E+002
3614.0000,-3.4328E+002
3615.0000,-3.4218E+002
3616.0000,-3.3977E+002
3617.0000,-3.3781E+002
3618.0000,-3.3687E+002
3619.0000,-3.3628E+002
3620.0000,-3.3428E+002
3621.0000,-3.3295E+002
3622.0000,-3.3163E+002
3623.0000,-3.2960E+002
3624.0000,-3.2819E+002
3625.0000,-3.2617E+002
3626.0000,-3.2478E+002
3627.0000,-3.2400E+002
3628.0000,-3.2380E+002
3629.0000,-3.2323E+002
3630.0000,-3.2261E+002
3631.0000,-3.2278E+002
3632.0000,-3.2260E+002
3633.0000,-3.2136E+002
3634.0000,-3.2040E+002
3635.0000,-3.1709E+002
3636.0000,-3.1378E+002
3637.0000,-3.1253E+002
3638.0000,-3.1118E+002
3639.0000,-3.0939E+002
3640.0000,-3.0850E+002
3641.0000,0.0000E+000
3642.0000,0.0000E+000
3643.0000,0.0000E+000
3644.0000,0.0000E+000
3645.0000,0.0000E+000
3646.0000,0.0000E+000
3647.0000,0.0000E+000
3648.0000,0.0000E+000
3649.0000,0.0000E+000
3650.0000,0.0000E+000
3651.0000,0.0000E+000
3652.0000,-3.0932E+002
3653.0000,0.0000E+000
3654.0000,-2.5251E+002
3655.0000,0.0000E+000
3656.0000,0.0000E+000
3657.0000,0.0000E+000
3658.0000,0.0000E+000
3659.0000,0.0000E+000
3660.0000,0.0000E+000
3661.0000,0.0000E+000
3662.0000,0.0000E+000
3663.0000,0.0000E+000
3664.0000,0.0000E+000
3665.0000,0.0000E+000
3666.0000,0.0000E+000
3667.0000,0.0000E+000
3668.0000,0.0000E+000
3669.0000,0.0000E+000
3670.0000,0.0000E+000
3671.0000,0.0000E+000
3672.0000,0.0000E+000
3673.0000,0.0000E+000
3674.0000,0.0000E+000
3675.0000,0.0000E+000
3676.0000,0.0000E+000
3677.0000,0.0000E+000
3678.0000,0.0000E+000
3679.0000,0.0000E+000
3680.0000,0.0000E+000
3681.0000,0.0000E+000
3682.0000,0.0000E+000
3683.0000,0.0000E+000
3684.0000,0.0000E+000
3685.0000,0.0000E+000
3686.0000,0.0000E+000
3687.0000,0.0000E+000
3688.0000,0.0000E+000
3689.0000,-3.0932E+002
3690.0000,-3.0932E+002
3691.0000,0.0000E+000
3692.0000,0.0000E+000
3693.0000,0.0000E+000
3694.0000,0.0000E+000
3695.0000,0.0000E+000
3696.0000,0.0000E+000
3697.0000,-2.5251E+002
3698.0000,0.0000E+000
3699.0000,0.0000E+000
3700.0000,0.0000E+000
3701.0000,0.0000E+000
3702.0000,0.0000E+000
3703.0000,0.0000E+000
3704.0000,0.0000E+000
3705.0000,0.0000E+000
3706.0000,0.0000E+000
3707.0000,0.0000E+000
3708.0000,0.0000E+000
3709.0000,0.0000E+000
3710.0000,0.0000E+000
3711.0000,0.0000E+000
3712.0000,0.0000E+000
3713.0000,0.0000E+000
3714.0000,0.0000E+000
3715.0000,0.0000E+000
3716.0000,0.0000E+000
3717.0000,0.0000E+000
3718.0000,-3.0932E+002
3719.0000,0.0000E+000
3720.0000,0.0000E+000
3721.0000,0.0000E+000
3722.0000,0.0000E+000
3723.0000,0.0000E+000
3724.0000,0.0000E+000
3725.0000,0.0000E+000
3726.0000,0.0000E+000
3727.0000,0.0000E+000
3728.0000,0.0000E+000
3729.0000,0.0000E+000
3730.0000,0.0000E+000
3731.0000,0.0000E+000
3732.0000,0.0000E+000
3733.0000,0.0000E+000
3734.0000,0.0000E+000
3735.0000,0.0000E+000
3736.0000,-3.0932E+002
3737.0000,0.0000E+000
3738.0000,-3.0932E+002
3739.0000,-3.0932E+002
3740.0000,-3.0932E+002
3741.0000,-3.0932E+002
3742.0000,-3.0932E+002
3743.0000,-3.0932E+002
3744.0000,-3.0883E+002
3745.0000,-3.1698E+002
3746.0000,-3.1880E+002
3747.0000,-3.2063E+002
3748.0000,-3.2429E+002
3749.0000,-3.2795E+002
3750.0000,-3.2860E+002
3751.0000,-3.3042E+002
3752.0000,-3.3182E+002
3753.0000,-3.3472E+002
3754.0000,-3.3806E+002
3755.0000,-3.3816E+002
3756.0000,-3.3852E+002
3757.0000,-3.4037E+002
3758.0000,-3.4227E+002
3759.0000,-3.4585E+002
3760.0000,-3.5074E+002
3761.0000,-3.5490E+002
3762.0000,-3.5441E+002
3763.0000,-3.5561E+002
3764.0000,-3.5702E+002
3765.0000,-3.5476E+002
3766.0000,-3.5046E+002
3767.0000,-3.4917E+002
3768.0000,-3.5046E+002
3769.0000,-3.5007E+002
3770.0000,-3.4968E+002
3771.0000,-3.5068E+002
3772.0000,-3.5321E+002
3773.0000,-3.5089E+002
3774.0000,-3.5038E+002
3775.0000,-3.4933E+002
3776.0000,-3.5019E+002
3777.0000,-3.5177E+002
3778.0000,-3.5223E+002
3779.0000,-3.5502E+002
3780.0000,-3.5760E+002
3781.0000,-3.6054E+002
3782.0000,-3.6363E+002
3783.0000,-3.6707E+002
3784.0000,-3.6605E+002
3785.0000,-3.6398E+002
3786.0000,-3.6723E+002
3787.0000,-3.6580E+002
3788.0000,-3.6524E+002
3789.0000,-3.6827E+002
3790.0000,-3.6807E+002
3791.0000,-3.6875E+002
3792.0000,-3.7416E+002
3793.0000,-3.7624E+002
3794.0000,-3.7970E+002
3795.0000,-3.7792E+002
3796.0000,-3.7886E+002
3797.0000,-3.8234E+002
3798.0000,-3.8412E+002
3799.0000,-3.8549E+002
3800.0000,-3.8425E+002
3801.0000,-3.8406E+002
3802.0000,-3.8526E+002
3803.0000,-3.9024E+002
3804.0000,-3.9407E+002
3805.0000,-3.9371E+002
3806.0000,-3.9674E+002
3807.0000,-3.9730E+002
3808.0000,-3.9989E+002
3809.0000,-4.0163E+002
3810.0000,-4.0483E+002
3811.0000,-4.1056E+002
3812.0000,-4.1528E+002
3813.0000,-4.2427E+002
3814.0000,-4.2857E+002
3815.0000,-4.2590E+002
3816.0000,-4.3198E+002
3817.0000,-4.3308E+002
3818.0000,-4.2461E+002
3819.0000,-4.1820E+002
3820.0000,-4.1658E+002
3821.0000,-4.1591E+002
3822.0000,-4.1983E+002
3823.0000,-4.1990E+002
3824.0000,-4.2049E+002
3825.0000,-4.2533E+002
3826.0000,-4.2754E+002
3827.0000,-4.2670E+002
3828.0000,-4.2956E+002
3829.0000,-4.3726E+002
3830.0000,-4.4229E+002
3831.0000,-4.4217E+002
3832.0000,-4.4664E+002
3833.0000,-4.4536E+002
3834.0000,-4.3632E+002
3835.0000,-4.3175E+002
3836.0000,-4.3173E+002
