"",21.000
0.0000,0.0000E+000
1.0000,0.0000E+000
2.0000,0.0000E+000
3.0000,0.0000E+000
4.0000,0.0000E+000
5.0000,0.0000E+000
6.0000,0.0000E+000
7.0000,0.0000E+000
8.0000,0.0000E+000
9.0000,0.0000E+000
10.0000,0.0000E+000
11.0000,0.0000E+000
12.0000,0.0000E+000
13.0000,1.9640E-004
14.0000,1.9640E-004
15.0000,1.9640E-004
16.0000,1.9640E-004
17.0000,0.0000E+000
18.0000,0.0000E+000
19.0000,0.0000E+000
20.0000,0.0000E+000
21.0000,0.0000E+000
22.0000,0.0000E+000
23.0000,0.0000E+000
24.0000,0.0000E+000
25.0000,0.0000E+000
26.0000,0.0000E+000
27.0000,0.0000E+000
28.0000,0.0000E+000
29.0000,0.0000E+000
30.0000,0.0000E+000
31.0000,0.0000E+000
32.0000,0.0000E+000
33.0000,0.0000E+000
34.0000,0.0000E+000
35.0000,0.0000E+000
36.0000,0.0000E+000
37.0000,0.0000E+000
38.0000,0.0000E+000
39.0000,0.0000E+000
40.0000,0.0000E+000
41.0000,0.0000E+000
42.0000,0.0000E+000
43.0000,0.0000E+000
44.0000,0.0000E+000
45.0000,0.0000E+000
46.0000,0.0000E+000
47.0000,0.0000E+000
48.0000,0.0000E+000
49.0000,0.0000E+000
50.0000,0.0000E+000
51.0000,0.0000E+000
52.0000,0.0000E+000
53.0000,8.0000E-007
54.0000,0.0000E+000
55.0000,4.0000E-007
56.0000,4.0000E-007
57.0000,4.0000E-007
58.0000,3.6800E-006
59.0000,3.6800E-006
60.0000,3.6800E-006
61.0000,3.6800E-006
62.0000,3.6800E-006
63.0000,0.0000E+000
64.0000,0.0000E+000
65.0000,3.4160E-005
66.0000,3.4160E-005
67.0000,3.4160E-005
68.0000,3.4160E-005
69.0000,0.0000E+000
70.0000,0.0000E+000
71.0000,0.0000E+000
72.0000,0.0000E+000
73.0000,0.0000E+000
74.0000,0.0000E+000
75.0000,0.0000E+000
76.0000,0.0000E+000
77.0000,0.0000E+000
78.0000,0.0000E+000
79.0000,0.0000E+000
80.0000,0.0000E+000
81.0000,0.0000E+000
82.0000,0.0000E+000
83.0000,0.0000E+000
84.0000,0.0000E+000
85.0000,0.0000E+000
86.0000,0.0000E+000
87.0000,0.0000E+000
88.0000,0.0000E+000
89.0000,0.0000E+000
90.0000,0.0000E+000
91.0000,0.0000E+000
92.0000,0.0000E+000
93.0000,0.0000E+000
94.0000,0.0000E+000
95.0000,0.0000E+000
96.0000,0.0000E+000
97.0000,0.0000E+000
98.0000,0.0000E+000
99.0000,0.0000E+000
100.0000,0.0000E+000
101.0000,0.0000E+000
102.0000,0.0000E+000
103.0000,0.0000E+000
104.0000,0.0000E+000
105.0000,0.0000E+000
106.0000,0.0000E+000
107.0000,0.0000E+000
108.0000,0.0000E+000
109.0000,0.0000E+000
110.0000,0.0000E+000
111.0000,0.0000E+000
112.0000,0.0000E+000
113.0000,0.0000E+000
114.0000,0.0000E+000
115.0000,0.0000E+000
116.0000,0.0000E+000
117.0000,0.0000E+000
118.0000,0.0000E+000
119.0000,0.0000E+000
120.0000,0.0000E+000
121.0000,0.0000E+000
122.0000,0.0000E+000
123.0000,0.0000E+000
124.0000,0.0000E+000
125.0000,0.0000E+000
126.0000,0.0000E+000
127.0000,0.0000E+000
128.0000,0.0000E+000
129.0000,0.0000E+000
130.0000,0.0000E+000
131.0000,0.0000E+000
132.0000,0.0000E+000
133.0000,0.0000E+000
134.0000,0.0000E+000
135.0000,0.0000E+000
136.0000,0.0000E+000
137.0000,0.0000E+000
138.0000,0.0000E+000
139.0000,0.0000E+000
140.0000,0.0000E+000
141.0000,0.0000E+000
142.0000,0.0000E+000
143.0000,0.0000E+000
144.0000,0.0000E+000
145.0000,0.0000E+000
146.0000,0.0000E+000
147.0000,0.0000E+000
148.0000,0.0000E+000
149.0000,0.0000E+000
150.0000,0.0000E+000
151.0000,0.0000E+000
152.0000,0.0000E+000
153.0000,0.0000E+000
154.0000,0.0000E+000
155.0000,0.0000E+000
156.0000,0.0000E+000
157.0000,0.0000E+000
158.0000,0.0000E+000
159.0000,0.0000E+000
160.0000,0.0000E+000
161.0000,0.0000E+000
162.0000,0.0000E+000
163.0000,0.0000E+000
164.0000,0.0000E+000
165.0000,0.0000E+000
166.0000,0.0000E+000
167.0000,0.0000E+000
168.0000,0.0000E+000
169.0000,0.0000E+000
170.0000,0.0000E+000
171.0000,0.0000E+000
172.0000,0.0000E+000
173.0000,0.0000E+000
174.0000,0.0000E+000
175.0000,0.0000E+000
176.0000,0.0000E+000
177.0000,0.0000E+000
178.0000,0.0000E+000
179.0000,0.0000E+000
180.0000,0.0000E+000
181.0000,0.0000E+000
182.0000,0.0000E+000
183.0000,0.0000E+000
184.0000,0.0000E+000
185.0000,0.0000E+000
186.0000,0.0000E+000
187.0000,0.0000E+000
188.0000,0.0000E+000
189.0000,0.0000E+000
190.0000,0.0000E+000
191.0000,0.0000E+000
192.0000,0.0000E+000
193.0000,0.0000E+000
194.0000,0.0000E+000
195.0000,0.0000E+000
196.0000,0.0000E+000
197.0000,0.0000E+000
198.0000,0.0000E+000
199.0000,0.0000E+000
200.0000,0.0000E+000
201.0000,0.0000E+000
202.0000,0.0000E+000
203.0000,0.0000E+000
204.0000,0.0000E+000
205.0000,0.0000E+000
206.0000,0.0000E+000
207.0000,0.0000E+000
208.0000,0.0000E+000
209.0000,0.0000E+000
210.0000,0.0000E+000
211.0000,0.0000E+000
212.0000,0.0000E+000
213.0000,0.0000E+000
214.0000,0.0000E+000
215.0000,0.0000E+000
216.0000,0.0000E+000
217.0000,0.0000E+000
218.0000,0.0000E+000
219.0000,0.0000E+000
220.0000,0.0000E+000
221.0000,0.0000E+000
222.0000,0.0000E+000
223.0000,0.0000E+000
224.0000,0.0000E+000
225.0000,0.0000E+000
226.0000,0.0000E+000
227.0000,0.0000E+000
228.0000,0.0000E+000
229.0000,0.0000E+000
230.0000,0.0000E+000
231.0000,0.0000E+000
232.0000,0.0000E+000
233.0000,0.0000E+000
234.0000,0.0000E+000
235.0000,0.0000E+000
236.0000,0.0000E+000
237.0000,0.0000E+000
238.0000,0.0000E+000
239.0000,0.0000E+000
240.0000,0.0000E+000
241.0000,0.0000E+000
242.0000,0.0000E+000
243.0000,0.0000E+000
244.0000,0.0000E+000
245.0000,0.0000E+000
246.0000,0.0000E+000
247.0000,0.0000E+000
248.0000,0.0000E+000
249.0000,0.0000E+000
250.0000,0.0000E+000
251.0000,0.0000E+000
252.0000,0.0000E+000
253.0000,0.0000E+000
254.0000,0.0000E+000
255.0000,0.0000E+000
256.0000,0.0000E+000
257.0000,0.0000E+000
258.0000,0.0000E+000
259.0000,0.0000E+000
260.0000,0.0000E+000
261.0000,0.0000E+000
262.0000,0.0000E+000
263.0000,0.0000E+000
264.0000,0.0000E+000
265.0000,0.0000E+000
266.0000,0.0000E+000
267.0000,0.0000E+000
268.0000,0.0000E+000
269.0000,0.0000E+000
270.0000,0.0000E+000
271.0000,0.0000E+000
272.0000,0.0000E+000
273.0000,0.0000E+000
274.0000,0.0000E+000
275.0000,0.0000E+000
276.0000,0.0000E+000
277.0000,0.0000E+000
278.0000,0.0000E+000
279.0000,0.0000E+000
280.0000,0.0000E+000
281.0000,0.0000E+000
282.0000,0.0000E+000
283.0000,0.0000E+000
284.0000,0.0000E+000
285.0000,0.0000E+000
286.0000,0.0000E+000
287.0000,0.0000E+000
288.0000,0.0000E+000
289.0000,0.0000E+000
290.0000,0.0000E+000
291.0000,0.0000E+000
292.0000,0.0000E+000
293.0000,0.0000E+000
294.0000,0.0000E+000
295.0000,0.0000E+000
296.0000,0.0000E+000
297.0000,0.0000E+000
298.0000,0.0000E+000
299.0000,0.0000E+000
300.0000,0.0000E+000
301.0000,0.0000E+000
302.0000,0.0000E+000
303.0000,0.0000E+000
304.0000,0.0000E+000
305.0000,0.0000E+000
306.0000,0.0000E+000
307.0000,0.0000E+000
308.0000,0.0000E+000
309.0000,0.0000E+000
310.0000,0.0000E+000
311.0000,0.0000E+000
312.0000,0.0000E+000
313.0000,0.0000E+000
314.0000,0.0000E+000
315.0000,0.0000E+000
316.0000,0.0000E+000
317.0000,0.0000E+000
318.0000,0.0000E+000
319.0000,0.0000E+000
320.0000,0.0000E+000
321.0000,0.0000E+000
322.0000,0.0000E+000
323.0000,0.0000E+000
324.0000,0.0000E+000
325.0000,0.0000E+000
326.0000,0.0000E+000
327.0000,0.0000E+000
328.0000,0.0000E+000
329.0000,0.0000E+000
330.0000,0.0000E+000
331.0000,0.0000E+000
332.0000,0.0000E+000
333.0000,0.0000E+000
334.0000,0.0000E+000
335.0000,0.0000E+000
336.0000,0.0000E+000
337.0000,0.0000E+000
338.0000,0.0000E+000
339.0000,0.0000E+000
340.0000,0.0000E+000
341.0000,0.0000E+000
342.0000,0.0000E+000
343.0000,0.0000E+000
344.0000,0.0000E+000
345.0000,0.0000E+000
346.0000,0.0000E+000
347.0000,0.0000E+000
348.0000,7.3600E-006
349.0000,7.3600E-006
350.0000,7.3600E-006
351.0000,7.3600E-006
352.0000,7.3600E-006
353.0000,7.3600E-006
354.0000,7.3600E-006
355.0000,7.3600E-006
356.0000,7.3600E-006
357.0000,7.3600E-006
358.0000,7.3600E-006
359.0000,7.3600E-006
360.0000,7.3600E-006
361.0000,7.3600E-006
362.0000,7.3600E-006
363.0000,7.3600E-006
364.0000,7.3600E-006
365.0000,7.3600E-006
366.0000,7.3600E-006
367.0000,7.3600E-006
368.0000,7.3600E-006
369.0000,7.3600E-006
370.0000,7.3600E-006
371.0000,7.3600E-006
372.0000,7.3600E-006
373.0000,7.3600E-006
374.0000,7.3600E-006
375.0000,7.3600E-006
376.0000,7.3600E-006
377.0000,7.3600E-006
378.0000,7.3600E-006
379.0000,7.3600E-006
380.0000,7.3600E-006
381.0000,5.9228E-004
382.0000,0.0000E+000
383.0000,1.2984E-004
384.0000,1.2984E-004
385.0000,1.2984E-004
386.0000,1.2984E-004
387.0000,1.2984E-004
388.0000,1.2984E-004
389.0000,1.2984E-004
390.0000,1.2984E-004
391.0000,1.2984E-004
392.0000,1.2984E-004
393.0000,1.2984E-004
394.0000,1.2984E-004
395.0000,1.2984E-004
396.0000,1.2984E-004
397.0000,1.2984E-004
398.0000,1.2984E-004
399.0000,1.2984E-004
400.0000,1.2984E-004
401.0000,1.2984E-004
402.0000,1.2984E-004
403.0000,1.2984E-004
404.0000,1.2984E-004
405.0000,1.2984E-004
406.0000,0.0000E+000
407.0000,0.0000E+000
408.0000,0.0000E+000
409.0000,0.0000E+000
410.0000,0.0000E+000
411.0000,0.0000E+000
412.0000,0.0000E+000
413.0000,0.0000E+000
414.0000,0.0000E+000
415.0000,0.0000E+000
416.0000,0.0000E+000
417.0000,0.0000E+000
418.0000,0.0000E+000
419.0000,0.0000E+000
420.0000,0.0000E+000
421.0000,0.0000E+000
422.0000,2.8520E-004
423.0000,0.0000E+000
424.0000,0.0000E+000
425.0000,0.0000E+000
426.0000,0.0000E+000
427.0000,0.0000E+000
428.0000,0.0000E+000
429.0000,0.0000E+000
430.0000,0.0000E+000
431.0000,0.0000E+000
432.0000,0.0000E+000
433.0000,0.0000E+000
434.0000,0.0000E+000
435.0000,0.0000E+000
436.0000,0.0000E+000
437.0000,0.0000E+000
438.0000,0.0000E+000
439.0000,0.0000E+000
440.0000,0.0000E+000
441.0000,0.0000E+000
442.0000,0.0000E+000
443.0000,0.0000E+000
444.0000,0.0000E+000
445.0000,0.0000E+000
446.0000,0.0000E+000
447.0000,0.0000E+000
448.0000,0.0000E+000
449.0000,0.0000E+000
450.0000,5.3303E-016
451.0000,5.3303E-016
452.0000,5.3303E-016
453.0000,0.0000E+000
454.0000,0.0000E+000
455.0000,0.0000E+000
456.0000,0.0000E+000
457.0000,0.0000E+000
458.0000,0.0000E+000
459.0000,0.0000E+000
460.0000,1.2912E-004
461.0000,0.0000E+000
462.0000,9.8424E-004
463.0000,0.0000E+000
464.0000,0.0000E+000
465.0000,0.0000E+000
466.0000,0.0000E+000
467.0000,0.0000E+000
468.0000,0.0000E+000
469.0000,0.0000E+000
470.0000,0.0000E+000
471.0000,0.0000E+000
472.0000,0.0000E+000
473.0000,0.0000E+000
474.0000,0.0000E+000
475.0000,0.0000E+000
476.0000,0.0000E+000
477.0000,0.0000E+000
478.0000,0.0000E+000
479.0000,0.0000E+000
480.0000,0.0000E+000
481.0000,0.0000E+000
482.0000,0.0000E+000
483.0000,0.0000E+000
484.0000,0.0000E+000
485.0000,0.0000E+000
486.0000,0.0000E+000
487.0000,0.0000E+000
488.0000,0.0000E+000
489.0000,0.0000E+000
490.0000,0.0000E+000
491.0000,0.0000E+000
492.0000,0.0000E+000
493.0000,0.0000E+000
494.0000,0.0000E+000
495.0000,0.0000E+000
496.0000,0.0000E+000
497.0000,0.0000E+000
498.0000,0.0000E+000
499.0000,0.0000E+000
500.0000,0.0000E+000
501.0000,0.0000E+000
502.0000,0.0000E+000
503.0000,0.0000E+000
504.0000,0.0000E+000
505.0000,0.0000E+000
506.0000,0.0000E+000
507.0000,0.0000E+000
508.0000,0.0000E+000
509.0000,0.0000E+000
510.0000,0.0000E+000
511.0000,0.0000E+000
512.0000,0.0000E+000
513.0000,0.0000E+000
514.0000,0.0000E+000
515.0000,0.0000E+000
516.0000,0.0000E+000
517.0000,0.0000E+000
518.0000,0.0000E+000
519.0000,0.0000E+000
520.0000,0.0000E+000
521.0000,0.0000E+000
522.0000,0.0000E+000
523.0000,0.0000E+000
524.0000,0.0000E+000
525.0000,0.0000E+000
526.0000,0.0000E+000
527.0000,0.0000E+000
528.0000,0.0000E+000
529.0000,0.0000E+000
530.0000,0.0000E+000
531.0000,0.0000E+000
532.0000,0.0000E+000
533.0000,0.0000E+000
534.0000,0.0000E+000
535.0000,0.0000E+000
536.0000,0.0000E+000
537.0000,0.0000E+000
538.0000,0.0000E+000
539.0000,0.0000E+000
540.0000,0.0000E+000
541.0000,0.0000E+000
542.0000,0.0000E+000
543.0000,0.0000E+000
544.0000,0.0000E+000
545.0000,0.0000E+000
546.0000,0.0000E+000
547.0000,0.0000E+000
548.0000,0.0000E+000
549.0000,0.0000E+000
550.0000,0.0000E+000
551.0000,0.0000E+000
552.0000,0.0000E+000
553.0000,0.0000E+000
554.0000,0.0000E+000
555.0000,0.0000E+000
556.0000,0.0000E+000
557.0000,0.0000E+000
558.0000,0.0000E+000
559.0000,0.0000E+000
560.0000,0.0000E+000
561.0000,0.0000E+000
562.0000,0.0000E+000
563.0000,0.0000E+000
564.0000,0.0000E+000
565.0000,0.0000E+000
566.0000,0.0000E+000
567.0000,0.0000E+000
568.0000,0.0000E+000
569.0000,0.0000E+000
570.0000,0.0000E+000
571.0000,0.0000E+000
572.0000,0.0000E+000
573.0000,0.0000E+000
574.0000,0.0000E+000
575.0000,0.0000E+000
576.0000,0.0000E+000
577.0000,0.0000E+000
578.0000,0.0000E+000
579.0000,0.0000E+000
580.0000,0.0000E+000
581.0000,0.0000E+000
582.0000,0.0000E+000
583.0000,0.0000E+000
584.0000,0.0000E+000
585.0000,0.0000E+000
586.0000,0.0000E+000
587.0000,0.0000E+000
588.0000,0.0000E+000
589.0000,0.0000E+000
590.0000,0.0000E+000
591.0000,0.0000E+000
592.0000,0.0000E+000
593.0000,0.0000E+000
594.0000,0.0000E+000
595.0000,0.0000E+000
596.0000,0.0000E+000
597.0000,0.0000E+000
598.0000,0.0000E+000
599.0000,0.0000E+000
600.0000,0.0000E+000
601.0000,0.0000E+000
602.0000,0.0000E+000
603.0000,0.0000E+000
604.0000,0.0000E+000
605.0000,0.0000E+000
606.0000,0.0000E+000
607.0000,0.0000E+000
608.0000,0.0000E+000
609.0000,0.0000E+000
610.0000,0.0000E+000
611.0000,0.0000E+000
612.0000,0.0000E+000
613.0000,0.0000E+000
614.0000,0.0000E+000
615.0000,0.0000E+000
616.0000,0.0000E+000
617.0000,0.0000E+000
618.0000,0.0000E+000
619.0000,0.0000E+000
620.0000,0.0000E+000
621.0000,0.0000E+000
622.0000,0.0000E+000
623.0000,0.0000E+000
624.0000,0.0000E+000
625.0000,0.0000E+000
626.0000,0.0000E+000
627.0000,0.0000E+000
628.0000,0.0000E+000
629.0000,0.0000E+000
630.0000,0.0000E+000
631.0000,0.0000E+000
632.0000,0.0000E+000
633.0000,0.0000E+000
634.0000,0.0000E+000
635.0000,0.0000E+000
636.0000,0.0000E+000
637.0000,0.0000E+000
638.0000,0.0000E+000
639.0000,0.0000E+000
640.0000,0.0000E+000
641.0000,0.0000E+000
642.0000,0.0000E+000
643.0000,0.0000E+000
644.0000,0.0000E+000
645.0000,0.0000E+000
646.0000,0.0000E+000
647.0000,0.0000E+000
648.0000,0.0000E+000
649.0000,0.0000E+000
650.0000,0.0000E+000
651.0000,0.0000E+000
652.0000,0.0000E+000
653.0000,0.0000E+000
654.0000,0.0000E+000
655.0000,0.0000E+000
656.0000,0.0000E+000
657.0000,0.0000E+000
658.0000,0.0000E+000
659.0000,0.0000E+000
660.0000,0.0000E+000
661.0000,0.0000E+000
662.0000,0.0000E+000
663.0000,0.0000E+000
664.0000,0.0000E+000
665.0000,0.0000E+000
666.0000,0.0000E+000
667.0000,0.0000E+000
668.0000,0.0000E+000
669.0000,0.0000E+000
670.0000,0.0000E+000
671.0000,0.0000E+000
672.0000,0.0000E+000
673.0000,0.0000E+000
674.0000,0.0000E+000
675.0000,0.0000E+000
676.0000,0.0000E+000
677.0000,0.0000E+000
678.0000,0.0000E+000
679.0000,0.0000E+000
680.0000,0.0000E+000
681.0000,0.0000E+000
682.0000,0.0000E+000
683.0000,0.0000E+000
684.0000,0.0000E+000
685.0000,0.0000E+000
686.0000,0.0000E+000
687.0000,0.0000E+000
688.0000,0.0000E+000
689.0000,0.0000E+000
690.0000,0.0000E+000
691.0000,0.0000E+000
692.0000,0.0000E+000
693.0000,0.0000E+000
694.0000,0.0000E+000
695.0000,0.0000E+000
696.0000,0.0000E+000
697.0000,0.0000E+000
698.0000,0.0000E+000
699.0000,0.0000E+000
700.0000,0.0000E+000
701.0000,0.0000E+000
702.0000,0.0000E+000
703.0000,0.0000E+000
704.0000,0.0000E+000
705.0000,0.0000E+000
706.0000,0.0000E+000
707.0000,0.0000E+000
708.0000,0.0000E+000
709.0000,0.0000E+000
710.0000,0.0000E+000
711.0000,0.0000E+000
712.0000,0.0000E+000
713.0000,0.0000E+000
714.0000,0.0000E+000
715.0000,0.0000E+000
716.0000,0.0000E+000
717.0000,0.0000E+000
718.0000,0.0000E+000
719.0000,0.0000E+000
720.0000,0.0000E+000
721.0000,0.0000E+000
722.0000,0.0000E+000
723.0000,0.0000E+000
724.0000,0.0000E+000
725.0000,0.0000E+000
726.0000,0.0000E+000
727.0000,0.0000E+000
728.0000,0.0000E+000
729.0000,0.0000E+000
730.0000,0.0000E+000
731.0000,0.0000E+000
732.0000,0.0000E+000
733.0000,0.0000E+000
734.0000,0.0000E+000
735.0000,1.8912E-004
736.0000,1.8912E-004
737.0000,1.8912E-004
738.0000,1.8912E-004
739.0000,1.8912E-004
740.0000,1.8912E-004
741.0000,1.8912E-004
742.0000,1.8912E-004
743.0000,1.8912E-004
744.0000,1.8912E-004
745.0000,1.8912E-004
746.0000,1.8912E-004
747.0000,1.8912E-004
748.0000,1.8912E-004
749.0000,1.8912E-004
750.0000,1.8912E-004
751.0000,1.8912E-004
752.0000,0.0000E+000
753.0000,3.5920E-005
754.0000,3.5920E-005
755.0000,3.5920E-005
756.0000,3.5920E-005
757.0000,3.5920E-005
758.0000,3.5920E-005
759.0000,3.5920E-005
760.0000,3.5920E-005
761.0000,3.5920E-005
762.0000,0.0000E+000
763.0000,0.0000E+000
764.0000,0.0000E+000
765.0000,0.0000E+000
766.0000,0.0000E+000
767.0000,0.0000E+000
768.0000,0.0000E+000
769.0000,0.0000E+000
770.0000,0.0000E+000
771.0000,0.0000E+000
772.0000,0.0000E+000
773.0000,0.0000E+000
774.0000,0.0000E+000
775.0000,0.0000E+000
776.0000,0.0000E+000
777.0000,0.0000E+000
778.0000,0.0000E+000
779.0000,0.0000E+000
780.0000,0.0000E+000
781.0000,0.0000E+000
782.0000,1.4400E-005
783.0000,6.2757E-003
784.0000,6.2757E-003
785.0000,6.2757E-003
786.0000,6.2757E-003
787.0000,6.2757E-003
788.0000,7.5457E-003
789.0000,7.5457E-003
790.0000,5.2209E-003
791.0000,0.0000E+000
792.0000,0.0000E+000
793.0000,0.0000E+000
794.0000,0.0000E+000
795.0000,0.0000E+000
796.0000,0.0000E+000
797.0000,0.0000E+000
798.0000,0.0000E+000
799.0000,0.0000E+000
800.0000,0.0000E+000
801.0000,0.0000E+000
802.0000,0.0000E+000
803.0000,0.0000E+000
804.0000,0.0000E+000
805.0000,0.0000E+000
806.0000,0.0000E+000
807.0000,0.0000E+000
808.0000,0.0000E+000
809.0000,0.0000E+000
810.0000,0.0000E+000
811.0000,0.0000E+000
812.0000,0.0000E+000
813.0000,5.0128E-004
814.0000,0.0000E+000
815.0000,0.0000E+000
816.0000,0.0000E+000
817.0000,0.0000E+000
818.0000,0.0000E+000
819.0000,0.0000E+000
820.0000,0.0000E+000
821.0000,0.0000E+000
822.0000,0.0000E+000
823.0000,0.0000E+000
824.0000,0.0000E+000
825.0000,0.0000E+000
826.0000,0.0000E+000
827.0000,0.0000E+000
828.0000,0.0000E+000
829.0000,0.0000E+000
830.0000,0.0000E+000
831.0000,0.0000E+000
832.0000,0.0000E+000
833.0000,0.0000E+000
834.0000,0.0000E+000
835.0000,0.0000E+000
836.0000,0.0000E+000
837.0000,0.0000E+000
838.0000,0.0000E+000
839.0000,0.0000E+000
840.0000,0.0000E+000
841.0000,0.0000E+000
842.0000,0.0000E+000
843.0000,0.0000E+000
844.0000,0.0000E+000
845.0000,0.0000E+000
846.0000,0.0000E+000
847.0000,0.0000E+000
848.0000,0.0000E+000
849.0000,0.0000E+000
850.0000,0.0000E+000
851.0000,0.0000E+000
852.0000,0.0000E+000
853.0000,0.0000E+000
854.0000,0.0000E+000
855.0000,0.0000E+000
856.0000,0.0000E+000
857.0000,0.0000E+000
858.0000,0.0000E+000
859.0000,0.0000E+000
860.0000,0.0000E+000
861.0000,0.0000E+000
862.0000,0.0000E+000
863.0000,0.0000E+000
864.0000,0.0000E+000
865.0000,0.0000E+000
866.0000,0.0000E+000
867.0000,0.0000E+000
868.0000,0.0000E+000
869.0000,0.0000E+000
870.0000,0.0000E+000
871.0000,0.0000E+000
872.0000,0.0000E+000
873.0000,0.0000E+000
874.0000,0.0000E+000
875.0000,0.0000E+000
876.0000,0.0000E+000
877.0000,0.0000E+000
878.0000,0.0000E+000
879.0000,0.0000E+000
880.0000,0.0000E+000
881.0000,0.0000E+000
882.0000,0.0000E+000
883.0000,0.0000E+000
884.0000,0.0000E+000
885.0000,0.0000E+000
886.0000,0.0000E+000
887.0000,0.0000E+000
888.0000,0.0000E+000
889.0000,0.0000E+000
890.0000,0.0000E+000
891.0000,0.0000E+000
892.0000,0.0000E+000
893.0000,0.0000E+000
894.0000,0.0000E+000
895.0000,0.0000E+000
896.0000,0.0000E+000
897.0000,0.0000E+000
898.0000,0.0000E+000
899.0000,0.0000E+000
900.0000,0.0000E+000
901.0000,0.0000E+000
902.0000,0.0000E+000
903.0000,0.0000E+000
904.0000,0.0000E+000
905.0000,0.0000E+000
906.0000,0.0000E+000
907.0000,0.0000E+000
908.0000,0.0000E+000
909.0000,0.0000E+000
910.0000,0.0000E+000
911.0000,0.0000E+000
912.0000,0.0000E+000
913.0000,0.0000E+000
914.0000,0.0000E+000
915.0000,0.0000E+000
916.0000,0.0000E+000
917.0000,0.0000E+000
918.0000,0.0000E+000
919.0000,0.0000E+000
920.0000,0.0000E+000
921.0000,0.0000E+000
922.0000,0.0000E+000
923.0000,0.0000E+000
924.0000,0.0000E+000
925.0000,0.0000E+000
926.0000,0.0000E+000
927.0000,0.0000E+000
928.0000,0.0000E+000
929.0000,0.0000E+000
930.0000,0.0000E+000
931.0000,0.0000E+000
932.0000,0.0000E+000
933.0000,0.0000E+000
934.0000,0.0000E+000
935.0000,0.0000E+000
936.0000,0.0000E+000
937.0000,0.0000E+000
938.0000,0.0000E+000
939.0000,0.0000E+000
940.0000,0.0000E+000
941.0000,0.0000E+000
942.0000,0.0000E+000
943.0000,0.0000E+000
944.0000,0.0000E+000
945.0000,0.0000E+000
946.0000,0.0000E+000
947.0000,0.0000E+000
948.0000,0.0000E+000
949.0000,0.0000E+000
950.0000,0.0000E+000
951.0000,0.0000E+000
952.0000,0.0000E+000
953.0000,0.0000E+000
954.0000,0.0000E+000
955.0000,0.0000E+000
956.0000,0.0000E+000
957.0000,0.0000E+000
958.0000,0.0000E+000
959.0000,0.0000E+000
960.0000,0.0000E+000
961.0000,0.0000E+000
962.0000,0.0000E+000
963.0000,0.0000E+000
964.0000,0.0000E+000
965.0000,0.0000E+000
966.0000,0.0000E+000
967.0000,0.0000E+000
968.0000,0.0000E+000
969.0000,0.0000E+000
970.0000,0.0000E+000
971.0000,0.0000E+000
972.0000,0.0000E+000
973.0000,0.0000E+000
974.0000,0.0000E+000
975.0000,0.0000E+000
976.0000,0.0000E+000
977.0000,0.0000E+000
978.0000,0.0000E+000
979.0000,0.0000E+000
980.0000,0.0000E+000
981.0000,0.0000E+000
982.0000,0.0000E+000
983.0000,0.0000E+000
984.0000,0.0000E+000
985.0000,0.0000E+000
986.0000,0.0000E+000
987.0000,0.0000E+000
988.0000,0.0000E+000
989.0000,0.0000E+000
990.0000,0.0000E+000
991.0000,0.0000E+000
992.0000,0.0000E+000
993.0000,0.0000E+000
994.0000,0.0000E+000
995.0000,0.0000E+000
996.0000,0.0000E+000
997.0000,0.0000E+000
998.0000,0.0000E+000
999.0000,0.0000E+000
1000.0000,0.0000E+000
1001.0000,0.0000E+000
1002.0000,0.0000E+000
1003.0000,0.0000E+000
1004.0000,0.0000E+000
1005.0000,0.0000E+000
1006.0000,0.0000E+000
1007.0000,0.0000E+000
1008.0000,0.0000E+000
1009.0000,0.0000E+000
1010.0000,0.0000E+000
1011.0000,0.0000E+000
1012.0000,0.0000E+000
1013.0000,0.0000E+000
1014.0000,0.0000E+000
1015.0000,0.0000E+000
1016.0000,0.0000E+000
1017.0000,0.0000E+000
1018.0000,0.0000E+000
1019.0000,0.0000E+000
1020.0000,0.0000E+000
1021.0000,0.0000E+000
1022.0000,0.0000E+000
1023.0000,0.0000E+000
1024.0000,0.0000E+000
1025.0000,0.0000E+000
1026.0000,0.0000E+000
1027.0000,0.0000E+000
1028.0000,0.0000E+000
1029.0000,0.0000E+000
1030.0000,0.0000E+000
1031.0000,0.0000E+000
1032.0000,0.0000E+000
1033.0000,0.0000E+000
1034.0000,0.0000E+000
1035.0000,0.0000E+000
1036.0000,0.0000E+000
1037.0000,0.0000E+000
1038.0000,0.0000E+000
1039.0000,0.0000E+000
1040.0000,0.0000E+000
1041.0000,0.0000E+000
1042.0000,0.0000E+000
1043.0000,0.0000E+000
1044.0000,0.0000E+000
1045.0000,0.0000E+000
1046.0000,0.0000E+000
1047.0000,0.0000E+000
1048.0000,0.0000E+000
1049.0000,0.0000E+000
1050.0000,0.0000E+000
1051.0000,0.0000E+000
1052.0000,0.0000E+000
1053.0000,0.0000E+000
1054.0000,0.0000E+000
1055.0000,0.0000E+000
1056.0000,0.0000E+000
1057.0000,0.0000E+000
1058.0000,0.0000E+000
1059.0000,0.0000E+000
1060.0000,0.0000E+000
1061.0000,0.0000E+000
1062.0000,0.0000E+000
1063.0000,0.0000E+000
1064.0000,0.0000E+000
1065.0000,0.0000E+000
1066.0000,0.0000E+000
1067.0000,0.0000E+000
1068.0000,0.0000E+000
1069.0000,0.0000E+000
1070.0000,0.0000E+000
1071.0000,0.0000E+000
1072.0000,0.0000E+000
1073.0000,0.0000E+000
1074.0000,0.0000E+000
1075.0000,0.0000E+000
1076.0000,0.0000E+000
1077.0000,0.0000E+000
1078.0000,0.0000E+000
1079.0000,0.0000E+000
1080.0000,0.0000E+000
1081.0000,0.0000E+000
1082.0000,0.0000E+000
1083.0000,0.0000E+000
1084.0000,0.0000E+000
1085.0000,0.0000E+000
1086.0000,0.0000E+000
1087.0000,0.0000E+000
1088.0000,0.0000E+000
1089.0000,0.0000E+000
1090.0000,0.0000E+000
1091.0000,0.0000E+000
1092.0000,0.0000E+000
1093.0000,0.0000E+000
1094.0000,0.0000E+000
1095.0000,0.0000E+000
1096.0000,0.0000E+000
1097.0000,0.0000E+000
1098.0000,0.0000E+000
1099.0000,0.0000E+000
1100.0000,2.1577E-003
1101.0000,0.0000E+000
1102.0000,2.8448E-004
1103.0000,8.1664E-004
1104.0000,8.1664E-004
1105.0000,8.1664E-004
1106.0000,8.1664E-004
1107.0000,8.1664E-004
1108.0000,8.1664E-004
1109.0000,8.1664E-004
1110.0000,8.1664E-004
1111.0000,8.1664E-004
1112.0000,8.1664E-004
1113.0000,8.1664E-004
1114.0000,8.1664E-004
1115.0000,8.1664E-004
1116.0000,8.1664E-004
1117.0000,8.1664E-004
1118.0000,8.1664E-004
1119.0000,8.1664E-004
1120.0000,8.1664E-004
1121.0000,8.1664E-004
1122.0000,8.1664E-004
1123.0000,8.1664E-004
1124.0000,8.1664E-004
1125.0000,8.1664E-004
1126.0000,8.1664E-004
1127.0000,8.1664E-004
1128.0000,2.8496E-004
1129.0000,2.8496E-004
1130.0000,2.8496E-004
1131.0000,2.8496E-004
1132.0000,2.8496E-004
1133.0000,2.8496E-004
1134.0000,2.8496E-004
1135.0000,2.8496E-004
1136.0000,2.3731E-004
1137.0000,1.5152E-003
1138.0000,1.8880E-004
1139.0000,1.8880E-004
1140.0000,0.0000E+000
1141.0000,0.0000E+000
1142.0000,0.0000E+000
1143.0000,0.0000E+000
1144.0000,4.1360E-005
1145.0000,0.0000E+000
1146.0000,8.3840E-005
1147.0000,0.0000E+000
1148.0000,0.0000E+000
1149.0000,0.0000E+000
1150.0000,0.0000E+000
1151.0000,0.0000E+000
1152.0000,0.0000E+000
1153.0000,0.0000E+000
1154.0000,0.0000E+000
1155.0000,0.0000E+000
1156.0000,2.1832E-004
1157.0000,1.3824E-004
1158.0000,5.2928E-004
1159.0000,5.2928E-004
1160.0000,0.0000E+000
1161.0000,0.0000E+000
1162.0000,0.0000E+000
1163.0000,1.0904E-003
1164.0000,1.0904E-003
1165.0000,1.0904E-003
1166.0000,1.0904E-003
1167.0000,1.0904E-003
1168.0000,1.0904E-003
1169.0000,1.0904E-003
1170.0000,1.0904E-003
1171.0000,1.0904E-003
1172.0000,1.0904E-003
1173.0000,3.6988E-003
1174.0000,3.6988E-003
1175.0000,3.6988E-003
1176.0000,2.0288E-003
1177.0000,0.0000E+000
1178.0000,0.0000E+000
1179.0000,0.0000E+000
1180.0000,0.0000E+000
1181.0000,0.0000E+000
1182.0000,0.0000E+000
1183.0000,0.0000E+000
1184.0000,0.0000E+000
1185.0000,0.0000E+000
1186.0000,0.0000E+000
1187.0000,0.0000E+000
1188.0000,0.0000E+000
1189.0000,0.0000E+000
1190.0000,0.0000E+000
1191.0000,0.0000E+000
1192.0000,0.0000E+000
1193.0000,0.0000E+000
1194.0000,0.0000E+000
1195.0000,0.0000E+000
1196.0000,0.0000E+000
1197.0000,0.0000E+000
1198.0000,0.0000E+000
1199.0000,0.0000E+000
1200.0000,0.0000E+000
1201.0000,0.0000E+000
1202.0000,0.0000E+000
1203.0000,0.0000E+000
1204.0000,0.0000E+000
1205.0000,0.0000E+000
1206.0000,0.0000E+000
1207.0000,0.0000E+000
1208.0000,0.0000E+000
1209.0000,0.0000E+000
1210.0000,0.0000E+000
1211.0000,0.0000E+000
1212.0000,0.0000E+000
1213.0000,0.0000E+000
1214.0000,0.0000E+000
1215.0000,0.0000E+000
1216.0000,0.0000E+000
1217.0000,0.0000E+000
1218.0000,0.0000E+000
1219.0000,0.0000E+000
1220.0000,0.0000E+000
1221.0000,0.0000E+000
1222.0000,0.0000E+000
1223.0000,0.0000E+000
1224.0000,0.0000E+000
1225.0000,0.0000E+000
1226.0000,0.0000E+000
1227.0000,0.0000E+000
1228.0000,0.0000E+000
1229.0000,0.0000E+000
1230.0000,0.0000E+000
1231.0000,0.0000E+000
1232.0000,0.0000E+000
1233.0000,0.0000E+000
1234.0000,0.0000E+000
1235.0000,0.0000E+000
1236.0000,0.0000E+000
1237.0000,0.0000E+000
1238.0000,0.0000E+000
1239.0000,0.0000E+000
1240.0000,0.0000E+000
1241.0000,0.0000E+000
1242.0000,0.0000E+000
1243.0000,0.0000E+000
1244.0000,0.0000E+000
1245.0000,0.0000E+000
1246.0000,0.0000E+000
1247.0000,0.0000E+000
1248.0000,0.0000E+000
1249.0000,0.0000E+000
1250.0000,0.0000E+000
1251.0000,0.0000E+000
1252.0000,0.0000E+000
1253.0000,0.0000E+000
1254.0000,0.0000E+000
1255.0000,0.0000E+000
1256.0000,0.0000E+000
1257.0000,0.0000E+000
1258.0000,0.0000E+000
1259.0000,0.0000E+000
1260.0000,0.0000E+000
1261.0000,0.0000E+000
1262.0000,0.0000E+000
1263.0000,0.0000E+000
1264.0000,0.0000E+000
1265.0000,0.0000E+000
1266.0000,0.0000E+000
1267.0000,0.0000E+000
1268.0000,0.0000E+000
1269.0000,0.0000E+000
1270.0000,0.0000E+000
1271.0000,0.0000E+000
1272.0000,0.0000E+000
1273.0000,0.0000E+000
1274.0000,0.0000E+000
1275.0000,0.0000E+000
1276.0000,0.0000E+000
1277.0000,0.0000E+000
1278.0000,0.0000E+000
1279.0000,0.0000E+000
1280.0000,0.0000E+000
1281.0000,0.0000E+000
1282.0000,0.0000E+000
1283.0000,0.0000E+000
1284.0000,0.0000E+000
1285.0000,0.0000E+000
1286.0000,0.0000E+000
1287.0000,0.0000E+000
1288.0000,0.0000E+000
1289.0000,0.0000E+000
1290.0000,0.0000E+000
1291.0000,0.0000E+000
1292.0000,0.0000E+000
1293.0000,0.0000E+000
1294.0000,0.0000E+000
1295.0000,0.0000E+000
1296.0000,0.0000E+000
1297.0000,0.0000E+000
1298.0000,0.0000E+000
1299.0000,0.0000E+000
1300.0000,0.0000E+000
1301.0000,0.0000E+000
1302.0000,0.0000E+000
1303.0000,0.0000E+000
1304.0000,0.0000E+000
1305.0000,0.0000E+000
1306.0000,0.0000E+000
1307.0000,0.0000E+000
1308.0000,0.0000E+000
1309.0000,0.0000E+000
1310.0000,0.0000E+000
1311.0000,0.0000E+000
1312.0000,0.0000E+000
1313.0000,0.0000E+000
1314.0000,0.0000E+000
1315.0000,0.0000E+000
1316.0000,0.0000E+000
1317.0000,0.0000E+000
1318.0000,0.0000E+000
1319.0000,0.0000E+000
1320.0000,0.0000E+000
1321.0000,0.0000E+000
1322.0000,0.0000E+000
1323.0000,0.0000E+000
1324.0000,0.0000E+000
1325.0000,0.0000E+000
1326.0000,0.0000E+000
1327.0000,0.0000E+000
1328.0000,0.0000E+000
1329.0000,0.0000E+000
1330.0000,0.0000E+000
1331.0000,0.0000E+000
1332.0000,0.0000E+000
1333.0000,0.0000E+000
1334.0000,0.0000E+000
1335.0000,0.0000E+000
1336.0000,0.0000E+000
1337.0000,0.0000E+000
1338.0000,0.0000E+000
1339.0000,0.0000E+000
1340.0000,0.0000E+000
1341.0000,0.0000E+000
1342.0000,0.0000E+000
1343.0000,0.0000E+000
1344.0000,0.0000E+000
1345.0000,0.0000E+000
1346.0000,0.0000E+000
1347.0000,0.0000E+000
1348.0000,0.0000E+000
1349.0000,0.0000E+000
1350.0000,0.0000E+000
1351.0000,0.0000E+000
1352.0000,0.0000E+000
1353.0000,0.0000E+000
1354.0000,0.0000E+000
1355.0000,0.0000E+000
1356.0000,0.0000E+000
1357.0000,0.0000E+000
1358.0000,0.0000E+000
1359.0000,0.0000E+000
1360.0000,0.0000E+000
1361.0000,0.0000E+000
1362.0000,0.0000E+000
1363.0000,0.0000E+000
1364.0000,0.0000E+000
1365.0000,0.0000E+000
1366.0000,0.0000E+000
1367.0000,0.0000E+000
1368.0000,0.0000E+000
1369.0000,0.0000E+000
1370.0000,0.0000E+000
1371.0000,0.0000E+000
1372.0000,0.0000E+000
1373.0000,0.0000E+000
1374.0000,0.0000E+000
1375.0000,0.0000E+000
1376.0000,0.0000E+000
1377.0000,0.0000E+000
1378.0000,0.0000E+000
1379.0000,0.0000E+000
1380.0000,0.0000E+000
1381.0000,0.0000E+000
1382.0000,0.0000E+000
1383.0000,0.0000E+000
1384.0000,0.0000E+000
1385.0000,0.0000E+000
1386.0000,0.0000E+000
1387.0000,0.0000E+000
1388.0000,0.0000E+000
1389.0000,0.0000E+000
1390.0000,0.0000E+000
1391.0000,0.0000E+000
1392.0000,0.0000E+000
1393.0000,0.0000E+000
1394.0000,0.0000E+000
1395.0000,0.0000E+000
1396.0000,0.0000E+000
1397.0000,0.0000E+000
1398.0000,0.0000E+000
1399.0000,0.0000E+000
1400.0000,0.0000E+000
1401.0000,0.0000E+000
1402.0000,0.0000E+000
1403.0000,0.0000E+000
1404.0000,0.0000E+000
1405.0000,0.0000E+000
1406.0000,0.0000E+000
1407.0000,0.0000E+000
1408.0000,0.0000E+000
1409.0000,0.0000E+000
1410.0000,0.0000E+000
1411.0000,0.0000E+000
1412.0000,0.0000E+000
1413.0000,0.0000E+000
1414.0000,0.0000E+000
1415.0000,0.0000E+000
1416.0000,0.0000E+000
1417.0000,0.0000E+000
1418.0000,0.0000E+000
1419.0000,0.0000E+000
1420.0000,0.0000E+000
1421.0000,0.0000E+000
1422.0000,0.0000E+000
1423.0000,0.0000E+000
1424.0000,0.0000E+000
1425.0000,0.0000E+000
1426.0000,0.0000E+000
1427.0000,0.0000E+000
1428.0000,0.0000E+000
1429.0000,0.0000E+000
1430.0000,0.0000E+000
1431.0000,0.0000E+000
1432.0000,0.0000E+000
1433.0000,0.0000E+000
1434.0000,0.0000E+000
1435.0000,0.0000E+000
1436.0000,0.0000E+000
1437.0000,0.0000E+000
1438.0000,0.0000E+000
1439.0000,0.0000E+000
1440.0000,0.0000E+000
1441.0000,0.0000E+000
1442.0000,0.0000E+000
1443.0000,0.0000E+000
1444.0000,0.0000E+000
1445.0000,0.0000E+000
1446.0000,0.0000E+000
1447.0000,0.0000E+000
1448.0000,0.0000E+000
1449.0000,0.0000E+000
1450.0000,0.0000E+000
1451.0000,0.0000E+000
1452.0000,0.0000E+000
1453.0000,0.0000E+000
1454.0000,0.0000E+000
1455.0000,0.0000E+000
1456.0000,0.0000E+000
1457.0000,0.0000E+000
1458.0000,0.0000E+000
1459.0000,0.0000E+000
1460.0000,0.0000E+000
1461.0000,0.0000E+000
1462.0000,0.0000E+000
1463.0000,0.0000E+000
1464.0000,0.0000E+000
1465.0000,0.0000E+000
1466.0000,0.0000E+000
1467.0000,0.0000E+000
1468.0000,0.0000E+000
1469.0000,0.0000E+000
1470.0000,0.0000E+000
1471.0000,0.0000E+000
1472.0000,0.0000E+000
1473.0000,0.0000E+000
1474.0000,0.0000E+000
1475.0000,0.0000E+000
1476.0000,0.0000E+000
1477.0000,0.0000E+000
1478.0000,3.2174E-003
1479.0000,3.2174E-003
1480.0000,3.2174E-003
1481.0000,3.2174E-003
1482.0000,3.2174E-003
1483.0000,4.3193E-003
1484.0000,4.5116E-003
1485.0000,4.5116E-003
1486.0000,4.5116E-003
1487.0000,4.5116E-003
1488.0000,4.5116E-003
1489.0000,4.5116E-003
1490.0000,4.5116E-003
1491.0000,4.5116E-003
1492.0000,4.5116E-003
1493.0000,4.7718E-003
1494.0000,4.2900E-003
1495.0000,0.0000E+000
1496.0000,0.0000E+000
1497.0000,1.7112E-004
1498.0000,1.7112E-004
1499.0000,1.7112E-004
1500.0000,0.0000E+000
1501.0000,0.0000E+000
1502.0000,0.0000E+000
1503.0000,0.0000E+000
1504.0000,0.0000E+000
1505.0000,0.0000E+000
1506.0000,0.0000E+000
1507.0000,0.0000E+000
1508.0000,0.0000E+000
1509.0000,0.0000E+000
1510.0000,0.0000E+000
1511.0000,0.0000E+000
1512.0000,0.0000E+000
1513.0000,0.0000E+000
1514.0000,0.0000E+000
1515.0000,0.0000E+000
1516.0000,1.7900E-003
1517.0000,5.7732E-004
1518.0000,0.0000E+000
1519.0000,0.0000E+000
1520.0000,0.0000E+000
1521.0000,0.0000E+000
1522.0000,0.0000E+000
1523.0000,0.0000E+000
1524.0000,0.0000E+000
1525.0000,0.0000E+000
1526.0000,0.0000E+000
1527.0000,0.0000E+000
1528.0000,0.0000E+000
1529.0000,0.0000E+000
1530.0000,0.0000E+000
1531.0000,0.0000E+000
1532.0000,0.0000E+000
1533.0000,0.0000E+000
1534.0000,0.0000E+000
1535.0000,0.0000E+000
1536.0000,0.0000E+000
1537.0000,0.0000E+000
1538.0000,0.0000E+000
1539.0000,0.0000E+000
1540.0000,0.0000E+000
1541.0000,0.0000E+000
1542.0000,0.0000E+000
1543.0000,0.0000E+000
1544.0000,0.0000E+000
1545.0000,0.0000E+000
1546.0000,0.0000E+000
1547.0000,0.0000E+000
1548.0000,0.0000E+000
1549.0000,0.0000E+000
1550.0000,0.0000E+000
1551.0000,0.0000E+000
1552.0000,0.0000E+000
1553.0000,0.0000E+000
1554.0000,0.0000E+000
1555.0000,0.0000E+000
1556.0000,0.0000E+000
1557.0000,0.0000E+000
1558.0000,0.0000E+000
1559.0000,0.0000E+000
1560.0000,0.0000E+000
1561.0000,0.0000E+000
1562.0000,0.0000E+000
1563.0000,0.0000E+000
1564.0000,0.0000E+000
1565.0000,0.0000E+000
1566.0000,0.0000E+000
1567.0000,0.0000E+000
1568.0000,0.0000E+000
1569.0000,0.0000E+000
1570.0000,0.0000E+000
1571.0000,0.0000E+000
1572.0000,0.0000E+000
1573.0000,0.0000E+000
1574.0000,0.0000E+000
1575.0000,0.0000E+000
1576.0000,0.0000E+000
1577.0000,0.0000E+000
1578.0000,0.0000E+000
1579.0000,0.0000E+000
1580.0000,0.0000E+000
1581.0000,0.0000E+000
1582.0000,0.0000E+000
1583.0000,0.0000E+000
1584.0000,0.0000E+000
1585.0000,0.0000E+000
1586.0000,0.0000E+000
1587.0000,0.0000E+000
1588.0000,0.0000E+000
1589.0000,0.0000E+000
1590.0000,0.0000E+000
1591.0000,0.0000E+000
1592.0000,0.0000E+000
1593.0000,0.0000E+000
1594.0000,0.0000E+000
1595.0000,0.0000E+000
1596.0000,0.0000E+000
1597.0000,0.0000E+000
1598.0000,0.0000E+000
1599.0000,0.0000E+000
1600.0000,0.0000E+000
1601.0000,0.0000E+000
1602.0000,0.0000E+000
1603.0000,0.0000E+000
1604.0000,0.0000E+000
1605.0000,0.0000E+000
1606.0000,0.0000E+000
1607.0000,0.0000E+000
1608.0000,0.0000E+000
1609.0000,0.0000E+000
1610.0000,0.0000E+000
1611.0000,0.0000E+000
1612.0000,0.0000E+000
1613.0000,0.0000E+000
1614.0000,0.0000E+000
1615.0000,0.0000E+000
1616.0000,0.0000E+000
1617.0000,0.0000E+000
1618.0000,0.0000E+000
1619.0000,0.0000E+000
1620.0000,0.0000E+000
1621.0000,0.0000E+000
1622.0000,0.0000E+000
1623.0000,0.0000E+000
1624.0000,0.0000E+000
1625.0000,0.0000E+000
1626.0000,0.0000E+000
1627.0000,0.0000E+000
1628.0000,0.0000E+000
1629.0000,0.0000E+000
1630.0000,0.0000E+000
1631.0000,0.0000E+000
1632.0000,0.0000E+000
1633.0000,0.0000E+000
1634.0000,0.0000E+000
1635.0000,0.0000E+000
1636.0000,0.0000E+000
1637.0000,0.0000E+000
1638.0000,0.0000E+000
1639.0000,0.0000E+000
1640.0000,0.0000E+000
1641.0000,0.0000E+000
1642.0000,0.0000E+000
1643.0000,0.0000E+000
1644.0000,0.0000E+000
1645.0000,0.0000E+000
1646.0000,0.0000E+000
1647.0000,0.0000E+000
1648.0000,0.0000E+000
1649.0000,0.0000E+000
1650.0000,0.0000E+000
1651.0000,0.0000E+000
1652.0000,0.0000E+000
1653.0000,0.0000E+000
1654.0000,0.0000E+000
1655.0000,0.0000E+000
1656.0000,0.0000E+000
1657.0000,0.0000E+000
1658.0000,0.0000E+000
1659.0000,0.0000E+000
1660.0000,0.0000E+000
1661.0000,0.0000E+000
1662.0000,0.0000E+000
1663.0000,0.0000E+000
1664.0000,0.0000E+000
1665.0000,0.0000E+000
1666.0000,0.0000E+000
1667.0000,0.0000E+000
1668.0000,0.0000E+000
1669.0000,0.0000E+000
1670.0000,0.0000E+000
1671.0000,0.0000E+000
1672.0000,0.0000E+000
1673.0000,0.0000E+000
1674.0000,0.0000E+000
1675.0000,0.0000E+000
1676.0000,0.0000E+000
1677.0000,0.0000E+000
1678.0000,0.0000E+000
1679.0000,0.0000E+000
1680.0000,0.0000E+000
1681.0000,0.0000E+000
1682.0000,0.0000E+000
1683.0000,0.0000E+000
1684.0000,0.0000E+000
1685.0000,0.0000E+000
1686.0000,0.0000E+000
1687.0000,0.0000E+000
1688.0000,0.0000E+000
1689.0000,0.0000E+000
1690.0000,0.0000E+000
1691.0000,0.0000E+000
1692.0000,0.0000E+000
1693.0000,0.0000E+000
1694.0000,0.0000E+000
1695.0000,0.0000E+000
1696.0000,0.0000E+000
1697.0000,0.0000E+000
1698.0000,0.0000E+000
1699.0000,0.0000E+000
1700.0000,0.0000E+000
1701.0000,0.0000E+000
1702.0000,0.0000E+000
1703.0000,0.0000E+000
1704.0000,0.0000E+000
1705.0000,0.0000E+000
1706.0000,0.0000E+000
1707.0000,0.0000E+000
1708.0000,0.0000E+000
1709.0000,0.0000E+000
1710.0000,0.0000E+000
1711.0000,0.0000E+000
1712.0000,0.0000E+000
1713.0000,0.0000E+000
1714.0000,0.0000E+000
1715.0000,0.0000E+000
1716.0000,0.0000E+000
1717.0000,0.0000E+000
1718.0000,0.0000E+000
1719.0000,0.0000E+000
1720.0000,0.0000E+000
1721.0000,0.0000E+000
1722.0000,0.0000E+000
1723.0000,0.0000E+000
1724.0000,0.0000E+000
1725.0000,0.0000E+000
1726.0000,0.0000E+000
1727.0000,0.0000E+000
1728.0000,0.0000E+000
1729.0000,0.0000E+000
1730.0000,0.0000E+000
1731.0000,0.0000E+000
1732.0000,0.0000E+000
1733.0000,0.0000E+000
1734.0000,0.0000E+000
1735.0000,0.0000E+000
1736.0000,0.0000E+000
1737.0000,0.0000E+000
1738.0000,0.0000E+000
1739.0000,0.0000E+000
1740.0000,0.0000E+000
1741.0000,0.0000E+000
1742.0000,0.0000E+000
1743.0000,0.0000E+000
1744.0000,0.0000E+000
1745.0000,0.0000E+000
1746.0000,0.0000E+000
1747.0000,0.0000E+000
1748.0000,0.0000E+000
1749.0000,0.0000E+000
1750.0000,0.0000E+000
1751.0000,0.0000E+000
1752.0000,0.0000E+000
1753.0000,0.0000E+000
1754.0000,0.0000E+000
1755.0000,0.0000E+000
1756.0000,0.0000E+000
1757.0000,0.0000E+000
1758.0000,0.0000E+000
1759.0000,0.0000E+000
1760.0000,0.0000E+000
1761.0000,0.0000E+000
1762.0000,0.0000E+000
1763.0000,0.0000E+000
1764.0000,0.0000E+000
1765.0000,0.0000E+000
1766.0000,0.0000E+000
1767.0000,0.0000E+000
1768.0000,0.0000E+000
1769.0000,0.0000E+000
1770.0000,0.0000E+000
1771.0000,0.0000E+000
1772.0000,0.0000E+000
1773.0000,0.0000E+000
1774.0000,0.0000E+000
1775.0000,0.0000E+000
1776.0000,0.0000E+000
1777.0000,0.0000E+000
1778.0000,0.0000E+000
1779.0000,0.0000E+000
1780.0000,0.0000E+000
1781.0000,0.0000E+000
1782.0000,0.0000E+000
1783.0000,0.0000E+000
1784.0000,0.0000E+000
1785.0000,0.0000E+000
1786.0000,0.0000E+000
1787.0000,0.0000E+000
1788.0000,0.0000E+000
1789.0000,0.0000E+000
1790.0000,0.0000E+000
1791.0000,0.0000E+000
1792.0000,0.0000E+000
1793.0000,0.0000E+000
1794.0000,0.0000E+000
1795.0000,0.0000E+000
1796.0000,0.0000E+000
1797.0000,0.0000E+000
1798.0000,0.0000E+000
1799.0000,0.0000E+000
1800.0000,0.0000E+000
1801.0000,0.0000E+000
1802.0000,0.0000E+000
1803.0000,0.0000E+000
1804.0000,0.0000E+000
1805.0000,0.0000E+000
1806.0000,0.0000E+000
1807.0000,0.0000E+000
1808.0000,0.0000E+000
1809.0000,0.0000E+000
1810.0000,0.0000E+000
1811.0000,0.0000E+000
1812.0000,0.0000E+000
1813.0000,0.0000E+000
1814.0000,0.0000E+000
1815.0000,0.0000E+000
1816.0000,0.0000E+000
1817.0000,0.0000E+000
1818.0000,0.0000E+000
1819.0000,0.0000E+000
1820.0000,0.0000E+000
1821.0000,0.0000E+000
1822.0000,0.0000E+000
1823.0000,0.0000E+000
1824.0000,0.0000E+000
1825.0000,0.0000E+000
1826.0000,0.0000E+000
1827.0000,0.0000E+000
1828.0000,0.0000E+000
1829.0000,0.0000E+000
1830.0000,0.0000E+000
1831.0000,0.0000E+000
1832.0000,0.0000E+000
1833.0000,0.0000E+000
1834.0000,1.8000E-006
1835.0000,8.3880E-005
1836.0000,0.0000E+000
1837.0000,0.0000E+000
1838.0000,0.0000E+000
1839.0000,0.0000E+000
1840.0000,0.0000E+000
1841.0000,0.0000E+000
1842.0000,0.0000E+000
1843.0000,0.0000E+000
1844.0000,0.0000E+000
1845.0000,0.0000E+000
1846.0000,0.0000E+000
1847.0000,0.0000E+000
1848.0000,0.0000E+000
1849.0000,0.0000E+000
1850.0000,0.0000E+000
1851.0000,0.0000E+000
1852.0000,0.0000E+000
1853.0000,0.0000E+000
1854.0000,0.0000E+000
1855.0000,0.0000E+000
1856.0000,0.0000E+000
1857.0000,0.0000E+000
1858.0000,0.0000E+000
1859.0000,0.0000E+000
1860.0000,0.0000E+000
1861.0000,0.0000E+000
1862.0000,0.0000E+000
1863.0000,0.0000E+000
1864.0000,0.0000E+000
1865.0000,0.0000E+000
1866.0000,0.0000E+000
1867.0000,0.0000E+000
1868.0000,0.0000E+000
1869.0000,0.0000E+000
1870.0000,0.0000E+000
1871.0000,0.0000E+000
1872.0000,0.0000E+000
1873.0000,0.0000E+000
1874.0000,0.0000E+000
1875.0000,0.0000E+000
1876.0000,0.0000E+000
1877.0000,0.0000E+000
1878.0000,0.0000E+000
1879.0000,0.0000E+000
1880.0000,0.0000E+000
1881.0000,0.0000E+000
1882.0000,0.0000E+000
1883.0000,0.0000E+000
1884.0000,0.0000E+000
1885.0000,0.0000E+000
1886.0000,0.0000E+000
1887.0000,0.0000E+000
1888.0000,0.0000E+000
1889.0000,0.0000E+000
1890.0000,0.0000E+000
1891.0000,0.0000E+000
1892.0000,0.0000E+000
1893.0000,0.0000E+000
1894.0000,0.0000E+000
1895.0000,0.0000E+000
1896.0000,0.0000E+000
1897.0000,0.0000E+000
1898.0000,0.0000E+000
1899.0000,0.0000E+000
1900.0000,0.0000E+000
1901.0000,0.0000E+000
1902.0000,0.0000E+000
1903.0000,0.0000E+000
1904.0000,0.0000E+000
1905.0000,0.0000E+000
1906.0000,0.0000E+000
1907.0000,0.0000E+000
1908.0000,0.0000E+000
1909.0000,0.0000E+000
1910.0000,0.0000E+000
1911.0000,0.0000E+000
1912.0000,0.0000E+000
1913.0000,0.0000E+000
1914.0000,0.0000E+000
1915.0000,0.0000E+000
1916.0000,0.0000E+000
1917.0000,0.0000E+000
1918.0000,0.0000E+000
1919.0000,0.0000E+000
1920.0000,0.0000E+000
1921.0000,0.0000E+000
1922.0000,0.0000E+000
1923.0000,0.0000E+000
1924.0000,0.0000E+000
1925.0000,0.0000E+000
1926.0000,0.0000E+000
1927.0000,0.0000E+000
1928.0000,0.0000E+000
1929.0000,0.0000E+000
1930.0000,0.0000E+000
1931.0000,0.0000E+000
1932.0000,0.0000E+000
1933.0000,0.0000E+000
1934.0000,0.0000E+000
1935.0000,0.0000E+000
1936.0000,0.0000E+000
1937.0000,0.0000E+000
1938.0000,0.0000E+000
1939.0000,0.0000E+000
1940.0000,0.0000E+000
1941.0000,0.0000E+000
1942.0000,0.0000E+000
1943.0000,0.0000E+000
1944.0000,0.0000E+000
1945.0000,0.0000E+000
1946.0000,0.0000E+000
1947.0000,0.0000E+000
1948.0000,0.0000E+000
1949.0000,0.0000E+000
1950.0000,0.0000E+000
1951.0000,0.0000E+000
1952.0000,0.0000E+000
1953.0000,0.0000E+000
1954.0000,0.0000E+000
1955.0000,0.0000E+000
1956.0000,0.0000E+000
1957.0000,0.0000E+000
1958.0000,0.0000E+000
1959.0000,0.0000E+000
1960.0000,0.0000E+000
1961.0000,0.0000E+000
1962.0000,0.0000E+000
1963.0000,0.0000E+000
1964.0000,0.0000E+000
1965.0000,0.0000E+000
1966.0000,0.0000E+000
1967.0000,0.0000E+000
1968.0000,0.0000E+000
1969.0000,0.0000E+000
1970.0000,0.0000E+000
1971.0000,0.0000E+000
1972.0000,0.0000E+000
1973.0000,0.0000E+000
1974.0000,0.0000E+000
1975.0000,0.0000E+000
1976.0000,0.0000E+000
1977.0000,0.0000E+000
1978.0000,0.0000E+000
1979.0000,0.0000E+000
1980.0000,0.0000E+000
1981.0000,0.0000E+000
1982.0000,0.0000E+000
1983.0000,0.0000E+000
1984.0000,0.0000E+000
1985.0000,0.0000E+000
1986.0000,0.0000E+000
1987.0000,0.0000E+000
1988.0000,0.0000E+000
1989.0000,0.0000E+000
1990.0000,0.0000E+000
1991.0000,0.0000E+000
1992.0000,0.0000E+000
1993.0000,0.0000E+000
1994.0000,0.0000E+000
1995.0000,0.0000E+000
1996.0000,0.0000E+000
1997.0000,0.0000E+000
1998.0000,0.0000E+000
1999.0000,0.0000E+000
2000.0000,0.0000E+000
2001.0000,0.0000E+000
2002.0000,0.0000E+000
2003.0000,0.0000E+000
2004.0000,0.0000E+000
2005.0000,0.0000E+000
2006.0000,0.0000E+000
2007.0000,0.0000E+000
2008.0000,0.0000E+000
2009.0000,0.0000E+000
2010.0000,0.0000E+000
2011.0000,0.0000E+000
2012.0000,0.0000E+000
2013.0000,0.0000E+000
2014.0000,0.0000E+000
2015.0000,0.0000E+000
2016.0000,0.0000E+000
2017.0000,0.0000E+000
2018.0000,0.0000E+000
2019.0000,0.0000E+000
2020.0000,0.0000E+000
2021.0000,0.0000E+000
2022.0000,0.0000E+000
2023.0000,0.0000E+000
2024.0000,0.0000E+000
2025.0000,0.0000E+000
2026.0000,0.0000E+000
2027.0000,0.0000E+000
2028.0000,0.0000E+000
2029.0000,0.0000E+000
2030.0000,0.0000E+000
2031.0000,0.0000E+000
2032.0000,0.0000E+000
2033.0000,0.0000E+000
2034.0000,0.0000E+000
2035.0000,0.0000E+000
2036.0000,0.0000E+000
2037.0000,0.0000E+000
2038.0000,0.0000E+000
2039.0000,0.0000E+000
2040.0000,0.0000E+000
2041.0000,0.0000E+000
2042.0000,0.0000E+000
2043.0000,0.0000E+000
2044.0000,0.0000E+000
2045.0000,0.0000E+000
2046.0000,0.0000E+000
2047.0000,0.0000E+000
2048.0000,0.0000E+000
2049.0000,0.0000E+000
2050.0000,0.0000E+000
2051.0000,0.0000E+000
2052.0000,0.0000E+000
2053.0000,0.0000E+000
2054.0000,0.0000E+000
2055.0000,0.0000E+000
2056.0000,0.0000E+000
2057.0000,0.0000E+000
2058.0000,0.0000E+000
2059.0000,0.0000E+000
2060.0000,0.0000E+000
2061.0000,0.0000E+000
2062.0000,0.0000E+000
2063.0000,0.0000E+000
2064.0000,0.0000E+000
2065.0000,0.0000E+000
2066.0000,0.0000E+000
2067.0000,0.0000E+000
2068.0000,0.0000E+000
2069.0000,0.0000E+000
2070.0000,0.0000E+000
2071.0000,0.0000E+000
2072.0000,0.0000E+000
2073.0000,0.0000E+000
2074.0000,0.0000E+000
2075.0000,0.0000E+000
2076.0000,0.0000E+000
2077.0000,0.0000E+000
2078.0000,0.0000E+000
2079.0000,0.0000E+000
2080.0000,0.0000E+000
2081.0000,0.0000E+000
2082.0000,0.0000E+000
2083.0000,0.0000E+000
2084.0000,0.0000E+000
2085.0000,0.0000E+000
2086.0000,0.0000E+000
2087.0000,0.0000E+000
2088.0000,0.0000E+000
2089.0000,0.0000E+000
2090.0000,0.0000E+000
2091.0000,0.0000E+000
2092.0000,0.0000E+000
2093.0000,0.0000E+000
2094.0000,0.0000E+000
2095.0000,0.0000E+000
2096.0000,0.0000E+000
2097.0000,0.0000E+000
2098.0000,0.0000E+000
2099.0000,0.0000E+000
2100.0000,0.0000E+000
2101.0000,0.0000E+000
2102.0000,0.0000E+000
2103.0000,0.0000E+000
2104.0000,0.0000E+000
2105.0000,0.0000E+000
2106.0000,0.0000E+000
2107.0000,0.0000E+000
2108.0000,0.0000E+000
2109.0000,0.0000E+000
2110.0000,0.0000E+000
2111.0000,0.0000E+000
2112.0000,0.0000E+000
2113.0000,0.0000E+000
2114.0000,0.0000E+000
2115.0000,0.0000E+000
2116.0000,0.0000E+000
2117.0000,0.0000E+000
2118.0000,0.0000E+000
2119.0000,0.0000E+000
2120.0000,0.0000E+000
2121.0000,0.0000E+000
2122.0000,0.0000E+000
2123.0000,0.0000E+000
2124.0000,0.0000E+000
2125.0000,0.0000E+000
2126.0000,0.0000E+000
2127.0000,0.0000E+000
2128.0000,0.0000E+000
2129.0000,0.0000E+000
2130.0000,0.0000E+000
2131.0000,0.0000E+000
2132.0000,0.0000E+000
2133.0000,0.0000E+000
2134.0000,0.0000E+000
2135.0000,0.0000E+000
2136.0000,0.0000E+000
2137.0000,0.0000E+000
2138.0000,0.0000E+000
2139.0000,0.0000E+000
2140.0000,0.0000E+000
2141.0000,0.0000E+000
2142.0000,0.0000E+000
2143.0000,0.0000E+000
2144.0000,0.0000E+000
2145.0000,0.0000E+000
2146.0000,0.0000E+000
2147.0000,0.0000E+000
2148.0000,0.0000E+000
2149.0000,0.0000E+000
2150.0000,0.0000E+000
2151.0000,0.0000E+000
2152.0000,0.0000E+000
2153.0000,0.0000E+000
2154.0000,0.0000E+000
2155.0000,0.0000E+000
2156.0000,0.0000E+000
2157.0000,0.0000E+000
2158.0000,0.0000E+000
2159.0000,0.0000E+000
2160.0000,0.0000E+000
2161.0000,0.0000E+000
2162.0000,0.0000E+000
2163.0000,0.0000E+000
2164.0000,0.0000E+000
2165.0000,0.0000E+000
2166.0000,0.0000E+000
2167.0000,0.0000E+000
2168.0000,0.0000E+000
2169.0000,0.0000E+000
2170.0000,0.0000E+000
2171.0000,0.0000E+000
2172.0000,0.0000E+000
2173.0000,0.0000E+000
2174.0000,0.0000E+000
2175.0000,0.0000E+000
2176.0000,0.0000E+000
2177.0000,0.0000E+000
2178.0000,0.0000E+000
2179.0000,0.0000E+000
2180.0000,0.0000E+000
2181.0000,0.0000E+000
2182.0000,0.0000E+000
2183.0000,0.0000E+000
2184.0000,0.0000E+000
2185.0000,0.0000E+000
2186.0000,0.0000E+000
2187.0000,0.0000E+000
2188.0000,0.0000E+000
2189.0000,0.0000E+000
2190.0000,0.0000E+000
2191.0000,0.0000E+000
2192.0000,0.0000E+000
2193.0000,0.0000E+000
2194.0000,0.0000E+000
2195.0000,0.0000E+000
2196.0000,0.0000E+000
2197.0000,0.0000E+000
2198.0000,0.0000E+000
2199.0000,0.0000E+000
2200.0000,0.0000E+000
2201.0000,0.0000E+000
2202.0000,0.0000E+000
2203.0000,0.0000E+000
2204.0000,0.0000E+000
2205.0000,0.0000E+000
2206.0000,0.0000E+000
2207.0000,0.0000E+000
2208.0000,0.0000E+000
2209.0000,0.0000E+000
2210.0000,0.0000E+000
2211.0000,0.0000E+000
2212.0000,0.0000E+000
2213.0000,0.0000E+000
2214.0000,0.0000E+000
2215.0000,0.0000E+000
2216.0000,0.0000E+000
2217.0000,0.0000E+000
2218.0000,0.0000E+000
2219.0000,0.0000E+000
2220.0000,0.0000E+000
2221.0000,7.6009E-003
2222.0000,7.7521E-003
2223.0000,7.7521E-003
2224.0000,7.7521E-003
2225.0000,7.7521E-003
2226.0000,7.7521E-003
2227.0000,7.7521E-003
2228.0000,7.7521E-003
2229.0000,7.7521E-003
2230.0000,7.7521E-003
2231.0000,8.7098E-003
2232.0000,8.7098E-003
2233.0000,8.7098E-003
2234.0000,8.7098E-003
2235.0000,8.7098E-003
2236.0000,8.7098E-003
2237.0000,8.7098E-003
2238.0000,8.7098E-003
2239.0000,8.7098E-003
2240.0000,8.7098E-003
2241.0000,8.7098E-003
2242.0000,8.7098E-003
2243.0000,8.7098E-003
2244.0000,8.7098E-003
2245.0000,8.7098E-003
2246.0000,8.7098E-003
2247.0000,1.1054E-002
2248.0000,0.0000E+000
2249.0000,0.0000E+000
2250.0000,0.0000E+000
2251.0000,0.0000E+000
2252.0000,0.0000E+000
2253.0000,0.0000E+000
2254.0000,0.0000E+000
2255.0000,0.0000E+000
2256.0000,0.0000E+000
2257.0000,0.0000E+000
2258.0000,0.0000E+000
2259.0000,0.0000E+000
2260.0000,0.0000E+000
2261.0000,4.6904E-004
2262.0000,4.6904E-004
2263.0000,0.0000E+000
2264.0000,0.0000E+000
2265.0000,0.0000E+000
2266.0000,0.0000E+000
2267.0000,0.0000E+000
2268.0000,0.0000E+000
2269.0000,0.0000E+000
2270.0000,0.0000E+000
2271.0000,0.0000E+000
2272.0000,0.0000E+000
2273.0000,0.0000E+000
2274.0000,0.0000E+000
2275.0000,0.0000E+000
2276.0000,0.0000E+000
2277.0000,0.0000E+000
2278.0000,0.0000E+000
2279.0000,0.0000E+000
2280.0000,0.0000E+000
2281.0000,0.0000E+000
2282.0000,0.0000E+000
2283.0000,0.0000E+000
2284.0000,0.0000E+000
2285.0000,0.0000E+000
2286.0000,0.0000E+000
2287.0000,0.0000E+000
2288.0000,0.0000E+000
2289.0000,0.0000E+000
2290.0000,0.0000E+000
2291.0000,0.0000E+000
2292.0000,0.0000E+000
2293.0000,0.0000E+000
2294.0000,0.0000E+000
2295.0000,0.0000E+000
2296.0000,0.0000E+000
2297.0000,0.0000E+000
2298.0000,0.0000E+000
2299.0000,0.0000E+000
2300.0000,0.0000E+000
2301.0000,0.0000E+000
2302.0000,0.0000E+000
2303.0000,0.0000E+000
2304.0000,0.0000E+000
2305.0000,0.0000E+000
2306.0000,0.0000E+000
2307.0000,0.0000E+000
2308.0000,0.0000E+000
2309.0000,0.0000E+000
2310.0000,0.0000E+000
2311.0000,0.0000E+000
2312.0000,0.0000E+000
2313.0000,0.0000E+000
2314.0000,0.0000E+000
2315.0000,0.0000E+000
2316.0000,0.0000E+000
2317.0000,0.0000E+000
2318.0000,0.0000E+000
2319.0000,0.0000E+000
2320.0000,0.0000E+000
2321.0000,0.0000E+000
2322.0000,0.0000E+000
2323.0000,0.0000E+000
2324.0000,0.0000E+000
2325.0000,0.0000E+000
2326.0000,0.0000E+000
2327.0000,0.0000E+000
2328.0000,0.0000E+000
2329.0000,0.0000E+000
2330.0000,0.0000E+000
2331.0000,0.0000E+000
2332.0000,0.0000E+000
2333.0000,0.0000E+000
2334.0000,0.0000E+000
2335.0000,0.0000E+000
2336.0000,0.0000E+000
2337.0000,0.0000E+000
2338.0000,0.0000E+000
2339.0000,0.0000E+000
2340.0000,0.0000E+000
2341.0000,0.0000E+000
2342.0000,0.0000E+000
2343.0000,0.0000E+000
2344.0000,0.0000E+000
2345.0000,0.0000E+000
2346.0000,0.0000E+000
2347.0000,0.0000E+000
2348.0000,0.0000E+000
2349.0000,0.0000E+000
2350.0000,0.0000E+000
2351.0000,0.0000E+000
2352.0000,0.0000E+000
2353.0000,0.0000E+000
2354.0000,0.0000E+000
2355.0000,0.0000E+000
2356.0000,0.0000E+000
2357.0000,0.0000E+000
2358.0000,0.0000E+000
2359.0000,0.0000E+000
2360.0000,0.0000E+000
2361.0000,0.0000E+000
2362.0000,0.0000E+000
2363.0000,0.0000E+000
2364.0000,0.0000E+000
2365.0000,0.0000E+000
2366.0000,0.0000E+000
2367.0000,0.0000E+000
2368.0000,0.0000E+000
2369.0000,0.0000E+000
2370.0000,0.0000E+000
2371.0000,0.0000E+000
2372.0000,0.0000E+000
2373.0000,0.0000E+000
2374.0000,0.0000E+000
2375.0000,0.0000E+000
2376.0000,0.0000E+000
2377.0000,0.0000E+000
2378.0000,0.0000E+000
2379.0000,0.0000E+000
2380.0000,0.0000E+000
2381.0000,0.0000E+000
2382.0000,0.0000E+000
2383.0000,0.0000E+000
2384.0000,0.0000E+000
2385.0000,0.0000E+000
2386.0000,0.0000E+000
2387.0000,0.0000E+000
2388.0000,0.0000E+000
2389.0000,0.0000E+000
2390.0000,0.0000E+000
2391.0000,0.0000E+000
2392.0000,0.0000E+000
2393.0000,0.0000E+000
2394.0000,0.0000E+000
2395.0000,0.0000E+000
2396.0000,0.0000E+000
2397.0000,0.0000E+000
2398.0000,0.0000E+000
2399.0000,0.0000E+000
2400.0000,0.0000E+000
2401.0000,0.0000E+000
2402.0000,0.0000E+000
2403.0000,0.0000E+000
2404.0000,0.0000E+000
2405.0000,0.0000E+000
2406.0000,0.0000E+000
2407.0000,0.0000E+000
2408.0000,0.0000E+000
2409.0000,0.0000E+000
2410.0000,0.0000E+000
2411.0000,0.0000E+000
2412.0000,0.0000E+000
2413.0000,0.0000E+000
2414.0000,0.0000E+000
2415.0000,0.0000E+000
2416.0000,0.0000E+000
2417.0000,0.0000E+000
2418.0000,0.0000E+000
2419.0000,0.0000E+000
2420.0000,0.0000E+000
2421.0000,0.0000E+000
2422.0000,0.0000E+000
2423.0000,0.0000E+000
2424.0000,0.0000E+000
2425.0000,0.0000E+000
2426.0000,0.0000E+000
2427.0000,0.0000E+000
2428.0000,0.0000E+000
2429.0000,0.0000E+000
2430.0000,0.0000E+000
2431.0000,0.0000E+000
2432.0000,0.0000E+000
2433.0000,0.0000E+000
2434.0000,0.0000E+000
2435.0000,0.0000E+000
2436.0000,0.0000E+000
2437.0000,0.0000E+000
2438.0000,0.0000E+000
2439.0000,0.0000E+000
2440.0000,0.0000E+000
2441.0000,0.0000E+000
2442.0000,0.0000E+000
2443.0000,0.0000E+000
2444.0000,0.0000E+000
2445.0000,0.0000E+000
2446.0000,0.0000E+000
2447.0000,0.0000E+000
2448.0000,0.0000E+000
2449.0000,0.0000E+000
2450.0000,0.0000E+000
2451.0000,0.0000E+000
2452.0000,0.0000E+000
2453.0000,0.0000E+000
2454.0000,0.0000E+000
2455.0000,0.0000E+000
2456.0000,0.0000E+000
2457.0000,0.0000E+000
2458.0000,0.0000E+000
2459.0000,0.0000E+000
2460.0000,0.0000E+000
2461.0000,0.0000E+000
2462.0000,0.0000E+000
2463.0000,0.0000E+000
2464.0000,0.0000E+000
2465.0000,0.0000E+000
2466.0000,0.0000E+000
2467.0000,0.0000E+000
2468.0000,0.0000E+000
2469.0000,0.0000E+000
2470.0000,0.0000E+000
2471.0000,0.0000E+000
2472.0000,0.0000E+000
2473.0000,0.0000E+000
2474.0000,0.0000E+000
2475.0000,0.0000E+000
2476.0000,0.0000E+000
2477.0000,0.0000E+000
2478.0000,0.0000E+000
2479.0000,0.0000E+000
2480.0000,0.0000E+000
2481.0000,0.0000E+000
2482.0000,0.0000E+000
2483.0000,0.0000E+000
2484.0000,0.0000E+000
2485.0000,0.0000E+000
2486.0000,0.0000E+000
2487.0000,0.0000E+000
2488.0000,0.0000E+000
2489.0000,0.0000E+000
2490.0000,0.0000E+000
2491.0000,0.0000E+000
2492.0000,0.0000E+000
2493.0000,0.0000E+000
2494.0000,0.0000E+000
2495.0000,0.0000E+000
2496.0000,0.0000E+000
2497.0000,0.0000E+000
2498.0000,0.0000E+000
2499.0000,0.0000E+000
2500.0000,0.0000E+000
2501.0000,0.0000E+000
2502.0000,0.0000E+000
2503.0000,0.0000E+000
2504.0000,0.0000E+000
2505.0000,0.0000E+000
2506.0000,0.0000E+000
2507.0000,0.0000E+000
2508.0000,0.0000E+000
2509.0000,0.0000E+000
2510.0000,0.0000E+000
2511.0000,0.0000E+000
2512.0000,0.0000E+000
2513.0000,0.0000E+000
2514.0000,0.0000E+000
2515.0000,0.0000E+000
2516.0000,0.0000E+000
2517.0000,0.0000E+000
2518.0000,0.0000E+000
2519.0000,0.0000E+000
2520.0000,0.0000E+000
2521.0000,0.0000E+000
2522.0000,0.0000E+000
2523.0000,0.0000E+000
2524.0000,0.0000E+000
2525.0000,0.0000E+000
2526.0000,0.0000E+000
2527.0000,0.0000E+000
2528.0000,0.0000E+000
2529.0000,0.0000E+000
2530.0000,0.0000E+000
2531.0000,0.0000E+000
2532.0000,0.0000E+000
2533.0000,0.0000E+000
2534.0000,0.0000E+000
2535.0000,0.0000E+000
2536.0000,0.0000E+000
2537.0000,0.0000E+000
2538.0000,0.0000E+000
2539.0000,0.0000E+000
2540.0000,0.0000E+000
2541.0000,0.0000E+000
2542.0000,0.0000E+000
2543.0000,0.0000E+000
2544.0000,0.0000E+000
2545.0000,0.0000E+000
2546.0000,0.0000E+000
2547.0000,0.0000E+000
2548.0000,0.0000E+000
2549.0000,0.0000E+000
2550.0000,0.0000E+000
2551.0000,0.0000E+000
2552.0000,0.0000E+000
2553.0000,0.0000E+000
2554.0000,0.0000E+000
2555.0000,0.0000E+000
2556.0000,0.0000E+000
2557.0000,0.0000E+000
2558.0000,0.0000E+000
2559.0000,0.0000E+000
2560.0000,0.0000E+000
2561.0000,0.0000E+000
2562.0000,0.0000E+000
2563.0000,0.0000E+000
2564.0000,0.0000E+000
2565.0000,0.0000E+000
2566.0000,0.0000E+000
2567.0000,0.0000E+000
2568.0000,0.0000E+000
2569.0000,0.0000E+000
2570.0000,0.0000E+000
2571.0000,1.7256E-004
2572.0000,1.7256E-004
2573.0000,1.7256E-004
2574.0000,1.7256E-004
2575.0000,1.7256E-004
2576.0000,1.7256E-004
2577.0000,1.7256E-004
2578.0000,1.7256E-004
2579.0000,1.2646E-004
2580.0000,1.2646E-004
2581.0000,1.2646E-004
2582.0000,0.0000E+000
2583.0000,0.0000E+000
2584.0000,0.0000E+000
2585.0000,0.0000E+000
2586.0000,0.0000E+000
2587.0000,0.0000E+000
2588.0000,0.0000E+000
2589.0000,0.0000E+000
2590.0000,0.0000E+000
2591.0000,0.0000E+000
2592.0000,0.0000E+000
2593.0000,0.0000E+000
2594.0000,0.0000E+000
2595.0000,0.0000E+000
2596.0000,0.0000E+000
2597.0000,2.0224E-004
2598.0000,1.3147E-003
2599.0000,1.3147E-003
2600.0000,1.3147E-003
2601.0000,1.3147E-003
2602.0000,0.0000E+000
2603.0000,0.0000E+000
2604.0000,0.0000E+000
2605.0000,0.0000E+000
2606.0000,0.0000E+000
2607.0000,0.0000E+000
2608.0000,5.7416E-015
2609.0000,5.7416E-015
2610.0000,5.7416E-015
2611.0000,0.0000E+000
2612.0000,0.0000E+000
2613.0000,0.0000E+000
2614.0000,0.0000E+000
2615.0000,0.0000E+000
2616.0000,0.0000E+000
2617.0000,0.0000E+000
2618.0000,0.0000E+000
2619.0000,0.0000E+000
2620.0000,0.0000E+000
2621.0000,0.0000E+000
2622.0000,0.0000E+000
2623.0000,0.0000E+000
2624.0000,0.0000E+000
2625.0000,0.0000E+000
2626.0000,0.0000E+000
2627.0000,0.0000E+000
2628.0000,0.0000E+000
2629.0000,0.0000E+000
2630.0000,0.0000E+000
2631.0000,0.0000E+000
2632.0000,0.0000E+000
2633.0000,0.0000E+000
2634.0000,0.0000E+000
2635.0000,0.0000E+000
2636.0000,0.0000E+000
2637.0000,0.0000E+000
2638.0000,0.0000E+000
2639.0000,0.0000E+000
2640.0000,0.0000E+000
2641.0000,0.0000E+000
2642.0000,0.0000E+000
2643.0000,0.0000E+000
2644.0000,0.0000E+000
2645.0000,0.0000E+000
2646.0000,0.0000E+000
2647.0000,0.0000E+000
2648.0000,0.0000E+000
2649.0000,0.0000E+000
2650.0000,0.0000E+000
2651.0000,0.0000E+000
2652.0000,0.0000E+000
2653.0000,0.0000E+000
2654.0000,0.0000E+000
2655.0000,0.0000E+000
2656.0000,0.0000E+000
2657.0000,0.0000E+000
2658.0000,0.0000E+000
2659.0000,0.0000E+000
2660.0000,0.0000E+000
2661.0000,0.0000E+000
2662.0000,0.0000E+000
2663.0000,0.0000E+000
2664.0000,0.0000E+000
2665.0000,0.0000E+000
2666.0000,0.0000E+000
2667.0000,0.0000E+000
2668.0000,0.0000E+000
2669.0000,0.0000E+000
2670.0000,0.0000E+000
2671.0000,0.0000E+000
2672.0000,0.0000E+000
2673.0000,0.0000E+000
2674.0000,0.0000E+000
2675.0000,0.0000E+000
2676.0000,0.0000E+000
2677.0000,0.0000E+000
2678.0000,0.0000E+000
2679.0000,0.0000E+000
2680.0000,0.0000E+000
2681.0000,0.0000E+000
2682.0000,0.0000E+000
2683.0000,0.0000E+000
2684.0000,0.0000E+000
2685.0000,0.0000E+000
2686.0000,0.0000E+000
2687.0000,0.0000E+000
2688.0000,0.0000E+000
2689.0000,0.0000E+000
2690.0000,0.0000E+000
2691.0000,0.0000E+000
2692.0000,0.0000E+000
2693.0000,0.0000E+000
2694.0000,0.0000E+000
2695.0000,0.0000E+000
2696.0000,0.0000E+000
2697.0000,0.0000E+000
2698.0000,0.0000E+000
2699.0000,0.0000E+000
2700.0000,0.0000E+000
2701.0000,0.0000E+000
2702.0000,0.0000E+000
2703.0000,0.0000E+000
2704.0000,0.0000E+000
2705.0000,0.0000E+000
2706.0000,0.0000E+000
2707.0000,0.0000E+000
2708.0000,0.0000E+000
2709.0000,0.0000E+000
2710.0000,0.0000E+000
2711.0000,0.0000E+000
2712.0000,0.0000E+000
2713.0000,0.0000E+000
2714.0000,0.0000E+000
2715.0000,0.0000E+000
2716.0000,0.0000E+000
2717.0000,0.0000E+000
2718.0000,0.0000E+000
2719.0000,0.0000E+000
2720.0000,0.0000E+000
2721.0000,0.0000E+000
2722.0000,0.0000E+000
2723.0000,0.0000E+000
2724.0000,0.0000E+000
2725.0000,0.0000E+000
2726.0000,0.0000E+000
2727.0000,0.0000E+000
2728.0000,0.0000E+000
2729.0000,0.0000E+000
2730.0000,0.0000E+000
2731.0000,0.0000E+000
2732.0000,0.0000E+000
2733.0000,0.0000E+000
2734.0000,0.0000E+000
2735.0000,0.0000E+000
2736.0000,0.0000E+000
2737.0000,0.0000E+000
2738.0000,0.0000E+000
2739.0000,0.0000E+000
2740.0000,0.0000E+000
2741.0000,0.0000E+000
2742.0000,0.0000E+000
2743.0000,0.0000E+000
2744.0000,0.0000E+000
2745.0000,0.0000E+000
2746.0000,0.0000E+000
2747.0000,0.0000E+000
2748.0000,0.0000E+000
2749.0000,0.0000E+000
2750.0000,0.0000E+000
2751.0000,0.0000E+000
2752.0000,0.0000E+000
2753.0000,0.0000E+000
2754.0000,0.0000E+000
2755.0000,0.0000E+000
2756.0000,0.0000E+000
2757.0000,0.0000E+000
2758.0000,0.0000E+000
2759.0000,0.0000E+000
2760.0000,0.0000E+000
2761.0000,0.0000E+000
2762.0000,0.0000E+000
2763.0000,0.0000E+000
2764.0000,0.0000E+000
2765.0000,0.0000E+000
2766.0000,0.0000E+000
2767.0000,0.0000E+000
2768.0000,0.0000E+000
2769.0000,0.0000E+000
2770.0000,0.0000E+000
2771.0000,0.0000E+000
2772.0000,0.0000E+000
2773.0000,0.0000E+000
2774.0000,0.0000E+000
2775.0000,0.0000E+000
2776.0000,0.0000E+000
2777.0000,0.0000E+000
2778.0000,0.0000E+000
2779.0000,0.0000E+000
2780.0000,0.0000E+000
2781.0000,0.0000E+000
2782.0000,0.0000E+000
2783.0000,0.0000E+000
2784.0000,0.0000E+000
2785.0000,0.0000E+000
2786.0000,0.0000E+000
2787.0000,0.0000E+000
2788.0000,0.0000E+000
2789.0000,0.0000E+000
2790.0000,0.0000E+000
2791.0000,0.0000E+000
2792.0000,0.0000E+000
2793.0000,0.0000E+000
2794.0000,0.0000E+000
2795.0000,0.0000E+000
2796.0000,0.0000E+000
2797.0000,0.0000E+000
2798.0000,0.0000E+000
2799.0000,0.0000E+000
2800.0000,0.0000E+000
2801.0000,0.0000E+000
2802.0000,0.0000E+000
2803.0000,0.0000E+000
2804.0000,0.0000E+000
2805.0000,0.0000E+000
2806.0000,0.0000E+000
2807.0000,0.0000E+000
2808.0000,0.0000E+000
2809.0000,0.0000E+000
2810.0000,0.0000E+000
2811.0000,0.0000E+000
2812.0000,0.0000E+000
2813.0000,0.0000E+000
2814.0000,0.0000E+000
2815.0000,0.0000E+000
2816.0000,0.0000E+000
2817.0000,0.0000E+000
2818.0000,0.0000E+000
2819.0000,0.0000E+000
2820.0000,0.0000E+000
2821.0000,0.0000E+000
2822.0000,0.0000E+000
2823.0000,0.0000E+000
2824.0000,0.0000E+000
2825.0000,0.0000E+000
2826.0000,0.0000E+000
2827.0000,0.0000E+000
2828.0000,0.0000E+000
2829.0000,0.0000E+000
2830.0000,0.0000E+000
2831.0000,0.0000E+000
2832.0000,0.0000E+000
2833.0000,0.0000E+000
2834.0000,0.0000E+000
2835.0000,0.0000E+000
2836.0000,0.0000E+000
2837.0000,0.0000E+000
2838.0000,0.0000E+000
2839.0000,0.0000E+000
2840.0000,0.0000E+000
2841.0000,0.0000E+000
2842.0000,0.0000E+000
2843.0000,0.0000E+000
2844.0000,0.0000E+000
2845.0000,0.0000E+000
2846.0000,0.0000E+000
2847.0000,0.0000E+000
2848.0000,0.0000E+000
2849.0000,0.0000E+000
2850.0000,0.0000E+000
2851.0000,0.0000E+000
2852.0000,0.0000E+000
2853.0000,0.0000E+000
2854.0000,0.0000E+000
2855.0000,0.0000E+000
2856.0000,0.0000E+000
2857.0000,0.0000E+000
2858.0000,0.0000E+000
2859.0000,0.0000E+000
2860.0000,0.0000E+000
2861.0000,0.0000E+000
2862.0000,0.0000E+000
2863.0000,0.0000E+000
2864.0000,0.0000E+000
2865.0000,0.0000E+000
2866.0000,0.0000E+000
2867.0000,0.0000E+000
2868.0000,0.0000E+000
2869.0000,0.0000E+000
2870.0000,0.0000E+000
2871.0000,0.0000E+000
2872.0000,0.0000E+000
2873.0000,0.0000E+000
2874.0000,0.0000E+000
2875.0000,0.0000E+000
2876.0000,0.0000E+000
2877.0000,0.0000E+000
2878.0000,0.0000E+000
2879.0000,0.0000E+000
2880.0000,0.0000E+000
2881.0000,0.0000E+000
2882.0000,0.0000E+000
2883.0000,0.0000E+000
2884.0000,0.0000E+000
2885.0000,0.0000E+000
2886.0000,0.0000E+000
2887.0000,0.0000E+000
2888.0000,0.0000E+000
2889.0000,0.0000E+000
2890.0000,0.0000E+000
2891.0000,0.0000E+000
2892.0000,0.0000E+000
2893.0000,0.0000E+000
2894.0000,0.0000E+000
2895.0000,0.0000E+000
2896.0000,0.0000E+000
2897.0000,0.0000E+000
2898.0000,0.0000E+000
2899.0000,0.0000E+000
2900.0000,0.0000E+000
2901.0000,0.0000E+000
2902.0000,0.0000E+000
2903.0000,0.0000E+000
2904.0000,0.0000E+000
2905.0000,0.0000E+000
2906.0000,0.0000E+000
2907.0000,0.0000E+000
2908.0000,1.4400E-006
2909.0000,0.0000E+000
2910.0000,0.0000E+000
2911.0000,0.0000E+000
2912.0000,0.0000E+000
2913.0000,0.0000E+000
2914.0000,0.0000E+000
2915.0000,0.0000E+000
2916.0000,0.0000E+000
2917.0000,0.0000E+000
2918.0000,0.0000E+000
2919.0000,0.0000E+000
2920.0000,0.0000E+000
2921.0000,0.0000E+000
2922.0000,0.0000E+000
2923.0000,0.0000E+000
2924.0000,0.0000E+000
2925.0000,0.0000E+000
2926.0000,0.0000E+000
2927.0000,0.0000E+000
2928.0000,0.0000E+000
2929.0000,0.0000E+000
2930.0000,0.0000E+000
2931.0000,0.0000E+000
2932.0000,0.0000E+000
2933.0000,0.0000E+000
2934.0000,0.0000E+000
2935.0000,0.0000E+000
2936.0000,0.0000E+000
2937.0000,0.0000E+000
2938.0000,0.0000E+000
2939.0000,0.0000E+000
2940.0000,0.0000E+000
2941.0000,0.0000E+000
2942.0000,0.0000E+000
2943.0000,0.0000E+000
2944.0000,0.0000E+000
2945.0000,0.0000E+000
2946.0000,0.0000E+000
2947.0000,0.0000E+000
2948.0000,0.0000E+000
2949.0000,0.0000E+000
2950.0000,0.0000E+000
2951.0000,0.0000E+000
2952.0000,0.0000E+000
2953.0000,3.4640E-005
2954.0000,3.4640E-005
2955.0000,3.4640E-005
2956.0000,3.4640E-005
2957.0000,3.4640E-005
2958.0000,3.4640E-005
2959.0000,3.4640E-005
2960.0000,3.4640E-005
2961.0000,3.4640E-005
2962.0000,3.4640E-005
2963.0000,3.4640E-005
2964.0000,3.4640E-005
2965.0000,3.4640E-005
2966.0000,3.4640E-005
2967.0000,3.4640E-005
2968.0000,3.4640E-005
2969.0000,3.4640E-005
2970.0000,3.4640E-005
2971.0000,3.4640E-005
2972.0000,3.4640E-005
2973.0000,0.0000E+000
2974.0000,0.0000E+000
2975.0000,0.0000E+000
2976.0000,0.0000E+000
2977.0000,0.0000E+000
2978.0000,0.0000E+000
2979.0000,0.0000E+000
2980.0000,0.0000E+000
2981.0000,0.0000E+000
2982.0000,0.0000E+000
2983.0000,0.0000E+000
2984.0000,0.0000E+000
2985.0000,0.0000E+000
2986.0000,0.0000E+000
2987.0000,0.0000E+000
2988.0000,0.0000E+000
2989.0000,0.0000E+000
2990.0000,0.0000E+000
2991.0000,0.0000E+000
2992.0000,0.0000E+000
2993.0000,0.0000E+000
2994.0000,0.0000E+000
2995.0000,0.0000E+000
2996.0000,0.0000E+000
2997.0000,0.0000E+000
2998.0000,0.0000E+000
2999.0000,0.0000E+000
3000.0000,0.0000E+000
3001.0000,0.0000E+000
3002.0000,0.0000E+000
3003.0000,0.0000E+000
3004.0000,0.0000E+000
3005.0000,0.0000E+000
3006.0000,0.0000E+000
3007.0000,0.0000E+000
3008.0000,0.0000E+000
3009.0000,0.0000E+000
3010.0000,0.0000E+000
3011.0000,0.0000E+000
3012.0000,0.0000E+000
3013.0000,0.0000E+000
3014.0000,0.0000E+000
3015.0000,0.0000E+000
3016.0000,0.0000E+000
3017.0000,0.0000E+000
3018.0000,0.0000E+000
3019.0000,0.0000E+000
3020.0000,0.0000E+000
3021.0000,0.0000E+000
3022.0000,0.0000E+000
3023.0000,0.0000E+000
3024.0000,0.0000E+000
3025.0000,0.0000E+000
3026.0000,0.0000E+000
3027.0000,0.0000E+000
3028.0000,0.0000E+000
3029.0000,0.0000E+000
3030.0000,0.0000E+000
3031.0000,0.0000E+000
3032.0000,0.0000E+000
3033.0000,0.0000E+000
3034.0000,0.0000E+000
3035.0000,0.0000E+000
3036.0000,0.0000E+000
3037.0000,0.0000E+000
3038.0000,0.0000E+000
3039.0000,0.0000E+000
3040.0000,0.0000E+000
3041.0000,0.0000E+000
3042.0000,0.0000E+000
3043.0000,0.0000E+000
3044.0000,0.0000E+000
3045.0000,0.0000E+000
3046.0000,0.0000E+000
3047.0000,0.0000E+000
3048.0000,0.0000E+000
3049.0000,0.0000E+000
3050.0000,0.0000E+000
3051.0000,0.0000E+000
3052.0000,0.0000E+000
3053.0000,0.0000E+000
3054.0000,0.0000E+000
3055.0000,0.0000E+000
3056.0000,0.0000E+000
3057.0000,0.0000E+000
3058.0000,0.0000E+000
3059.0000,0.0000E+000
3060.0000,0.0000E+000
3061.0000,0.0000E+000
3062.0000,0.0000E+000
3063.0000,0.0000E+000
3064.0000,0.0000E+000
3065.0000,0.0000E+000
3066.0000,0.0000E+000
3067.0000,0.0000E+000
3068.0000,0.0000E+000
3069.0000,0.0000E+000
3070.0000,0.0000E+000
3071.0000,0.0000E+000
3072.0000,0.0000E+000
3073.0000,0.0000E+000
3074.0000,0.0000E+000
3075.0000,0.0000E+000
3076.0000,0.0000E+000
3077.0000,0.0000E+000
3078.0000,0.0000E+000
3079.0000,0.0000E+000
3080.0000,0.0000E+000
3081.0000,0.0000E+000
3082.0000,0.0000E+000
3083.0000,0.0000E+000
3084.0000,0.0000E+000
3085.0000,0.0000E+000
3086.0000,0.0000E+000
3087.0000,0.0000E+000
3088.0000,0.0000E+000
3089.0000,0.0000E+000
3090.0000,0.0000E+000
3091.0000,0.0000E+000
3092.0000,0.0000E+000
3093.0000,0.0000E+000
3094.0000,0.0000E+000
3095.0000,0.0000E+000
3096.0000,0.0000E+000
3097.0000,0.0000E+000
3098.0000,0.0000E+000
3099.0000,0.0000E+000
3100.0000,0.0000E+000
3101.0000,0.0000E+000
3102.0000,0.0000E+000
3103.0000,0.0000E+000
3104.0000,0.0000E+000
3105.0000,0.0000E+000
3106.0000,0.0000E+000
3107.0000,0.0000E+000
3108.0000,0.0000E+000
3109.0000,0.0000E+000
3110.0000,0.0000E+000
3111.0000,0.0000E+000
3112.0000,0.0000E+000
3113.0000,0.0000E+000
3114.0000,0.0000E+000
3115.0000,0.0000E+000
3116.0000,0.0000E+000
3117.0000,0.0000E+000
3118.0000,0.0000E+000
3119.0000,0.0000E+000
3120.0000,0.0000E+000
3121.0000,0.0000E+000
3122.0000,0.0000E+000
3123.0000,0.0000E+000
3124.0000,0.0000E+000
3125.0000,0.0000E+000
3126.0000,0.0000E+000
3127.0000,0.0000E+000
3128.0000,0.0000E+000
3129.0000,0.0000E+000
3130.0000,0.0000E+000
3131.0000,0.0000E+000
3132.0000,0.0000E+000
3133.0000,0.0000E+000
3134.0000,0.0000E+000
3135.0000,0.0000E+000
3136.0000,0.0000E+000
3137.0000,0.0000E+000
3138.0000,0.0000E+000
3139.0000,0.0000E+000
3140.0000,0.0000E+000
3141.0000,0.0000E+000
3142.0000,0.0000E+000
3143.0000,0.0000E+000
3144.0000,0.0000E+000
3145.0000,0.0000E+000
3146.0000,0.0000E+000
3147.0000,0.0000E+000
3148.0000,0.0000E+000
3149.0000,0.0000E+000
3150.0000,0.0000E+000
3151.0000,0.0000E+000
3152.0000,0.0000E+000
3153.0000,0.0000E+000
3154.0000,0.0000E+000
3155.0000,0.0000E+000
3156.0000,0.0000E+000
3157.0000,0.0000E+000
3158.0000,0.0000E+000
3159.0000,0.0000E+000
3160.0000,0.0000E+000
3161.0000,0.0000E+000
3162.0000,0.0000E+000
3163.0000,0.0000E+000
3164.0000,0.0000E+000
3165.0000,0.0000E+000
3166.0000,0.0000E+000
3167.0000,0.0000E+000
3168.0000,0.0000E+000
3169.0000,0.0000E+000
3170.0000,0.0000E+000
3171.0000,0.0000E+000
3172.0000,0.0000E+000
3173.0000,0.0000E+000
3174.0000,0.0000E+000
3175.0000,0.0000E+000
3176.0000,0.0000E+000
3177.0000,0.0000E+000
3178.0000,0.0000E+000
3179.0000,0.0000E+000
3180.0000,0.0000E+000
3181.0000,0.0000E+000
3182.0000,0.0000E+000
3183.0000,0.0000E+000
3184.0000,0.0000E+000
3185.0000,0.0000E+000
3186.0000,0.0000E+000
3187.0000,0.0000E+000
3188.0000,0.0000E+000
3189.0000,0.0000E+000
3190.0000,0.0000E+000
3191.0000,0.0000E+000
3192.0000,0.0000E+000
3193.0000,0.0000E+000
3194.0000,0.0000E+000
3195.0000,0.0000E+000
3196.0000,0.0000E+000
3197.0000,0.0000E+000
3198.0000,0.0000E+000
3199.0000,0.0000E+000
3200.0000,0.0000E+000
3201.0000,0.0000E+000
3202.0000,0.0000E+000
3203.0000,0.0000E+000
3204.0000,0.0000E+000
3205.0000,0.0000E+000
3206.0000,0.0000E+000
3207.0000,0.0000E+000
3208.0000,0.0000E+000
3209.0000,0.0000E+000
3210.0000,0.0000E+000
3211.0000,0.0000E+000
3212.0000,0.0000E+000
3213.0000,0.0000E+000
3214.0000,0.0000E+000
3215.0000,0.0000E+000
3216.0000,0.0000E+000
3217.0000,0.0000E+000
3218.0000,0.0000E+000
3219.0000,0.0000E+000
3220.0000,0.0000E+000
3221.0000,0.0000E+000
3222.0000,0.0000E+000
3223.0000,0.0000E+000
3224.0000,0.0000E+000
3225.0000,0.0000E+000
3226.0000,0.0000E+000
3227.0000,0.0000E+000
3228.0000,0.0000E+000
3229.0000,0.0000E+000
3230.0000,0.0000E+000
3231.0000,0.0000E+000
3232.0000,0.0000E+000
3233.0000,0.0000E+000
3234.0000,0.0000E+000
3235.0000,0.0000E+000
3236.0000,0.0000E+000
3237.0000,0.0000E+000
3238.0000,0.0000E+000
3239.0000,0.0000E+000
3240.0000,0.0000E+000
3241.0000,0.0000E+000
3242.0000,0.0000E+000
3243.0000,0.0000E+000
3244.0000,0.0000E+000
3245.0000,0.0000E+000
3246.0000,0.0000E+000
3247.0000,0.0000E+000
3248.0000,0.0000E+000
3249.0000,0.0000E+000
3250.0000,0.0000E+000
3251.0000,0.0000E+000
3252.0000,0.0000E+000
3253.0000,0.0000E+000
3254.0000,0.0000E+000
3255.0000,0.0000E+000
3256.0000,0.0000E+000
3257.0000,0.0000E+000
3258.0000,0.0000E+000
3259.0000,0.0000E+000
3260.0000,0.0000E+000
3261.0000,0.0000E+000
3262.0000,0.0000E+000
3263.0000,0.0000E+000
3264.0000,0.0000E+000
3265.0000,0.0000E+000
3266.0000,0.0000E+000
3267.0000,0.0000E+000
3268.0000,0.0000E+000
3269.0000,0.0000E+000
3270.0000,0.0000E+000
3271.0000,0.0000E+000
3272.0000,0.0000E+000
3273.0000,0.0000E+000
3274.0000,0.0000E+000
3275.0000,0.0000E+000
3276.0000,0.0000E+000
3277.0000,0.0000E+000
3278.0000,0.0000E+000
3279.0000,0.0000E+000
3280.0000,0.0000E+000
3281.0000,0.0000E+000
3282.0000,0.0000E+000
3283.0000,0.0000E+000
3284.0000,0.0000E+000
3285.0000,0.0000E+000
3286.0000,0.0000E+000
3287.0000,0.0000E+000
3288.0000,0.0000E+000
3289.0000,0.0000E+000
3290.0000,0.0000E+000
3291.0000,0.0000E+000
3292.0000,0.0000E+000
3293.0000,0.0000E+000
3294.0000,0.0000E+000
3295.0000,0.0000E+000
3296.0000,0.0000E+000
3297.0000,0.0000E+000
3298.0000,0.0000E+000
3299.0000,0.0000E+000
3300.0000,0.0000E+000
3301.0000,0.0000E+000
3302.0000,0.0000E+000
3303.0000,0.0000E+000
3304.0000,0.0000E+000
3305.0000,0.0000E+000
3306.0000,0.0000E+000
3307.0000,0.0000E+000
3308.0000,0.0000E+000
3309.0000,0.0000E+000
3310.0000,0.0000E+000
3311.0000,0.0000E+000
3312.0000,0.0000E+000
3313.0000,0.0000E+000
3314.0000,0.0000E+000
3315.0000,0.0000E+000
3316.0000,0.0000E+000
3317.0000,0.0000E+000
3318.0000,0.0000E+000
3319.0000,0.0000E+000
3320.0000,0.0000E+000
3321.0000,0.0000E+000
3322.0000,0.0000E+000
3323.0000,0.0000E+000
3324.0000,0.0000E+000
3325.0000,0.0000E+000
3326.0000,0.0000E+000
3327.0000,0.0000E+000
3328.0000,0.0000E+000
3329.0000,0.0000E+000
3330.0000,0.0000E+000
3331.0000,0.0000E+000
3332.0000,0.0000E+000
3333.0000,0.0000E+000
3334.0000,0.0000E+000
3335.0000,0.0000E+000
3336.0000,0.0000E+000
3337.0000,8.8160E-005
3338.0000,2.0272E-003
3339.0000,2.0272E-003
3340.0000,6.2768E-004
3341.0000,0.0000E+000
3342.0000,0.0000E+000
3343.0000,0.0000E+000
3344.0000,0.0000E+000
3345.0000,0.0000E+000
3346.0000,0.0000E+000
3347.0000,0.0000E+000
3348.0000,0.0000E+000
3349.0000,0.0000E+000
3350.0000,0.0000E+000
3351.0000,0.0000E+000
3352.0000,0.0000E+000
3353.0000,0.0000E+000
3354.0000,0.0000E+000
3355.0000,1.6400E-006
3356.0000,0.0000E+000
3357.0000,0.0000E+000
3358.0000,8.4000E-006
3359.0000,8.4000E-006
3360.0000,0.0000E+000
3361.0000,0.0000E+000
3362.0000,0.0000E+000
3363.0000,0.0000E+000
3364.0000,0.0000E+000
3365.0000,0.0000E+000
3366.0000,0.0000E+000
3367.0000,0.0000E+000
3368.0000,0.0000E+000
3369.0000,0.0000E+000
3370.0000,0.0000E+000
3371.0000,0.0000E+000
3372.0000,0.0000E+000
3373.0000,0.0000E+000
3374.0000,0.0000E+000
3375.0000,0.0000E+000
3376.0000,0.0000E+000
3377.0000,0.0000E+000
3378.0000,0.0000E+000
3379.0000,0.0000E+000
3380.0000,0.0000E+000
3381.0000,0.0000E+000
3382.0000,0.0000E+000
3383.0000,0.0000E+000
3384.0000,0.0000E+000
3385.0000,0.0000E+000
3386.0000,0.0000E+000
3387.0000,0.0000E+000
3388.0000,0.0000E+000
3389.0000,0.0000E+000
3390.0000,0.0000E+000
3391.0000,0.0000E+000
3392.0000,0.0000E+000
3393.0000,0.0000E+000
3394.0000,0.0000E+000
3395.0000,0.0000E+000
3396.0000,0.0000E+000
3397.0000,0.0000E+000
3398.0000,0.0000E+000
3399.0000,0.0000E+000
3400.0000,0.0000E+000
3401.0000,0.0000E+000
3402.0000,0.0000E+000
3403.0000,0.0000E+000
3404.0000,0.0000E+000
3405.0000,0.0000E+000
3406.0000,0.0000E+000
3407.0000,0.0000E+000
3408.0000,0.0000E+000
3409.0000,0.0000E+000
3410.0000,0.0000E+000
3411.0000,0.0000E+000
3412.0000,0.0000E+000
3413.0000,0.0000E+000
3414.0000,0.0000E+000
3415.0000,0.0000E+000
3416.0000,0.0000E+000
3417.0000,0.0000E+000
3418.0000,0.0000E+000
3419.0000,0.0000E+000
3420.0000,0.0000E+000
3421.0000,0.0000E+000
3422.0000,0.0000E+000
3423.0000,0.0000E+000
3424.0000,0.0000E+000
3425.0000,0.0000E+000
3426.0000,0.0000E+000
3427.0000,0.0000E+000
3428.0000,0.0000E+000
3429.0000,0.0000E+000
3430.0000,0.0000E+000
3431.0000,0.0000E+000
3432.0000,0.0000E+000
3433.0000,0.0000E+000
3434.0000,0.0000E+000
3435.0000,0.0000E+000
3436.0000,0.0000E+000
3437.0000,0.0000E+000
3438.0000,0.0000E+000
3439.0000,0.0000E+000
3440.0000,0.0000E+000
3441.0000,0.0000E+000
3442.0000,0.0000E+000
3443.0000,0.0000E+000
3444.0000,0.0000E+000
3445.0000,0.0000E+000
3446.0000,0.0000E+000
3447.0000,0.0000E+000
3448.0000,0.0000E+000
3449.0000,0.0000E+000
3450.0000,0.0000E+000
3451.0000,0.0000E+000
3452.0000,0.0000E+000
3453.0000,0.0000E+000
3454.0000,0.0000E+000
3455.0000,0.0000E+000
3456.0000,0.0000E+000
3457.0000,0.0000E+000
3458.0000,0.0000E+000
3459.0000,0.0000E+000
3460.0000,0.0000E+000
3461.0000,0.0000E+000
3462.0000,0.0000E+000
3463.0000,0.0000E+000
3464.0000,0.0000E+000
3465.0000,0.0000E+000
3466.0000,0.0000E+000
3467.0000,0.0000E+000
3468.0000,0.0000E+000
3469.0000,0.0000E+000
3470.0000,0.0000E+000
3471.0000,0.0000E+000
3472.0000,0.0000E+000
3473.0000,0.0000E+000
3474.0000,0.0000E+000
3475.0000,0.0000E+000
3476.0000,0.0000E+000
3477.0000,0.0000E+000
3478.0000,0.0000E+000
3479.0000,0.0000E+000
3480.0000,0.0000E+000
3481.0000,0.0000E+000
3482.0000,0.0000E+000
3483.0000,0.0000E+000
3484.0000,0.0000E+000
3485.0000,0.0000E+000
3486.0000,0.0000E+000
3487.0000,0.0000E+000
3488.0000,0.0000E+000
3489.0000,0.0000E+000
3490.0000,0.0000E+000
3491.0000,0.0000E+000
3492.0000,0.0000E+000
3493.0000,0.0000E+000
3494.0000,0.0000E+000
3495.0000,0.0000E+000
3496.0000,0.0000E+000
3497.0000,0.0000E+000
3498.0000,0.0000E+000
3499.0000,0.0000E+000
3500.0000,0.0000E+000
3501.0000,0.0000E+000
3502.0000,0.0000E+000
3503.0000,0.0000E+000
3504.0000,0.0000E+000
3505.0000,0.0000E+000
3506.0000,0.0000E+000
3507.0000,0.0000E+000
3508.0000,0.0000E+000
3509.0000,0.0000E+000
3510.0000,0.0000E+000
3511.0000,0.0000E+000
3512.0000,0.0000E+000
3513.0000,0.0000E+000
3514.0000,0.0000E+000
3515.0000,0.0000E+000
3516.0000,0.0000E+000
3517.0000,0.0000E+000
3518.0000,0.0000E+000
3519.0000,0.0000E+000
3520.0000,0.0000E+000
3521.0000,0.0000E+000
3522.0000,0.0000E+000
3523.0000,0.0000E+000
3524.0000,0.0000E+000
3525.0000,0.0000E+000
3526.0000,0.0000E+000
3527.0000,0.0000E+000
3528.0000,0.0000E+000
3529.0000,0.0000E+000
3530.0000,0.0000E+000
3531.0000,0.0000E+000
3532.0000,0.0000E+000
3533.0000,0.0000E+000
3534.0000,0.0000E+000
3535.0000,0.0000E+000
3536.0000,0.0000E+000
3537.0000,0.0000E+000
3538.0000,0.0000E+000
3539.0000,0.0000E+000
3540.0000,0.0000E+000
3541.0000,0.0000E+000
3542.0000,0.0000E+000
3543.0000,0.0000E+000
3544.0000,0.0000E+000
3545.0000,0.0000E+000
3546.0000,0.0000E+000
3547.0000,0.0000E+000
3548.0000,0.0000E+000
3549.0000,0.0000E+000
3550.0000,0.0000E+000
3551.0000,0.0000E+000
3552.0000,0.0000E+000
3553.0000,0.0000E+000
3554.0000,0.0000E+000
3555.0000,0.0000E+000
3556.0000,0.0000E+000
3557.0000,0.0000E+000
3558.0000,0.0000E+000
3559.0000,0.0000E+000
3560.0000,0.0000E+000
3561.0000,0.0000E+000
3562.0000,0.0000E+000
3563.0000,0.0000E+000
3564.0000,0.0000E+000
3565.0000,0.0000E+000
3566.0000,0.0000E+000
3567.0000,0.0000E+000
3568.0000,0.0000E+000
3569.0000,0.0000E+000
3570.0000,0.0000E+000
3571.0000,0.0000E+000
3572.0000,0.0000E+000
3573.0000,0.0000E+000
3574.0000,0.0000E+000
3575.0000,0.0000E+000
3576.0000,0.0000E+000
3577.0000,0.0000E+000
3578.0000,0.0000E+000
3579.0000,0.0000E+000
3580.0000,0.0000E+000
3581.0000,0.0000E+000
3582.0000,0.0000E+000
3583.0000,0.0000E+000
3584.0000,0.0000E+000
3585.0000,0.0000E+000
3586.0000,0.0000E+000
3587.0000,0.0000E+000
3588.0000,0.0000E+000
3589.0000,0.0000E+000
3590.0000,0.0000E+000
3591.0000,0.0000E+000
3592.0000,0.0000E+000
3593.0000,0.0000E+000
3594.0000,0.0000E+000
3595.0000,0.0000E+000
3596.0000,0.0000E+000
3597.0000,0.0000E+000
3598.0000,0.0000E+000
3599.0000,0.0000E+000
3600.0000,0.0000E+000
3601.0000,0.0000E+000
3602.0000,0.0000E+000
3603.0000,0.0000E+000
3604.0000,0.0000E+000
3605.0000,0.0000E+000
3606.0000,0.0000E+000
3607.0000,0.0000E+000
3608.0000,0.0000E+000
3609.0000,0.0000E+000
3610.0000,0.0000E+000
3611.0000,0.0000E+000
3612.0000,0.0000E+000
3613.0000,0.0000E+000
3614.0000,0.0000E+000
3615.0000,0.0000E+000
3616.0000,0.0000E+000
3617.0000,0.0000E+000
3618.0000,0.0000E+000
3619.0000,0.0000E+000
3620.0000,0.0000E+000
3621.0000,0.0000E+000
3622.0000,0.0000E+000
3623.0000,0.0000E+000
3624.0000,0.0000E+000
3625.0000,0.0000E+000
3626.0000,0.0000E+000
3627.0000,0.0000E+000
3628.0000,0.0000E+000
3629.0000,0.0000E+000
3630.0000,0.0000E+000
3631.0000,0.0000E+000
3632.0000,0.0000E+000
3633.0000,0.0000E+000
3634.0000,0.0000E+000
3635.0000,0.0000E+000
3636.0000,0.0000E+000
3637.0000,0.0000E+000
3638.0000,0.0000E+000
3639.0000,0.0000E+000
3640.0000,0.0000E+000
3641.0000,0.0000E+000
3642.0000,0.0000E+000
3643.0000,0.0000E+000
3644.0000,0.0000E+000
3645.0000,0.0000E+000
3646.0000,0.0000E+000
3647.0000,0.0000E+000
3648.0000,0.0000E+000
3649.0000,0.0000E+000
3650.0000,0.0000E+000
3651.0000,0.0000E+000
3652.0000,0.0000E+000
3653.0000,0.0000E+000
3654.0000,2.0972E-003
3655.0000,0.0000E+000
3656.0000,0.0000E+000
3657.0000,0.0000E+000
3658.0000,0.0000E+000
3659.0000,0.0000E+000
3660.0000,0.0000E+000
3661.0000,0.0000E+000
3662.0000,0.0000E+000
3663.0000,0.0000E+000
3664.0000,0.0000E+000
3665.0000,0.0000E+000
3666.0000,0.0000E+000
3667.0000,0.0000E+000
3668.0000,0.0000E+000
3669.0000,0.0000E+000
3670.0000,0.0000E+000
3671.0000,0.0000E+000
3672.0000,0.0000E+000
3673.0000,0.0000E+000
3674.0000,0.0000E+000
3675.0000,0.0000E+000
3676.0000,0.0000E+000
3677.0000,0.0000E+000
3678.0000,0.0000E+000
3679.0000,0.0000E+000
3680.0000,0.0000E+000
3681.0000,0.0000E+000
3682.0000,0.0000E+000
3683.0000,0.0000E+000
3684.0000,0.0000E+000
3685.0000,0.0000E+000
3686.0000,0.0000E+000
3687.0000,0.0000E+000
3688.0000,0.0000E+000
3689.0000,0.0000E+000
3690.0000,0.0000E+000
3691.0000,5.0128E-004
3692.0000,5.0128E-004
3693.0000,5.0128E-004
3694.0000,5.0128E-004
3695.0000,4.6665E-004
3696.0000,2.7964E-004
3697.0000,1.9824E-004
3698.0000,0.0000E+000
3699.0000,1.2096E-004
3700.0000,1.2096E-004
3701.0000,1.2096E-004
3702.0000,1.2096E-004
3703.0000,1.2096E-004
3704.0000,1.5806E-003
3705.0000,1.5806E-003
3706.0000,1.5806E-003
3707.0000,1.5806E-003
3708.0000,1.5806E-003
3709.0000,1.4486E-003
3710.0000,1.4486E-003
3711.0000,5.6296E-004
3712.0000,5.6296E-004
3713.0000,5.6296E-004
3714.0000,5.6296E-004
3715.0000,5.6296E-004
3716.0000,0.0000E+000
3717.0000,0.0000E+000
3718.0000,0.0000E+000
3719.0000,0.0000E+000
3720.0000,0.0000E+000
3721.0000,0.0000E+000
3722.0000,1.2464E-004
3723.0000,1.2464E-004
3724.0000,1.2464E-004
3725.0000,1.2464E-004
3726.0000,1.2464E-004
3727.0000,0.0000E+000
3728.0000,0.0000E+000
3729.0000,0.0000E+000
3730.0000,2.4768E-004
3731.0000,7.1616E-004
3732.0000,3.1080E-004
3733.0000,1.2745E-004
3734.0000,0.0000E+000
3735.0000,0.0000E+000
3736.0000,0.0000E+000
3737.0000,0.0000E+000
3738.0000,0.0000E+000
3739.0000,0.0000E+000
3740.0000,0.0000E+000
3741.0000,0.0000E+000
3742.0000,0.0000E+000
3743.0000,0.0000E+000
3744.0000,0.0000E+000
3745.0000,0.0000E+000
3746.0000,0.0000E+000
3747.0000,0.0000E+000
3748.0000,0.0000E+000
3749.0000,0.0000E+000
3750.0000,0.0000E+000
3751.0000,0.0000E+000
3752.0000,0.0000E+000
3753.0000,0.0000E+000
3754.0000,0.0000E+000
3755.0000,0.0000E+000
3756.0000,0.0000E+000
3757.0000,0.0000E+000
3758.0000,0.0000E+000
3759.0000,0.0000E+000
3760.0000,0.0000E+000
3761.0000,0.0000E+000
3762.0000,0.0000E+000
3763.0000,0.0000E+000
3764.0000,0.0000E+000
3765.0000,0.0000E+000
3766.0000,0.0000E+000
3767.0000,0.0000E+000
3768.0000,0.0000E+000
3769.0000,0.0000E+000
3770.0000,0.0000E+000
3771.0000,0.0000E+000
3772.0000,0.0000E+000
3773.0000,0.0000E+000
3774.0000,0.0000E+000
3775.0000,0.0000E+000
3776.0000,0.0000E+000
3777.0000,0.0000E+000
3778.0000,0.0000E+000
3779.0000,0.0000E+000
3780.0000,0.0000E+000
3781.0000,0.0000E+000
3782.0000,0.0000E+000
3783.0000,0.0000E+000
3784.0000,0.0000E+000
3785.0000,0.0000E+000
3786.0000,0.0000E+000
3787.0000,0.0000E+000
3788.0000,0.0000E+000
3789.0000,0.0000E+000
3790.0000,0.0000E+000
3791.0000,0.0000E+000
3792.0000,0.0000E+000
3793.0000,0.0000E+000
3794.0000,0.0000E+000
3795.0000,0.0000E+000
3796.0000,0.0000E+000
3797.0000,0.0000E+000
3798.0000,0.0000E+000
3799.0000,0.0000E+000
3800.0000,0.0000E+000
3801.0000,0.0000E+000
3802.0000,0.0000E+000
3803.0000,0.0000E+000
3804.0000,0.0000E+000
3805.0000,0.0000E+000
3806.0000,0.0000E+000
3807.0000,0.0000E+000
3808.0000,0.0000E+000
3809.0000,0.0000E+000
3810.0000,0.0000E+000
3811.0000,0.0000E+000
3812.0000,0.0000E+000
3813.0000,0.0000E+000
3814.0000,0.0000E+000
3815.0000,0.0000E+000
3816.0000,0.0000E+000
3817.0000,0.0000E+000
3818.0000,0.0000E+000
3819.0000,0.0000E+000
3820.0000,0.0000E+000
3821.0000,0.0000E+000
3822.0000,0.0000E+000
3823.0000,0.0000E+000
3824.0000,0.0000E+000
3825.0000,0.0000E+000
3826.0000,0.0000E+000
3827.0000,0.0000E+000
3828.0000,0.0000E+000
3829.0000,0.0000E+000
3830.0000,0.0000E+000
3831.0000,0.0000E+000
3832.0000,0.0000E+000
3833.0000,0.0000E+000
3834.0000,0.0000E+000
3835.0000,0.0000E+000
3836.0000,0.0000E+000
3837.0000,0.0000E+000
3838.0000,0.0000E+000
3839.0000,0.0000E+000
3840.0000,0.0000E+000
3841.0000,0.0000E+000
3842.0000,0.0000E+000
3843.0000,0.0000E+000
3844.0000,0.0000E+000
3845.0000,0.0000E+000
3846.0000,0.0000E+000
3847.0000,0.0000E+000
3848.0000,0.0000E+000
3849.0000,0.0000E+000
3850.0000,0.0000E+000
3851.0000,0.0000E+000
3852.0000,0.0000E+000
3853.0000,0.0000E+000
3854.0000,0.0000E+000
3855.0000,0.0000E+000
3856.0000,0.0000E+000
3857.0000,0.0000E+000
3858.0000,0.0000E+000
3859.0000,0.0000E+000
3860.0000,0.0000E+000
3861.0000,0.0000E+000
3862.0000,0.0000E+000
3863.0000,0.0000E+000
3864.0000,0.0000E+000
3865.0000,0.0000E+000
3866.0000,0.0000E+000
3867.0000,0.0000E+000
3868.0000,0.0000E+000
3869.0000,0.0000E+000
3870.0000,0.0000E+000
3871.0000,0.0000E+000
3872.0000,0.0000E+000
3873.0000,0.0000E+000
3874.0000,0.0000E+000
3875.0000,0.0000E+000
3876.0000,0.0000E+000
3877.0000,0.0000E+000
3878.0000,0.0000E+000
3879.0000,0.0000E+000
3880.0000,0.0000E+000
3881.0000,0.0000E+000
3882.0000,0.0000E+000
3883.0000,0.0000E+000
3884.0000,0.0000E+000
3885.0000,0.0000E+000
3886.0000,0.0000E+000
3887.0000,0.0000E+000
3888.0000,0.0000E+000
3889.0000,0.0000E+000
3890.0000,0.0000E+000
3891.0000,0.0000E+000
3892.0000,0.0000E+000
3893.0000,0.0000E+000
3894.0000,0.0000E+000
3895.0000,0.0000E+000
3896.0000,0.0000E+000
3897.0000,0.0000E+000
3898.0000,0.0000E+000
3899.0000,0.0000E+000
3900.0000,0.0000E+000
3901.0000,0.0000E+000
3902.0000,0.0000E+000
3903.0000,0.0000E+000
3904.0000,0.0000E+000
3905.0000,0.0000E+000
3906.0000,0.0000E+000
3907.0000,0.0000E+000
3908.0000,0.0000E+000
3909.0000,0.0000E+000
3910.0000,0.0000E+000
3911.0000,0.0000E+000
3912.0000,0.0000E+000
3913.0000,0.0000E+000
3914.0000,0.0000E+000
3915.0000,0.0000E+000
3916.0000,0.0000E+000
3917.0000,0.0000E+000
3918.0000,0.0000E+000
3919.0000,0.0000E+000
3920.0000,0.0000E+000
3921.0000,0.0000E+000
3922.0000,0.0000E+000
3923.0000,0.0000E+000
3924.0000,0.0000E+000
3925.0000,0.0000E+000
3926.0000,0.0000E+000
3927.0000,0.0000E+000
3928.0000,0.0000E+000
3929.0000,0.0000E+000
3930.0000,0.0000E+000
3931.0000,0.0000E+000
3932.0000,0.0000E+000
3933.0000,0.0000E+000
3934.0000,0.0000E+000
3935.0000,0.0000E+000
3936.0000,0.0000E+000
3937.0000,0.0000E+000
3938.0000,0.0000E+000
3939.0000,0.0000E+000
3940.0000,0.0000E+000
3941.0000,0.0000E+000
3942.0000,0.0000E+000
3943.0000,0.0000E+000
3944.0000,0.0000E+000
3945.0000,0.0000E+000
3946.0000,0.0000E+000
3947.0000,0.0000E+000
3948.0000,0.0000E+000
3949.0000,0.0000E+000
3950.0000,0.0000E+000
3951.0000,0.0000E+000
3952.0000,0.0000E+000
3953.0000,0.0000E+000
3954.0000,0.0000E+000
3955.0000,0.0000E+000
3956.0000,0.0000E+000
3957.0000,0.0000E+000
3958.0000,0.0000E+000
3959.0000,0.0000E+000
3960.0000,0.0000E+000
3961.0000,0.0000E+000
3962.0000,0.0000E+000
3963.0000,0.0000E+000
3964.0000,0.0000E+000
3965.0000,0.0000E+000
3966.0000,0.0000E+000
3967.0000,0.0000E+000
3968.0000,0.0000E+000
3969.0000,0.0000E+000
3970.0000,0.0000E+000
3971.0000,0.0000E+000
3972.0000,0.0000E+000
3973.0000,0.0000E+000
3974.0000,0.0000E+000
3975.0000,0.0000E+000
