Time [d]	S_in [perMille]
1
-1 0.00
1 2.5
2 2.5
3 2.5
4 2.5
5 2.5
6 2.5
7 2.5
8 2.5
9 2.5
10 2.5
11 2.5
12 2.5
13 2.5
14 2.5
15 2.5
16 2.5
17 2.5
18 2.5
19 2.5
20 2.5
21 2.5
22 2.5
23 2.5
24 2.5
25 2.5
26 2.5
27 2.5
28 2.5
29 2.5
30 2.5
31 2.5
32 2.5
33 2.5
34 2.5
35 2.5
36 2.5
37 2.5
38 2.5
39 2.5
40 2.5
41 2.5
42 2.5
43 2.5
44 2.5
45 2.5
46 2.5
47 2.5
48 2.5
49 2.5
50 2.5
51 2.5
52 2.5
53 2.5
54 2.5
55 2.5
56 2.5
57 2.5
58 2.5
59 2.5
60 2.5
61 2.5
62 2.5
63 2.5
64 2.5
65 2.5
66 2.5
67 2.5
68 2.5
69 2.5
70 2.5
71 2.5
72 2.5
73 2.5
74 2.5
75 2.5
76 2.5
77 2.5
78 2.5
79 2.5
80 2.5
81 2.5
82 2.5
83 2.5
84 2.5
85 2.5
86 2.5
87 2.5
88 2.5
89 2.5
90 2.5
91 2.5
92 2.5
93 2.5
94 2.5
95 2.5
96 2.5
97 2.5
98 2.5
99 2.5
100 2.5
101 2.5
102 2.5
103 2.5
104 2.5
105 2.5
106 2.5
107 2.5
108 2.5
109 2.5
110 2.5
111 2.5
112 2.5
113 2.5
114 2.5
115 2.5
116 2.5
117 2.5
118 2.5
119 2.5
120 2.5
121 0.1
122 0.1
123 0.1
124 0.1
125 0.1
126 0.1
127 0.1
128 0.1
129 0.1
130 0.1
131 0.1
132 0.1
133 0.1
134 0.1
135 0.1
136 0.1
137 0.1
138 0.1
139 0.1
140 0.1
141 0.1
142 0.1
143 0.1
144 0.1
145 0.1
146 0.1
147 0.1
148 0.1
149 0.1
150 0.1
151 0.1
152 0.1
153 0.1
154 0.1
155 0.1
156 0.1
157 0.1
158 0.1
159 0.1
160 0.1
161 0.1
162 0.1
163 0.1
164 0.1
165 0.1
166 0.1
167 0.1
168 0.1
169 0.1
170 0.1
171 0.1
172 0.1
173 0.1
174 0.1
175 0.1
176 0.1
177 0.1
178 0.1
179 0.1
180 0.1
181 0.1
182 0.1
183 0.1
184 0.1
185 0.1
186 0.1
187 0.1
188 0.1
189 0.1
190 0.1
191 0.1
192 0.1
193 0.1
194 0.1
195 0.1
196 0.1
197 0.1
198 0.1
199 0.1
200 0.1
201 0.1
202 0.1
203 0.1
204 0.1
205 0.1
206 0.1
207 0.1
208 0.1
209 0.1
210 0.1
211 0.1
212 0.1
213 0.1
214 0.1
215 0.1
216 0.1
217 0.1
218 0.1
219 0.1
220 0.1
221 0.1
222 0.1
223 0.1
224 0.1
225 0.1
226 0.1
227 0.1
228 0.1
229 0.1
230 0.1
231 0.1
232 0.1
233 0.1
234 0.1
235 0.1
236 0.1
237 0.1
238 0.1
239 0.1
240 0.1
241 0.1
242 0.1
243 0.1
244 0.1
245 0.1
246 0.1
247 0.1
248 0.1
249 0.1
250 0.1
251 0.1
252 0.1
253 0.1
254 0.1
255 0.1
256 0.1
257 0.1
258 0.1
259 0.1
260 0.1
261 0.1
262 0.1
263 0.1
264 0.1
265 0.1
266 0.1
267 0.1
268 0.1
269 0.1
270 0.1
271 0.1
272 0.1
273 0.1
274 0.1
275 0.1
276 0.1
277 0.1
278 0.1
279 0.1
280 0.1
281 0.1
282 0.1
283 0.1
284 0.1
285 0.1
286 0.1
287 0.1
288 0.1
289 0.1
290 0.1
291 0.1
292 0.1
293 0.1
294 0.1
295 0.1
296 0.1
297 0.1
298 0.1
299 0.1
300 0.1
301 0.1
302 0.1
303 0.1
304 0.1
305 0.1
306 0.1
307 0.1
308 0.1
309 0.1
310 0.1
311 0.1
312 0.1
313 0.1
314 0.1
315 0.1
316 0.1
317 0.1
318 0.1
319 0.1
320 0.1
321 0.1
322 0.1
323 0.1
324 0.1
325 0.1
326 0.1
327 0.1
328 0.1
329 0.1
330 0.1
331 0.1
332 0.1
333 0.1
334 0.1
335 2.5
336 2.5
337 2.5
338 2.5
339 2.5
340 2.5
341 2.5
342 2.5
343 2.5
344 2.5
345 2.5
346 2.5
347 2.5
348 2.5
349 2.5
350 2.5
351 2.5
352 2.5
353 2.5
354 2.5
355 2.5
356 2.5
357 2.5
358 2.5
359 2.5
360 2.5
361 2.5
362 2.5
363 2.5
364 2.5
365 2.5
366 2.5
367 2.5
368 2.5
369 2.5
370 2.5
371 2.5
372 2.5
373 2.5
374 2.5
375 2.5
376 2.5
377 2.5
378 2.5
379 2.5
380 2.5
381 2.5
382 2.5
383 2.5
384 2.5
385 2.5
386 2.5
387 2.5
388 2.5
389 2.5
390 2.5
391 2.5
392 2.5
393 2.5
394 2.5
395 2.5
396 2.5
397 2.5
398 2.5
399 2.5
400 2.5
401 2.5
402 2.5
403 2.5
404 2.5
405 2.5
406 2.5
407 2.5
408 2.5
409 2.5
410 2.5
411 2.5
412 2.5
413 2.5
414 2.5
415 2.5
416 2.5
417 2.5
418 2.5
419 2.5
420 2.5
421 2.5
422 2.5
423 2.5
424 2.5
425 2.5
426 2.5
427 2.5
428 2.5
429 2.5
430 2.5
431 2.5
432 2.5
433 2.5
434 2.5
435 2.5
436 2.5
437 2.5
438 2.5
439 2.5
440 2.5
441 2.5
442 2.5
443 2.5
444 2.5
445 2.5
446 2.5
447 2.5
448 2.5
449 2.5
450 2.5
451 2.5
452 2.5
453 2.5
454 2.5
455 2.5
456 2.5
457 2.5
458 2.5
459 2.5
460 2.5
461 2.5
462 2.5
463 2.5
464 2.5
465 2.5
466 2.5
467 2.5
468 2.5
469 2.5
470 2.5
471 2.5
472 2.5
473 2.5
474 2.5
475 2.5
476 2.5
477 2.5
478 2.5
479 2.5
480 2.5
481 2.5
482 2.5
483 2.5
484 2.5
485 2.5
486 2.5
487 0.1
488 0.1
489 0.1
490 0.1
491 0.1
492 0.1
493 0.1
494 0.1
495 0.1
496 0.1
497 0.1
498 0.1
499 0.1
500 0.1
501 0.1
502 0.1
503 0.1
504 0.1
505 0.1
506 0.1
507 0.1
508 0.1
509 0.1
510 0.1
511 0.1
512 0.1
513 0.1
514 0.1
515 0.1
516 0.1
517 0.1
518 0.1
519 0.1
520 0.1
521 0.1
522 0.1
523 0.1
524 0.1
525 0.1
526 0.1
527 0.1
528 0.1
529 0.1
530 0.1
531 0.1
532 0.1
533 0.1
534 0.1
535 0.1
536 0.1
537 0.1
538 0.1
539 0.1
540 0.1
541 0.1
542 0.1
543 0.1
544 0.1
545 0.1
546 0.1
547 0.1
548 0.1
549 0.1
550 0.1
551 0.1
552 0.1
553 0.1
554 0.1
555 0.1
556 0.1
557 0.1
558 0.1
559 0.1
560 0.1
561 0.1
562 0.1
563 0.1
564 0.1
565 0.1
566 0.1
567 0.1
568 0.1
569 0.1
570 0.1
571 0.1
572 0.1
573 0.1
574 0.1
575 0.1
576 0.1
577 0.1
578 0.1
579 0.1
580 0.1
581 0.1
582 0.1
583 0.1
584 0.1
585 0.1
586 0.1
587 0.1
588 0.1
589 0.1
590 0.1
591 0.1
592 0.1
593 0.1
594 0.1
595 0.1
596 0.1
597 0.1
598 0.1
599 0.1
600 0.1
601 0.1
602 0.1
603 0.1
604 0.1
605 0.1
606 0.1
607 0.1
608 0.1
609 0.1
610 0.1
611 0.1
612 0.1
613 0.1
614 0.1
615 0.1
616 0.1
617 0.1
618 0.1
619 0.1
620 0.1
621 0.1
622 0.1
623 0.1
624 0.1
625 0.1
626 0.1
627 0.1
628 0.1
629 0.1
630 0.1
631 0.1
632 0.1
633 0.1
634 0.1
635 0.1
636 0.1
637 0.1
638 0.1
639 0.1
640 0.1
641 0.1
642 0.1
643 0.1
644 0.1
645 0.1
646 0.1
647 0.1
648 0.1
649 0.1
650 0.1
651 0.1
652 0.1
653 0.1
654 0.1
655 0.1
656 0.1
657 0.1
658 0.1
659 0.1
660 0.1
661 0.1
662 0.1
663 0.1
664 0.1
665 0.1
666 0.1
667 0.1
668 0.1
669 0.1
670 0.1
671 0.1
672 0.1
673 0.1
674 0.1
675 0.1
676 0.1
677 0.1
678 0.1
679 0.1
680 0.1
681 0.1
682 0.1
683 0.1
684 0.1
685 0.1
686 0.1
687 0.1
688 0.1
689 0.1
690 0.1
691 0.1
692 0.1
693 0.1
694 0.1
695 0.1
696 0.1
697 0.1
698 0.1
699 0.1
700 0.1
701 2.5
702 2.5
703 2.5
704 2.5
705 2.5
706 2.5
707 2.5
708 2.5
709 2.5
710 2.5
711 2.5
712 2.5
713 2.5
714 2.5
715 2.5
716 2.5
717 2.5
718 2.5
719 2.5
720 2.5
721 2.5
722 2.5
723 2.5
724 2.5
725 2.5
726 2.5
727 2.5
728 2.5
729 2.5
730 2.5
731 2.5
732 2.5
733 2.5
734 2.5
735 2.5
736 2.5
737 2.5
738 2.5
739 2.5
740 2.5
741 2.5
742 2.5
743 2.5
744 2.5
745 2.5
746 2.5
747 2.5
748 2.5
749 2.5
750 2.5
751 2.5
752 2.5
753 2.5
754 2.5
755 2.5
756 2.5
757 2.5
758 2.5
759 2.5
760 2.5
761 2.5
762 2.5
763 2.5
764 2.5
765 2.5
766 2.5
767 2.5
768 2.5
769 2.5
770 2.5
771 2.5
772 2.5
773 2.5
774 2.5
775 2.5
776 2.5
777 2.5
778 2.5
779 2.5
780 2.5
781 2.5
782 2.5
783 2.5
784 2.5
785 2.5
786 2.5
787 2.5
788 2.5
789 2.5
790 2.5
791 2.5
792 2.5
793 2.5
794 2.5
795 2.5
796 2.5
797 2.5
798 2.5
799 2.5
800 2.5
801 2.5
802 2.5
803 2.5
804 2.5
805 2.5
806 2.5
807 2.5
808 2.5
809 2.5
810 2.5
811 2.5
812 2.5
813 2.5
814 2.5
815 2.5
816 2.5
817 2.5
818 2.5
819 2.5
820 2.5
821 2.5
822 2.5
823 2.5
824 2.5
825 2.5
826 2.5
827 2.5
828 2.5
829 2.5
830 2.5
831 2.5
832 2.5
833 2.5
834 2.5
835 2.5
836 2.5
837 2.5
838 2.5
839 2.5
840 2.5
841 2.5
842 2.5
843 2.5
844 2.5
845 2.5
846 2.5
847 2.5
848 2.5
849 2.5
850 2.5
851 2.5
852 0.1
853 0.1
854 0.1
855 0.1
856 0.1
857 0.1
858 0.1
859 0.1
860 0.1
861 0.1
862 0.1
863 0.1
864 0.1
865 0.1
866 0.1
867 0.1
868 0.1
869 0.1
870 0.1
871 0.1
872 0.1
873 0.1
874 0.1
875 0.1
876 0.1
877 0.1
878 0.1
879 0.1
880 0.1
881 0.1
882 0.1
883 0.1
884 0.1
885 0.1
886 0.1
887 0.1
888 0.1
889 0.1
890 0.1
891 0.1
892 0.1
893 0.1
894 0.1
895 0.1
896 0.1
897 0.1
898 0.1
899 0.1
900 0.1
901 0.1
902 0.1
903 0.1
904 0.1
905 0.1
906 0.1
907 0.1
908 0.1
909 0.1
910 0.1
911 0.1
912 0.1
913 0.1
914 0.1
915 0.1
916 0.1
917 0.1
918 0.1
919 0.1
920 0.1
921 0.1
922 0.1
923 0.1
924 0.1
925 0.1
926 0.1
927 0.1
928 0.1
929 0.1
930 0.1
931 0.1
932 0.1
933 0.1
934 0.1
935 0.1
936 0.1
937 0.1
938 0.1
939 0.1
940 0.1
941 0.1
942 0.1
943 0.1
944 0.1
945 0.1
946 0.1
947 0.1
948 0.1
949 0.1
950 0.1
951 0.1
952 0.1
953 0.1
954 0.1
955 0.1
956 0.1
957 0.1
958 0.1
959 0.1
960 0.1
961 0.1
962 0.1
963 0.1
964 0.1
965 0.1
966 0.1
967 0.1
968 0.1
969 0.1
970 0.1
971 0.1
972 0.1
973 0.1
974 0.1
975 0.1
976 0.1
977 0.1
978 0.1
979 0.1
980 0.1
981 0.1
982 0.1
983 0.1
984 0.1
985 0.1
986 0.1
987 0.1
988 0.1
989 0.1
990 0.1
991 0.1
992 0.1
993 0.1
994 0.1
995 0.1
996 0.1
997 0.1
998 0.1
999 0.1
1000 0.1
1001 0.1
1002 0.1
1003 0.1
1004 0.1
1005 0.1
1006 0.1
1007 0.1
1008 0.1
1009 0.1
1010 0.1
1011 0.1
1012 0.1
1013 0.1
1014 0.1
1015 0.1
1016 0.1
1017 0.1
1018 0.1
1019 0.1
1020 0.1
1021 0.1
1022 0.1
1023 0.1
1024 0.1
1025 0.1
1026 0.1
1027 0.1
1028 0.1
1029 0.1
1030 0.1
1031 0.1
1032 0.1
1033 0.1
1034 0.1
1035 0.1
1036 0.1
1037 0.1
1038 0.1
1039 0.1
1040 0.1
1041 0.1
1042 0.1
1043 0.1
1044 0.1
1045 0.1
1046 0.1
1047 0.1
1048 0.1
1049 0.1
1050 0.1
1051 0.1
1052 0.1
1053 0.1
1054 0.1
1055 0.1
1056 0.1
1057 0.1
1058 0.1
1059 0.1
1060 0.1
1061 0.1
1062 0.1
1063 0.1
1064 0.1
1065 0.1
1066 2.5
1067 2.5
1068 2.5
1069 2.5
1070 2.5
1071 2.5
1072 2.5
1073 2.5
1074 2.5
1075 2.5
1076 2.5
1077 2.5
1078 2.5
1079 2.5
1080 2.5
1081 2.5
1082 2.5
1083 2.5
1084 2.5
1085 2.5
1086 2.5
1087 2.5
1088 2.5
1089 2.5
1090 2.5
1091 2.5
1092 2.5
1093 2.5
1094 2.5
1095 2.5
1096 2.5
1097 2.5
1098 2.5
1099 2.5
1100 2.5
1101 2.5
1102 2.5
1103 2.5
1104 2.5
1105 2.5
1106 2.5
1107 2.5
1108 2.5
1109 2.5
1110 2.5
1111 2.5
1112 2.5
1113 2.5
1114 2.5
1115 2.5
1116 2.5
1117 2.5
1118 2.5
1119 2.5
1120 2.5
1121 2.5
1122 2.5
1123 2.5
1124 2.5
1125 2.5
1126 2.5
1127 2.5
1128 2.5
1129 2.5
1130 2.5
1131 2.5
1132 2.5
1133 2.5
1134 2.5
1135 2.5
1136 2.5
1137 2.5
1138 2.5
1139 2.5
1140 2.5
1141 2.5
1142 2.5
1143 2.5
1144 2.5
1145 2.5
1146 2.5
1147 2.5
1148 2.5
1149 2.5
1150 2.5
1151 2.5
1152 2.5
1153 2.5
1154 2.5
1155 2.5
1156 2.5
1157 2.5
1158 2.5
1159 2.5
1160 2.5
1161 2.5
1162 2.5
1163 2.5
1164 2.5
1165 2.5
1166 2.5
1167 2.5
1168 2.5
1169 2.5
1170 2.5
1171 2.5
1172 2.5
1173 2.5
1174 2.5
1175 2.5
1176 2.5
1177 2.5
1178 2.5
1179 2.5
1180 2.5
1181 2.5
1182 2.5
1183 2.5
1184 2.5
1185 2.5
1186 2.5
1187 2.5
1188 2.5
1189 2.5
1190 2.5
1191 2.5
1192 2.5
1193 2.5
1194 2.5
1195 2.5
1196 2.5
1197 2.5
1198 2.5
1199 2.5
1200 2.5
1201 2.5
1202 2.5
1203 2.5
1204 2.5
1205 2.5
1206 2.5
1207 2.5
1208 2.5
1209 2.5
1210 2.5
1211 2.5
1212 2.5
1213 2.5
1214 2.5
1215 2.5
1216 2.5
1217 0.1
1218 0.1
1219 0.1
1220 0.1
1221 0.1
1222 0.1
1223 0.1
1224 0.1
1225 0.1
1226 0.1
1227 0.1
1228 0.1
1229 0.1
1230 0.1
1231 0.1
1232 0.1
1233 0.1
1234 0.1
1235 0.1
1236 0.1
1237 0.1
1238 0.1
1239 0.1
1240 0.1
1241 0.1
1242 0.1
1243 0.1
1244 0.1
1245 0.1
1246 0.1
1247 0.1
1248 0.1
1249 0.1
1250 0.1
1251 0.1
1252 0.1
1253 0.1
1254 0.1
1255 0.1
1256 0.1
1257 0.1
1258 0.1
1259 0.1
1260 0.1
1261 0.1
1262 0.1
1263 0.1
1264 0.1
1265 0.1
1266 0.1
1267 0.1
1268 0.1
1269 0.1
1270 0.1
1271 0.1
1272 0.1
1273 0.1
1274 0.1
1275 0.1
1276 0.1
1277 0.1
1278 0.1
1279 0.1
1280 0.1
1281 0.1
1282 0.1
1283 0.1
1284 0.1
1285 0.1
1286 0.1
1287 0.1
1288 0.1
1289 0.1
1290 0.1
1291 0.1
1292 0.1
1293 0.1
1294 0.1
1295 0.1
1296 0.1
1297 0.1
1298 0.1
1299 0.1
1300 0.1
1301 0.1
1302 0.1
1303 0.1
1304 0.1
1305 0.1
1306 0.1
1307 0.1
1308 0.1
1309 0.1
1310 0.1
1311 0.1
1312 0.1
1313 0.1
1314 0.1
1315 0.1
1316 0.1
1317 0.1
1318 0.1
1319 0.1
1320 0.1
1321 0.1
1322 0.1
1323 0.1
1324 0.1
1325 0.1
1326 0.1
1327 0.1
1328 0.1
1329 0.1
1330 0.1
1331 0.1
1332 0.1
1333 0.1
1334 0.1
1335 0.1
1336 0.1
1337 0.1
1338 0.1
1339 0.1
1340 0.1
1341 0.1
1342 0.1
1343 0.1
1344 0.1
1345 0.1
1346 0.1
1347 0.1
1348 0.1
1349 0.1
1350 0.1
1351 0.1
1352 0.1
1353 0.1
1354 0.1
1355 0.1
1356 0.1
1357 0.1
1358 0.1
1359 0.1
1360 0.1
1361 0.1
1362 0.1
1363 0.1
1364 0.1
1365 0.1
1366 0.1
1367 0.1
1368 0.1
1369 0.1
1370 0.1
1371 0.1
1372 0.1
1373 0.1
1374 0.1
1375 0.1
1376 0.1
1377 0.1
1378 0.1
1379 0.1
1380 0.1
1381 0.1
1382 0.1
1383 0.1
1384 0.1
1385 0.1
1386 0.1
1387 0.1
1388 0.1
1389 0.1
1390 0.1
1391 0.1
1392 0.1
1393 0.1
1394 0.1
1395 0.1
1396 0.1
1397 0.1
1398 0.1
1399 0.1
1400 0.1
1401 0.1
1402 0.1
1403 0.1
1404 0.1
1405 0.1
1406 0.1
1407 0.1
1408 0.1
1409 0.1
1410 0.1
1411 0.1
1412 0.1
1413 0.1
1414 0.1
1415 0.1
1416 0.1
1417 0.1
1418 0.1
1419 0.1
1420 0.1
1421 0.1
1422 0.1
1423 0.1
1424 0.1
1425 0.1
1426 0.1
1427 0.1
1428 0.1
1429 0.1
1430 0.1
1431 2.5
1432 2.5
1433 2.5
1434 2.5
1435 2.5
1436 2.5
1437 2.5
1438 2.5
1439 2.5
1440 2.5
1441 2.5
1442 2.5
1443 2.5
1444 2.5
1445 2.5
1446 2.5
1447 2.5
1448 2.5
1449 2.5
1450 2.5
1451 2.5
1452 2.5
1453 2.5
1454 2.5
1455 2.5
1456 2.5
1457 2.5
1458 2.5
1459 2.5
1460 2.5
1461 2.5
1462 2.5
1463 2.5
1464 2.5
1465 2.5
1466 2.5
1467 2.5
1468 2.5
1469 2.5
1470 2.5
1471 2.5
1472 2.5
1473 2.5
1474 2.5
1475 2.5
1476 2.5
1477 2.5
1478 2.5
1479 2.5
1480 2.5
1481 2.5
1482 2.5
1483 2.5
1484 2.5
1485 2.5
1486 2.5
1487 2.5
1488 2.5
1489 2.5
1490 2.5
1491 2.5
1492 2.5
1493 2.5
1494 2.5
1495 2.5
1496 2.5
1497 2.5
1498 2.5
1499 2.5
1500 2.5
1501 2.5
1502 2.5
1503 2.5
1504 2.5
1505 2.5
1506 2.5
1507 2.5
1508 2.5
1509 2.5
1510 2.5
1511 2.5
1512 2.5
1513 2.5
1514 2.5
1515 2.5
1516 2.5
1517 2.5
1518 2.5
1519 2.5
1520 2.5
1521 2.5
1522 2.5
1523 2.5
1524 2.5
1525 2.5
1526 2.5
1527 2.5
1528 2.5
1529 2.5
1530 2.5
1531 2.5
1532 2.5
1533 2.5
1534 2.5
1535 2.5
1536 2.5
1537 2.5
1538 2.5
1539 2.5
1540 2.5
1541 2.5
1542 2.5
1543 2.5
1544 2.5
1545 2.5
1546 2.5
1547 2.5
1548 2.5
1549 2.5
1550 2.5
1551 2.5
1552 2.5
1553 2.5
1554 2.5
1555 2.5
1556 2.5
1557 2.5
1558 2.5
1559 2.5
1560 2.5
1561 2.5
1562 2.5
1563 2.5
1564 2.5
1565 2.5
1566 2.5
1567 2.5
1568 2.5
1569 2.5
1570 2.5
1571 2.5
1572 2.5
1573 2.5
1574 2.5
1575 2.5
1576 2.5
1577 2.5
1578 2.5
1579 2.5
1580 2.5
1581 2.5
1582 0.1
1583 0.1
1584 0.1
1585 0.1
1586 0.1
1587 0.1
1588 0.1
1589 0.1
1590 0.1
1591 0.1
1592 0.1
1593 0.1
1594 0.1
1595 0.1
1596 0.1
1597 0.1
1598 0.1
1599 0.1
1600 0.1
1601 0.1
1602 0.1
1603 0.1
1604 0.1
1605 0.1
1606 0.1
1607 0.1
1608 0.1
1609 0.1
1610 0.1
1611 0.1
1612 0.1
1613 0.1
1614 0.1
1615 0.1
1616 0.1
1617 0.1
1618 0.1
1619 0.1
1620 0.1
1621 0.1
1622 0.1
1623 0.1
1624 0.1
1625 0.1
1626 0.1
1627 0.1
1628 0.1
1629 0.1
1630 0.1
1631 0.1
1632 0.1
1633 0.1
1634 0.1
1635 0.1
1636 0.1
1637 0.1
1638 0.1
1639 0.1
1640 0.1
1641 0.1
1642 0.1
1643 0.1
1644 0.1
1645 0.1
1646 0.1
1647 0.1
1648 0.1
1649 0.1
1650 0.1
1651 0.1
1652 0.1
1653 0.1
1654 0.1
1655 0.1
1656 0.1
1657 0.1
1658 0.1
1659 0.1
1660 0.1
1661 0.1
1662 0.1
1663 0.1
1664 0.1
1665 0.1
1666 0.1
1667 0.1
1668 0.1
1669 0.1
1670 0.1
1671 0.1
1672 0.1
1673 0.1
1674 0.1
1675 0.1
1676 0.1
1677 0.1
1678 0.1
1679 0.1
1680 0.1
1681 0.1
1682 0.1
1683 0.1
1684 0.1
1685 0.1
1686 0.1
1687 0.1
1688 0.1
1689 0.1
1690 0.1
1691 0.1
1692 0.1
1693 0.1
1694 0.1
1695 0.1
1696 0.1
1697 0.1
1698 0.1
1699 0.1
1700 0.1
1701 0.1
1702 0.1
1703 0.1
1704 0.1
1705 0.1
1706 0.1
1707 0.1
1708 0.1
1709 0.1
1710 0.1
1711 0.1
1712 0.1
1713 0.1
1714 0.1
1715 0.1
1716 0.1
1717 0.1
1718 0.1
1719 0.1
1720 0.1
1721 0.1
1722 0.1
1723 0.1
1724 0.1
1725 0.1
1726 0.1
1727 0.1
1728 0.1
1729 0.1
1730 0.1
1731 0.1
1732 0.1
1733 0.1
1734 0.1
1735 0.1
1736 0.1
1737 0.1
1738 0.1
1739 0.1
1740 0.1
1741 0.1
1742 0.1
1743 0.1
1744 0.1
1745 0.1
1746 0.1
1747 0.1
1748 0.1
1749 0.1
1750 0.1
1751 0.1
1752 0.1
1753 0.1
1754 0.1
1755 0.1
1756 0.1
1757 0.1
1758 0.1
1759 0.1
1760 0.1
1761 0.1
1762 0.1
1763 0.1
1764 0.1
1765 0.1
1766 0.1
1767 0.1
1768 0.1
1769 0.1
1770 0.1
1771 0.1
1772 0.1
1773 0.1
1774 0.1
1775 0.1
1776 0.1
1777 0.1
1778 0.1
1779 0.1
1780 0.1
1781 0.1
1782 0.1
1783 0.1
1784 0.1
1785 0.1
1786 0.1
1787 0.1
1788 0.1
1789 0.1
1790 0.1
1791 0.1
1792 0.1
1793 0.1
1794 0.1
1795 0.1
1796 2.5
1797 2.5
1798 2.5
1799 2.5
1800 2.5
1801 2.5
1802 2.5
1803 2.5
1804 2.5
1805 2.5
1806 2.5
1807 2.5
1808 2.5
1809 2.5
1810 2.5
1811 2.5
1812 2.5
1813 2.5
1814 2.5
1815 2.5
1816 2.5
1817 2.5
1818 2.5
1819 2.5
1820 2.5
1821 2.5
1822 2.5
1823 2.5
1824 2.5
1825 2.5
1826 2.5
1827 2.5
1828 2.5
1829 2.5
1830 2.5
1831 2.5
1832 2.5
1833 2.5
1834 2.5
1835 2.5
1836 2.5
1837 2.5
1838 2.5
1839 2.5
1840 2.5
1841 2.5
1842 2.5
1843 2.5
1844 2.5
1845 2.5
1846 2.5
1847 2.5
1848 2.5
1849 2.5
1850 2.5
1851 2.5
1852 2.5
1853 2.5
1854 2.5
1855 2.5
1856 2.5
1857 2.5
1858 2.5
1859 2.5
1860 2.5
1861 2.5
1862 2.5
1863 2.5
1864 2.5
1865 2.5
1866 2.5
1867 2.5
1868 2.5
1869 2.5
1870 2.5
1871 2.5
1872 2.5
1873 2.5
1874 2.5
1875 2.5
1876 2.5
1877 2.5
1878 2.5
1879 2.5
1880 2.5
1881 2.5
1882 2.5
1883 2.5
1884 2.5
1885 2.5
1886 2.5
1887 2.5
1888 2.5
1889 2.5
1890 2.5
1891 2.5
1892 2.5
1893 2.5
1894 2.5
1895 2.5
1896 2.5
1897 2.5
1898 2.5
1899 2.5
1900 2.5
1901 2.5
1902 2.5
1903 2.5
1904 2.5
1905 2.5
1906 2.5
1907 2.5
1908 2.5
1909 2.5
1910 2.5
1911 2.5
1912 2.5
1913 2.5
1914 2.5
1915 2.5
1916 2.5
1917 2.5
1918 2.5
1919 2.5
1920 2.5
1921 2.5
1922 2.5
1923 2.5
1924 2.5
1925 2.5
1926 2.5
1927 2.5
1928 2.5
1929 2.5
1930 2.5
1931 2.5
1932 2.5
1933 2.5
1934 2.5
1935 2.5
1936 2.5
1937 2.5
1938 2.5
1939 2.5
1940 2.5
1941 2.5
1942 2.5
1943 2.5
1944 2.5
1945 2.5
1946 2.5
1947 2.5
1948 0.1
1949 0.1
1950 0.1
1951 0.1
1952 0.1
1953 0.1
1954 0.1
1955 0.1
1956 0.1
1957 0.1
1958 0.1
1959 0.1
1960 0.1
1961 0.1
1962 0.1
1963 0.1
1964 0.1
1965 0.1
1966 0.1
1967 0.1
1968 0.1
1969 0.1
1970 0.1
1971 0.1
1972 0.1
1973 0.1
1974 0.1
1975 0.1
1976 0.1
1977 0.1
1978 0.1
1979 0.1
1980 0.1
1981 0.1
1982 0.1
1983 0.1
1984 0.1
1985 0.1
1986 0.1
1987 0.1
1988 0.1
1989 0.1
1990 0.1
1991 0.1
1992 0.1
1993 0.1
1994 0.1
1995 0.1
1996 0.1
1997 0.1
1998 0.1
1999 0.1
2000 0.1
2001 0.1
2002 0.1
2003 0.1
2004 0.1
2005 0.1
2006 0.1
2007 0.1
2008 0.1
2009 0.1
2010 0.1
2011 0.1
2012 0.1
2013 0.1
2014 0.1
2015 0.1
2016 0.1
2017 0.1
2018 0.1
2019 0.1
2020 0.1
2021 0.1
2022 0.1
2023 0.1
2024 0.1
2025 0.1
2026 0.1
2027 0.1
2028 0.1
2029 0.1
2030 0.1
2031 0.1
2032 0.1
2033 0.1
2034 0.1
2035 0.1
2036 0.1
2037 0.1
2038 0.1
2039 0.1
2040 0.1
2041 0.1
2042 0.1
2043 0.1
2044 0.1
2045 0.1
2046 0.1
2047 0.1
2048 0.1
2049 0.1
2050 0.1
2051 0.1
2052 0.1
2053 0.1
2054 0.1
2055 0.1
2056 0.1
2057 0.1
2058 0.1
2059 0.1
2060 0.1
2061 0.1
2062 0.1
2063 0.1
2064 0.1
2065 0.1
2066 0.1
2067 0.1
2068 0.1
2069 0.1
2070 0.1
2071 0.1
2072 0.1
2073 0.1
2074 0.1
2075 0.1
2076 0.1
2077 0.1
2078 0.1
2079 0.1
2080 0.1
2081 0.1
2082 0.1
2083 0.1
2084 0.1
2085 0.1
2086 0.1
2087 0.1
2088 0.1
2089 0.1
2090 0.1
2091 0.1
2092 0.1
2093 0.1
2094 0.1
2095 0.1
2096 0.1
2097 0.1
2098 0.1
2099 0.1
2100 0.1
2101 0.1
2102 0.1
2103 0.1
2104 0.1
2105 0.1
2106 0.1
2107 0.1
2108 0.1
2109 0.1
2110 0.1
2111 0.1
2112 0.1
2113 0.1
2114 0.1
2115 0.1
2116 0.1
2117 0.1
2118 0.1
2119 0.1
2120 0.1
2121 0.1
2122 0.1
2123 0.1
2124 0.1
2125 0.1
2126 0.1
2127 0.1
2128 0.1
2129 0.1
2130 0.1
2131 0.1
2132 0.1
2133 0.1
2134 0.1
2135 0.1
2136 0.1
2137 0.1
2138 0.1
2139 0.1
2140 0.1
2141 0.1
2142 0.1
2143 0.1
2144 0.1
2145 0.1
2146 0.1
2147 0.1
2148 0.1
2149 0.1
2150 0.1
2151 0.1
2152 0.1
2153 0.1
2154 0.1
2155 0.1
2156 0.1
2157 0.1
2158 0.1
2159 0.1
2160 0.1
2161 0.1
2162 2.5
2163 2.5
2164 2.5
2165 2.5
2166 2.5
2167 2.5
2168 2.5
2169 2.5
2170 2.5
2171 2.5
2172 2.5
2173 2.5
2174 2.5
2175 2.5
2176 2.5
2177 2.5
2178 2.5
2179 2.5
2180 2.5
2181 2.5
2182 2.5
2183 2.5
2184 2.5
2185 2.5
2186 2.5
2187 2.5
2188 2.5
2189 2.5
2190 2.5
2191 2.5
2192 2.5
2193 2.5
2194 2.5
2195 2.5
2196 2.5
2197 2.5
2198 2.5
2199 2.5
2200 2.5
2201 2.5
2202 2.5
2203 2.5
2204 2.5
2205 2.5
2206 2.5
2207 2.5
2208 2.5
2209 2.5
2210 2.5
2211 2.5
2212 2.5
2213 2.5
2214 2.5
2215 2.5
2216 2.5
2217 2.5
2218 2.5
2219 2.5
2220 2.5
2221 2.5
2222 2.5
2223 2.5
2224 2.5
2225 2.5
2226 2.5
2227 2.5
2228 2.5
2229 2.5
2230 2.5
2231 2.5
2232 2.5
2233 2.5
2234 2.5
2235 2.5
2236 2.5
2237 2.5
2238 2.5
2239 2.5
2240 2.5
2241 2.5
2242 2.5
2243 2.5
2244 2.5
2245 2.5
2246 2.5
2247 2.5
2248 2.5
2249 2.5
2250 2.5
2251 2.5
2252 2.5
2253 2.5
2254 2.5
2255 2.5
2256 2.5
2257 2.5
2258 2.5
2259 2.5
2260 2.5
2261 2.5
2262 2.5
2263 2.5
2264 2.5
2265 2.5
2266 2.5
2267 2.5
2268 2.5
2269 2.5
2270 2.5
2271 2.5
2272 2.5
2273 2.5
2274 2.5
2275 2.5
2276 2.5
2277 2.5
2278 2.5
2279 2.5
2280 2.5
2281 2.5
2282 2.5
2283 2.5
2284 2.5
2285 2.5
2286 2.5
2287 2.5
2288 2.5
2289 2.5
2290 2.5
2291 2.5
2292 2.5
2293 2.5
2294 2.5
2295 2.5
2296 2.5
2297 2.5
2298 2.5
2299 2.5
2300 2.5
2301 2.5
2302 2.5
2303 2.5
2304 2.5
2305 2.5
2306 2.5
2307 2.5
2308 2.5
2309 2.5
2310 2.5
2311 2.5
2312 2.5
2313 0.1
2314 0.1
2315 0.1
2316 0.1
2317 0.1
2318 0.1
2319 0.1
2320 0.1
2321 0.1
2322 0.1
2323 0.1
2324 0.1
2325 0.1
2326 0.1
2327 0.1
2328 0.1
2329 0.1
2330 0.1
2331 0.1
2332 0.1
2333 0.1
2334 0.1
2335 0.1
2336 0.1
2337 0.1
2338 0.1
2339 0.1
2340 0.1
2341 0.1
2342 0.1
2343 0.1
2344 0.1
2345 0.1
2346 0.1
2347 0.1
2348 0.1
2349 0.1
2350 0.1
2351 0.1
2352 0.1
2353 0.1
2354 0.1
2355 0.1
2356 0.1
2357 0.1
2358 0.1
2359 0.1
2360 0.1
2361 0.1
2362 0.1
2363 0.1
2364 0.1
2365 0.1
2366 0.1
2367 0.1
2368 0.1
2369 0.1
2370 0.1
2371 0.1
2372 0.1
2373 0.1
2374 0.1
2375 0.1
2376 0.1
2377 0.1
2378 0.1
2379 0.1
2380 0.1
2381 0.1
2382 0.1
2383 0.1
2384 0.1
2385 0.1
2386 0.1
2387 0.1
2388 0.1
2389 0.1
2390 0.1
2391 0.1
2392 0.1
2393 0.1
2394 0.1
2395 0.1
2396 0.1
2397 0.1
2398 0.1
2399 0.1
2400 0.1
2401 0.1
2402 0.1
2403 0.1
2404 0.1
2405 0.1
2406 0.1
2407 0.1
2408 0.1
2409 0.1
2410 0.1
2411 0.1
2412 0.1
2413 0.1
2414 0.1
2415 0.1
2416 0.1
2417 0.1
2418 0.1
2419 0.1
2420 0.1
2421 0.1
2422 0.1
2423 0.1
2424 0.1
2425 0.1
2426 0.1
2427 0.1
2428 0.1
2429 0.1
2430 0.1
2431 0.1
2432 0.1
2433 0.1
2434 0.1
2435 0.1
2436 0.1
2437 0.1
2438 0.1
2439 0.1
2440 0.1
2441 0.1
2442 0.1
2443 0.1
2444 0.1
2445 0.1
2446 0.1
2447 0.1
2448 0.1
2449 0.1
2450 0.1
2451 0.1
2452 0.1
2453 0.1
2454 0.1
2455 0.1
2456 0.1
2457 0.1
2458 0.1
2459 0.1
2460 0.1
2461 0.1
2462 0.1
2463 0.1
2464 0.1
2465 0.1
2466 0.1
2467 0.1
2468 0.1
2469 0.1
2470 0.1
2471 0.1
2472 0.1
2473 0.1
2474 0.1
2475 0.1
2476 0.1
2477 0.1
2478 0.1
2479 0.1
2480 0.1
2481 0.1
2482 0.1
2483 0.1
2484 0.1
2485 0.1
2486 0.1
2487 0.1
2488 0.1
2489 0.1
2490 0.1
2491 0.1
2492 0.1
2493 0.1
2494 0.1
2495 0.1
2496 0.1
2497 0.1
2498 0.1
2499 0.1
2500 0.1
2501 0.1
2502 0.1
2503 0.1
2504 0.1
2505 0.1
2506 0.1
2507 0.1
2508 0.1
2509 0.1
2510 0.1
2511 0.1
2512 0.1
2513 0.1
2514 0.1
2515 0.1
2516 0.1
2517 0.1
2518 0.1
2519 0.1
2520 0.1
2521 0.1
2522 0.1
2523 0.1
2524 0.1
2525 0.1
2526 0.1
2527 2.5
2528 2.5
2529 2.5
2530 2.5
2531 2.5
2532 2.5
2533 2.5
2534 2.5
2535 2.5
2536 2.5
2537 2.5
2538 2.5
2539 2.5
2540 2.5
2541 2.5
2542 2.5
2543 2.5
2544 2.5
2545 2.5
2546 2.5
2547 2.5
2548 2.5
2549 2.5
2550 2.5
2551 2.5
2552 2.5
2553 2.5
2554 2.5
2555 2.5
2556 2.5
2557 2.5
2558 2.5
2559 2.5
2560 2.5
2561 2.5
2562 2.5
2563 2.5
2564 2.5
2565 2.5
2566 2.5
2567 2.5
2568 2.5
2569 2.5
2570 2.5
2571 2.5
2572 2.5
2573 2.5
2574 2.5
2575 2.5
2576 2.5
2577 2.5
2578 2.5
2579 2.5
2580 2.5
2581 2.5
2582 2.5
2583 2.5
2584 2.5
2585 2.5
2586 2.5
2587 2.5
2588 2.5
2589 2.5
2590 2.5
2591 2.5
2592 2.5
2593 2.5
2594 2.5
2595 2.5
2596 2.5
2597 2.5
2598 2.5
2599 2.5
2600 2.5
2601 2.5
2602 2.5
2603 2.5
2604 2.5
2605 2.5
2606 2.5
2607 2.5
2608 2.5
2609 2.5
2610 2.5
2611 2.5
2612 2.5
2613 2.5
2614 2.5
2615 2.5
2616 2.5
2617 2.5
2618 2.5
2619 2.5
2620 2.5
2621 2.5
2622 2.5
2623 2.5
2624 2.5
2625 2.5
2626 2.5
2627 2.5
2628 2.5
2629 2.5
2630 2.5
2631 2.5
2632 2.5
2633 2.5
2634 2.5
2635 2.5
2636 2.5
2637 2.5
2638 2.5
2639 2.5
2640 2.5
2641 2.5
2642 2.5
2643 2.5
2644 2.5
2645 2.5
2646 2.5
2647 2.5
2648 2.5
2649 2.5
2650 2.5
2651 2.5
2652 2.5
2653 2.5
2654 2.5
2655 2.5
2656 2.5
2657 2.5
2658 2.5
2659 2.5
2660 2.5
2661 2.5
2662 2.5
2663 2.5
2664 2.5
2665 2.5
2666 2.5
2667 2.5
2668 2.5
2669 2.5
2670 2.5
2671 2.5
2672 2.5
2673 2.5
2674 2.5
2675 2.5
2676 2.5
2677 2.5
2678 0.1
2679 0.1
2680 0.1
2681 0.1
2682 0.1
2683 0.1
2684 0.1
2685 0.1
2686 0.1
2687 0.1
2688 0.1
2689 0.1
2690 0.1
2691 0.1
2692 0.1
2693 0.1
2694 0.1
2695 0.1
2696 0.1
2697 0.1
2698 0.1
2699 0.1
2700 0.1
2701 0.1
2702 0.1
2703 0.1
2704 0.1
2705 0.1
2706 0.1
2707 0.1
2708 0.1
2709 0.1
2710 0.1
2711 0.1
2712 0.1
2713 0.1
2714 0.1
2715 0.1
2716 0.1
2717 0.1
2718 0.1
2719 0.1
2720 0.1
2721 0.1
2722 0.1
2723 0.1
2724 0.1
2725 0.1
2726 0.1
2727 0.1
2728 0.1
2729 0.1
2730 0.1
2731 0.1
2732 0.1
2733 0.1
2734 0.1
2735 0.1
2736 0.1
2737 0.1
2738 0.1
2739 0.1
2740 0.1
2741 0.1
2742 0.1
2743 0.1
2744 0.1
2745 0.1
2746 0.1
2747 0.1
2748 0.1
2749 0.1
2750 0.1
2751 0.1
2752 0.1
2753 0.1
2754 0.1
2755 0.1
2756 0.1
2757 0.1
2758 0.1
2759 0.1
2760 0.1
2761 0.1
2762 0.1
2763 0.1
2764 0.1
2765 0.1
2766 0.1
2767 0.1
2768 0.1
2769 0.1
2770 0.1
2771 0.1
2772 0.1
2773 0.1
2774 0.1
2775 0.1
2776 0.1
2777 0.1
2778 0.1
2779 0.1
2780 0.1
2781 0.1
2782 0.1
2783 0.1
2784 0.1
2785 0.1
2786 0.1
2787 0.1
2788 0.1
2789 0.1
2790 0.1
2791 0.1
2792 0.1
2793 0.1
2794 0.1
2795 0.1
2796 0.1
2797 0.1
2798 0.1
2799 0.1
2800 0.1
2801 0.1
2802 0.1
2803 0.1
2804 0.1
2805 0.1
2806 0.1
2807 0.1
2808 0.1
2809 0.1
2810 0.1
2811 0.1
2812 0.1
2813 0.1
2814 0.1
2815 0.1
2816 0.1
2817 0.1
2818 0.1
2819 0.1
2820 0.1
2821 0.1
2822 0.1
2823 0.1
2824 0.1
2825 0.1
2826 0.1
2827 0.1
2828 0.1
2829 0.1
2830 0.1
2831 0.1
2832 0.1
2833 0.1
2834 0.1
2835 0.1
2836 0.1
2837 0.1
2838 0.1
2839 0.1
2840 0.1
2841 0.1
2842 0.1
2843 0.1
2844 0.1
2845 0.1
2846 0.1
2847 0.1
2848 0.1
2849 0.1
2850 0.1
2851 0.1
2852 0.1
2853 0.1
2854 0.1
2855 0.1
2856 0.1
2857 0.1
2858 0.1
2859 0.1
2860 0.1
2861 0.1
2862 0.1
2863 0.1
2864 0.1
2865 0.1
2866 0.1
2867 0.1
2868 0.1
2869 0.1
2870 0.1
2871 0.1
2872 0.1
2873 0.1
2874 0.1
2875 0.1
2876 0.1
2877 0.1
2878 0.1
2879 0.1
2880 0.1
2881 0.1
2882 0.1
2883 0.1
2884 0.1
2885 0.1
2886 0.1
2887 0.1
2888 0.1
2889 0.1
2890 0.1
2891 0.1
2892 2.5
2893 2.5
2894 2.5
2895 2.5
2896 2.5
2897 2.5
2898 2.5
2899 2.5
2900 2.5
2901 2.5
2902 2.5
2903 2.5
2904 2.5
2905 2.5
2906 2.5
2907 2.5
2908 2.5
2909 2.5
2910 2.5
2911 2.5
2912 2.5
2913 2.5
2914 2.5
2915 2.5
2916 2.5
2917 2.5
2918 2.5
2919 2.5
2920 2.5
2921 2.5
2922 2.5
2923 2.5
2924 2.5
2925 2.5
2926 2.5
2927 2.5
2928 2.5
2929 2.5
2930 2.5
2931 2.5
2932 2.5
2933 2.5
2934 2.5
2935 2.5
2936 2.5
2937 2.5
2938 2.5
2939 2.5
2940 2.5
2941 2.5
2942 2.5
2943 2.5
2944 2.5
2945 2.5
2946 2.5
2947 2.5
2948 2.5
2949 2.5
2950 2.5
2951 2.5
2952 2.5
2953 2.5
2954 2.5
2955 2.5
2956 2.5
2957 2.5
2958 2.5
2959 2.5
2960 2.5
2961 2.5
2962 2.5
2963 2.5
2964 2.5
2965 2.5
2966 2.5
2967 2.5
2968 2.5
2969 2.5
2970 2.5
2971 2.5
2972 2.5
2973 2.5
2974 2.5
2975 2.5
2976 2.5
2977 2.5
2978 2.5
2979 2.5
2980 2.5
2981 2.5
2982 2.5
2983 2.5
2984 2.5
2985 2.5
2986 2.5
2987 2.5
2988 2.5
2989 2.5
2990 2.5
2991 2.5
2992 2.5
2993 2.5
2994 2.5
2995 2.5
2996 2.5
2997 2.5
2998 2.5
2999 2.5
3000 2.5
3001 2.5
3002 2.5
3003 2.5
3004 2.5
3005 2.5
3006 2.5
3007 2.5
3008 2.5
3009 2.5
3010 2.5
3011 2.5
3012 2.5
3013 2.5
3014 2.5
3015 2.5
3016 2.5
3017 2.5
3018 2.5
3019 2.5
3020 2.5
3021 2.5
3022 2.5
3023 2.5
3024 2.5
3025 2.5
3026 2.5
3027 2.5
3028 2.5
3029 2.5
3030 2.5
3031 2.5
3032 2.5
3033 2.5
3034 2.5
3035 2.5
3036 2.5
3037 2.5
3038 2.5
3039 2.5
3040 2.5
3041 2.5
3042 2.5
3043 0.1
3044 0.1
3045 0.1
3046 0.1
3047 0.1
3048 0.1
3049 0.1
3050 0.1
3051 0.1
3052 0.1
3053 0.1
3054 0.1
3055 0.1
3056 0.1
3057 0.1
3058 0.1
3059 0.1
3060 0.1
3061 0.1
3062 0.1
3063 0.1
3064 0.1
3065 0.1
3066 0.1
3067 0.1
3068 0.1
3069 0.1
3070 0.1
3071 0.1
3072 0.1
3073 0.1
3074 0.1
3075 0.1
3076 0.1
3077 0.1
3078 0.1
3079 0.1
3080 0.1
3081 0.1
3082 0.1
3083 0.1
3084 0.1
3085 0.1
3086 0.1
3087 0.1
3088 0.1
3089 0.1
3090 0.1
3091 0.1
3092 0.1
3093 0.1
3094 0.1
3095 0.1
3096 0.1
3097 0.1
3098 0.1
3099 0.1
3100 0.1
3101 0.1
3102 0.1
3103 0.1
3104 0.1
3105 0.1
3106 0.1
3107 0.1
3108 0.1
3109 0.1
3110 0.1
3111 0.1
3112 0.1
3113 0.1
3114 0.1
3115 0.1
3116 0.1
3117 0.1
3118 0.1
3119 0.1
3120 0.1
3121 0.1
3122 0.1
3123 0.1
3124 0.1
3125 0.1
3126 0.1
3127 0.1
3128 0.1
3129 0.1
3130 0.1
3131 0.1
3132 0.1
3133 0.1
3134 0.1
3135 0.1
3136 0.1
3137 0.1
3138 0.1
3139 0.1
3140 0.1
3141 0.1
3142 0.1
3143 0.1
3144 0.1
3145 0.1
3146 0.1
3147 0.1
3148 0.1
3149 0.1
3150 0.1
3151 0.1
3152 0.1
3153 0.1
3154 0.1
3155 0.1
3156 0.1
3157 0.1
3158 0.1
3159 0.1
3160 0.1
3161 0.1
3162 0.1
3163 0.1
3164 0.1
3165 0.1
3166 0.1
3167 0.1
3168 0.1
3169 0.1
3170 0.1
3171 0.1
3172 0.1
3173 0.1
3174 0.1
3175 0.1
3176 0.1
3177 0.1
3178 0.1
3179 0.1
3180 0.1
3181 0.1
3182 0.1
3183 0.1
3184 0.1
3185 0.1
3186 0.1
3187 0.1
3188 0.1
3189 0.1
3190 0.1
3191 0.1
3192 0.1
3193 0.1
3194 0.1
3195 0.1
3196 0.1
3197 0.1
3198 0.1
3199 0.1
3200 0.1
3201 0.1
3202 0.1
3203 0.1
3204 0.1
3205 0.1
3206 0.1
3207 0.1
3208 0.1
3209 0.1
3210 0.1
3211 0.1
3212 0.1
3213 0.1
3214 0.1
3215 0.1
3216 0.1
3217 0.1
3218 0.1
3219 0.1
3220 0.1
3221 0.1
3222 0.1
3223 0.1
3224 0.1
3225 0.1
3226 0.1
3227 0.1
3228 0.1
3229 0.1
3230 0.1
3231 0.1
3232 0.1
3233 0.1
3234 0.1
3235 0.1
3236 0.1
3237 0.1
3238 0.1
3239 0.1
3240 0.1
3241 0.1
3242 0.1
3243 0.1
3244 0.1
3245 0.1
3246 0.1
3247 0.1
3248 0.1
3249 0.1
3250 0.1
3251 0.1
3252 0.1
3253 0.1
3254 0.1
3255 0.1
3256 0.1
3257 2.5
3258 2.5
3259 2.5
3260 2.5
3261 2.5
3262 2.5
3263 2.5
3264 2.5
3265 2.5
3266 2.5
3267 2.5
3268 2.5
3269 2.5
3270 2.5
3271 2.5
3272 2.5
3273 2.5
3274 2.5
3275 2.5
3276 2.5
3277 2.5
3278 2.5
3279 2.5
3280 2.5
3281 2.5
3282 2.5
3283 2.5
3284 2.5
3285 2.5
3286 2.5
3287 2.5
3288 2.5
3289 2.5
3290 2.5
3291 2.5
3292 2.5
3293 2.5
3294 2.5
3295 2.5
3296 2.5
3297 2.5
3298 2.5
3299 2.5
3300 2.5
3301 2.5
3302 2.5
3303 2.5
3304 2.5
3305 2.5
3306 2.5
3307 2.5
3308 2.5
3309 2.5
3310 2.5
3311 2.5
3312 2.5
3313 2.5
3314 2.5
3315 2.5
3316 2.5
3317 2.5
3318 2.5
3319 2.5
3320 2.5
3321 2.5
3322 2.5
3323 2.5
3324 2.5
3325 2.5
3326 2.5
3327 2.5
3328 2.5
3329 2.5
3330 2.5
3331 2.5
3332 2.5
3333 2.5
3334 2.5
3335 2.5
3336 2.5
3337 2.5
3338 2.5
3339 2.5
3340 2.5
3341 2.5
3342 2.5
3343 2.5
3344 2.5
3345 2.5
3346 2.5
3347 2.5
3348 2.5
3349 2.5
3350 2.5
3351 2.5
3352 2.5
3353 2.5
3354 2.5
3355 2.5
3356 2.5
3357 2.5
3358 2.5
3359 2.5
3360 2.5
3361 2.5
3362 2.5
3363 2.5
3364 2.5
3365 2.5
3366 2.5
3367 2.5
3368 2.5
3369 2.5
3370 2.5
3371 2.5
3372 2.5
3373 2.5
3374 2.5
3375 2.5
3376 2.5
3377 2.5
3378 2.5
3379 2.5
3380 2.5
3381 2.5
3382 2.5
3383 2.5
3384 2.5
3385 2.5
3386 2.5
3387 2.5
3388 2.5
3389 2.5
3390 2.5
3391 2.5
3392 2.5
3393 2.5
3394 2.5
3395 2.5
3396 2.5
3397 2.5
3398 2.5
3399 2.5
3400 2.5
3401 2.5
3402 2.5
3403 2.5
3404 2.5
3405 2.5
3406 2.5
3407 2.5
3408 2.5
3409 0.1
3410 0.1
3411 0.1
3412 0.1
3413 0.1
3414 0.1
3415 0.1
3416 0.1
3417 0.1
3418 0.1
3419 0.1
3420 0.1
3421 0.1
3422 0.1
3423 0.1
3424 0.1
3425 0.1
3426 0.1
3427 0.1
3428 0.1
3429 0.1
3430 0.1
3431 0.1
3432 0.1
3433 0.1
3434 0.1
3435 0.1
3436 0.1
3437 0.1
3438 0.1
3439 0.1
3440 0.1
3441 0.1
3442 0.1
3443 0.1
3444 0.1
3445 0.1
3446 0.1
3447 0.1
3448 0.1
3449 0.1
3450 0.1
3451 0.1
3452 0.1
3453 0.1
3454 0.1
3455 0.1
3456 0.1
3457 0.1
3458 0.1
3459 0.1
3460 0.1
3461 0.1
3462 0.1
3463 0.1
3464 0.1
3465 0.1
3466 0.1
3467 0.1
3468 0.1
3469 0.1
3470 0.1
3471 0.1
3472 0.1
3473 0.1
3474 0.1
3475 0.1
3476 0.1
3477 0.1
3478 0.1
3479 0.1
3480 0.1
3481 0.1
3482 0.1
3483 0.1
3484 0.1
3485 0.1
3486 0.1
3487 0.1
3488 0.1
3489 0.1
3490 0.1
3491 0.1
3492 0.1
3493 0.1
3494 0.1
3495 0.1
3496 0.1
3497 0.1
3498 0.1
3499 0.1
3500 0.1
3501 0.1
3502 0.1
3503 0.1
3504 0.1
3505 0.1
3506 0.1
3507 0.1
3508 0.1
3509 0.1
3510 0.1
3511 0.1
3512 0.1
3513 0.1
3514 0.1
3515 0.1
3516 0.1
3517 0.1
3518 0.1
3519 0.1
3520 0.1
3521 0.1
3522 0.1
3523 0.1
3524 0.1
3525 0.1
3526 0.1
3527 0.1
3528 0.1
3529 0.1
3530 0.1
3531 0.1
3532 0.1
3533 0.1
3534 0.1
3535 0.1
3536 0.1
3537 0.1
3538 0.1
3539 0.1
3540 0.1
3541 0.1
3542 0.1
3543 0.1
3544 0.1
3545 0.1
3546 0.1
3547 0.1
3548 0.1
3549 0.1
3550 0.1
3551 0.1
3552 0.1
3553 0.1
3554 0.1
3555 0.1
3556 0.1
3557 0.1
3558 0.1
3559 0.1
3560 0.1
3561 0.1
3562 0.1
3563 0.1
3564 0.1
3565 0.1
3566 0.1
3567 0.1
3568 0.1
3569 0.1
3570 0.1
3571 0.1
3572 0.1
3573 0.1
3574 0.1
3575 0.1
3576 0.1
3577 0.1
3578 0.1
3579 0.1
3580 0.1
3581 0.1
3582 0.1
3583 0.1
3584 0.1
3585 0.1
3586 0.1
3587 0.1
3588 0.1
3589 0.1
3590 0.1
3591 0.1
3592 0.1
3593 0.1
3594 0.1
3595 0.1
3596 0.1
3597 0.1
3598 0.1
3599 0.1
3600 0.1
3601 0.1
3602 0.1
3603 0.1
3604 0.1
3605 0.1
3606 0.1
3607 0.1
3608 0.1
3609 0.1
3610 0.1
3611 0.1
3612 0.1
3613 0.1
3614 0.1
3615 0.1
3616 0.1
3617 0.1
3618 0.1
3619 0.1
3620 0.1
3621 0.1
3622 0.1
3623 2.5
3624 2.5
3625 2.5
3626 2.5
3627 2.5
3628 2.5
3629 2.5
3630 2.5
3631 2.5
3632 2.5
3633 2.5
3634 2.5
3635 2.5
3636 2.5
3637 2.5
3638 2.5
3639 2.5
3640 2.5
3641 2.5
3642 2.5
3643 2.5
3644 2.5
3645 2.5
3646 2.5
3647 2.5
3648 2.5
3649 2.5
3650 2.5
3651 2.5
3652 2.5
3653 2.5
3654 2.5
3655 2.5
3656 2.5
3657 2.5
3658 2.5
3659 2.5
3660 2.5
3661 2.5
3662 2.5
3663 2.5
3664 2.5
3665 2.5
3666 2.5
3667 2.5
3668 2.5
3669 2.5
3670 2.5
3671 2.5
3672 2.5
3673 2.5
3674 2.5
3675 2.5
3676 2.5
3677 2.5
3678 2.5
3679 2.5
3680 2.5
3681 2.5
3682 2.5
3683 2.5
3684 2.5
3685 2.5
3686 2.5
3687 2.5
3688 2.5
3689 2.5
3690 2.5
3691 2.5
3692 2.5
3693 2.5
3694 2.5
3695 2.5
3696 2.5
3697 2.5
3698 2.5
3699 2.5
3700 2.5
3701 2.5
3702 2.5
3703 2.5
3704 2.5
3705 2.5
3706 2.5
3707 2.5
3708 2.5
3709 2.5
3710 2.5
3711 2.5
3712 2.5
3713 2.5
3714 2.5
3715 2.5
3716 2.5
3717 2.5
3718 2.5
3719 2.5
3720 2.5
3721 2.5
3722 2.5
3723 2.5
3724 2.5
3725 2.5
3726 2.5
3727 2.5
3728 2.5
3729 2.5
3730 2.5
3731 2.5
3732 2.5
3733 2.5
3734 2.5
3735 2.5
3736 2.5
3737 2.5
3738 2.5
3739 2.5
3740 2.5
3741 2.5
3742 2.5
3743 2.5
3744 2.5
3745 2.5
3746 2.5
3747 2.5
3748 2.5
3749 2.5
3750 2.5
3751 2.5
3752 2.5
3753 2.5
3754 2.5
3755 2.5
3756 2.5
3757 2.5
3758 2.5
3759 2.5
3760 2.5
3761 2.5
3762 2.5
3763 2.5
3764 2.5
3765 2.5
3766 2.5
3767 2.5
3768 2.5
3769 2.5
3770 2.5
3771 2.5
3772 2.5
3773 2.5
3774 0.1
3775 0.1
3776 0.1
3777 0.1
3778 0.1
3779 0.1
3780 0.1
3781 0.1
3782 0.1
3783 0.1
3784 0.1
3785 0.1
3786 0.1
3787 0.1
3788 0.1
3789 0.1
3790 0.1
3791 0.1
3792 0.1
3793 0.1
3794 0.1
3795 0.1
3796 0.1
3797 0.1
3798 0.1
3799 0.1
3800 0.1
3801 0.1
3802 0.1
3803 0.1
3804 0.1
3805 0.1
3806 0.1
3807 0.1
3808 0.1
3809 0.1
3810 0.1
3811 0.1
3812 0.1
3813 0.1
3814 0.1
3815 0.1
3816 0.1
3817 0.1
3818 0.1
3819 0.1
3820 0.1
3821 0.1
3822 0.1
3823 0.1
3824 0.1
3825 0.1
3826 0.1
3827 0.1
3828 0.1
3829 0.1
3830 0.1
3831 0.1
3832 0.1
3833 0.1
3834 0.1
3835 0.1
3836 0.1
3837 0.1
3838 0.1
3839 0.1
3840 0.1
3841 0.1
3842 0.1
3843 0.1
3844 0.1
3845 0.1
3846 0.1
3847 0.1
3848 0.1
3849 0.1
3850 0.1
3851 0.1
3852 0.1
3853 0.1
3854 0.1
3855 0.1
3856 0.1
3857 0.1
3858 0.1
3859 0.1
3860 0.1
3861 0.1
3862 0.1
3863 0.1
3864 0.1
3865 0.1
3866 0.1
3867 0.1
3868 0.1
3869 0.1
3870 0.1
3871 0.1
3872 0.1
3873 0.1
3874 0.1
3875 0.1
3876 0.1
3877 0.1
3878 0.1
3879 0.1
3880 0.1
3881 0.1
3882 0.1
3883 0.1
3884 0.1
3885 0.1
3886 0.1
3887 0.1
3888 0.1
3889 0.1
3890 0.1
3891 0.1
3892 0.1
3893 0.1
3894 0.1
3895 0.1
3896 0.1
3897 0.1
3898 0.1
3899 0.1
3900 0.1
3901 0.1
3902 0.1
3903 0.1
3904 0.1
3905 0.1
3906 0.1
3907 0.1
3908 0.1
3909 0.1
3910 0.1
3911 0.1
3912 0.1
3913 0.1
3914 0.1
3915 0.1
3916 0.1
3917 0.1
3918 0.1
3919 0.1
3920 0.1
3921 0.1
3922 0.1
3923 0.1
3924 0.1
3925 0.1
3926 0.1
3927 0.1
3928 0.1
3929 0.1
3930 0.1
3931 0.1
3932 0.1
3933 0.1
3934 0.1
3935 0.1
3936 0.1
3937 0.1
3938 0.1
3939 0.1
3940 0.1
3941 0.1
3942 0.1
3943 0.1
3944 0.1
3945 0.1
3946 0.1
3947 0.1
3948 0.1
3949 0.1
3950 0.1
3951 0.1
3952 0.1
3953 0.1
3954 0.1
3955 0.1
3956 0.1
3957 0.1
3958 0.1
3959 0.1
3960 0.1
3961 0.1
3962 0.1
3963 0.1
3964 0.1
3965 0.1
3966 0.1
3967 0.1
3968 0.1
3969 0.1
3970 0.1
3971 0.1
3972 0.1
3973 0.1
3974 0.1
3975 0.1
3976 0.1
3977 0.1
3978 0.1
3979 0.1
3980 0.1
3981 0.1
3982 0.1
3983 0.1
3984 0.1
3985 0.1
3986 0.1
3987 0.1
3988 2.5
3989 2.5
3990 2.5
3991 2.5
3992 2.5
3993 2.5
3994 2.5
3995 2.5
3996 2.5
3997 2.5
3998 2.5
3999 2.5
4000 2.5
4001 2.5
4002 2.5
4003 2.5
4004 2.5
4005 2.5
4006 2.5
4007 2.5
4008 2.5
4009 2.5
4010 2.5
4011 2.5
4012 2.5
4013 2.5
4014 2.5
4015 2.5
4016 2.5
4017 2.5
4018 2.5
4019 2.5
4020 2.5
4021 2.5
4022 2.5
4023 2.5
4024 2.5
4025 2.5
4026 2.5
4027 2.5
4028 2.5
4029 2.5
4030 2.5
4031 2.5
4032 2.5
4033 2.5
4034 2.5
4035 2.5
4036 2.5
4037 2.5
4038 2.5
4039 2.5
4040 2.5
4041 2.5
4042 2.5
4043 2.5
4044 2.5
4045 2.5
4046 2.5
4047 2.5
4048 2.5
4049 2.5
4050 2.5
4051 2.5
4052 2.5
4053 2.5
4054 2.5
4055 2.5
4056 2.5
4057 2.5
4058 2.5
4059 2.5
4060 2.5
4061 2.5
4062 2.5
4063 2.5
4064 2.5
4065 2.5
4066 2.5
4067 2.5
4068 2.5
4069 2.5
4070 2.5
4071 2.5
4072 2.5
4073 2.5
4074 2.5
4075 2.5
4076 2.5
4077 2.5
4078 2.5
4079 2.5
4080 2.5
4081 2.5
4082 2.5
4083 2.5
4084 2.5
4085 2.5
4086 2.5
4087 2.5
4088 2.5
4089 2.5
4090 2.5
4091 2.5
4092 2.5
4093 2.5
4094 2.5
4095 2.5
4096 2.5
4097 2.5
4098 2.5
4099 2.5
4100 2.5
4101 2.5
4102 2.5
4103 2.5
4104 2.5
4105 2.5
4106 2.5
4107 2.5
4108 2.5
4109 2.5
4110 2.5
4111 2.5
4112 2.5
4113 2.5
4114 2.5
4115 2.5
4116 2.5
4117 2.5
4118 2.5
4119 2.5
4120 2.5
4121 2.5
4122 2.5
4123 2.5
4124 2.5
4125 2.5
4126 2.5
4127 2.5
4128 2.5
4129 2.5
4130 2.5
4131 2.5
4132 2.5
4133 2.5
4134 2.5
4135 2.5
4136 2.5
4137 2.5
4138 2.5
4139 0.1
4140 0.1
4141 0.1
4142 0.1
4143 0.1
4144 0.1
4145 0.1
4146 0.1
4147 0.1
4148 0.1
4149 0.1
4150 0.1
4151 0.1
4152 0.1
4153 0.1
4154 0.1
4155 0.1
4156 0.1
4157 0.1
4158 0.1
4159 0.1
4160 0.1
4161 0.1
4162 0.1
4163 0.1
4164 0.1
4165 0.1
4166 0.1
4167 0.1
4168 0.1
4169 0.1
4170 0.1
4171 0.1
4172 0.1
4173 0.1
4174 0.1
4175 0.1
4176 0.1
4177 0.1
4178 0.1
4179 0.1
4180 0.1
4181 0.1
4182 0.1
4183 0.1
4184 0.1
4185 0.1
4186 0.1
4187 0.1
4188 0.1
4189 0.1
4190 0.1
4191 0.1
4192 0.1
4193 0.1
4194 0.1
4195 0.1
4196 0.1
4197 0.1
4198 0.1
4199 0.1
4200 0.1
4201 0.1
4202 0.1
4203 0.1
4204 0.1
4205 0.1
4206 0.1
4207 0.1
4208 0.1
4209 0.1
4210 0.1
4211 0.1
4212 0.1
4213 0.1
4214 0.1
4215 0.1
4216 0.1
4217 0.1
4218 0.1
4219 0.1
4220 0.1
4221 0.1
4222 0.1
4223 0.1
4224 0.1
4225 0.1
4226 0.1
4227 0.1
4228 0.1
4229 0.1
4230 0.1
4231 0.1
4232 0.1
4233 0.1
4234 0.1
4235 0.1
4236 0.1
4237 0.1
4238 0.1
4239 0.1
4240 0.1
4241 0.1
4242 0.1
4243 0.1
4244 0.1
4245 0.1
4246 0.1
4247 0.1
4248 0.1
4249 0.1
4250 0.1
4251 0.1
4252 0.1
4253 0.1
4254 0.1
4255 0.1
4256 0.1
4257 0.1
4258 0.1
4259 0.1
4260 0.1
4261 0.1
4262 0.1
4263 0.1
4264 0.1
4265 0.1
4266 0.1
4267 0.1
4268 0.1
4269 0.1
4270 0.1
4271 0.1
4272 0.1
4273 0.1
4274 0.1
4275 0.1
4276 0.1
4277 0.1
4278 0.1
4279 0.1
4280 0.1
4281 0.1
4282 0.1
4283 0.1
4284 0.1
4285 0.1
4286 0.1
4287 0.1
4288 0.1
4289 0.1
4290 0.1
4291 0.1
4292 0.1
4293 0.1
4294 0.1
4295 0.1
4296 0.1
4297 0.1
4298 0.1
4299 0.1
4300 0.1
4301 0.1
4302 0.1
4303 0.1
4304 0.1
4305 0.1
4306 0.1
4307 0.1
4308 0.1
4309 0.1
4310 0.1
4311 0.1
4312 0.1
4313 0.1
4314 0.1
4315 0.1
4316 0.1
4317 0.1
4318 0.1
4319 0.1
4320 0.1
4321 0.1
4322 0.1
4323 0.1
4324 0.1
4325 0.1
4326 0.1
4327 0.1
4328 0.1
4329 0.1
4330 0.1
4331 0.1
4332 0.1
4333 0.1
4334 0.1
4335 0.1
4336 0.1
4337 0.1
4338 0.1
4339 0.1
4340 0.1
4341 0.1
4342 0.1
4343 0.1
4344 0.1
4345 0.1
4346 0.1
4347 0.1
4348 0.1
4349 0.1
4350 0.1
4351 0.1
4352 0.1
4353 2.5
4354 2.5
4355 2.5
4356 2.5
4357 2.5
4358 2.5
4359 2.5
4360 2.5
4361 2.5
4362 2.5
4363 2.5
4364 2.5
4365 2.5
4366 2.5
4367 2.5
4368 2.5
4369 2.5
4370 2.5
4371 2.5
4372 2.5
4373 2.5
4374 2.5
4375 2.5
4376 2.5
4377 2.5
4378 2.5
4379 2.5
4380 2.5
4381 2.5
4382 2.5
4383 2.5
4384 2.5
4385 2.5
4386 2.5
4387 2.5
4388 2.5
4389 2.5
4390 2.5
4391 2.5
4392 2.5
4393 2.5
4394 2.5
4395 2.5
4396 2.5
4397 2.5
4398 2.5
4399 2.5
4400 2.5
4401 2.5
4402 2.5
4403 2.5
4404 2.5
4405 2.5
4406 2.5
4407 2.5
4408 2.5
4409 2.5
4410 2.5
4411 2.5
4412 2.5
4413 2.5
4414 2.5
4415 2.5
4416 2.5
4417 2.5
4418 2.5
4419 2.5
4420 2.5
4421 2.5
4422 2.5
4423 2.5
4424 2.5
4425 2.5
4426 2.5
4427 2.5
4428 2.5
4429 2.5
4430 2.5
4431 2.5
4432 2.5
4433 2.5
4434 2.5
4435 2.5
4436 2.5
4437 2.5
4438 2.5
4439 2.5
4440 2.5
4441 2.5
4442 2.5
4443 2.5
4444 2.5
4445 2.5
4446 2.5
4447 2.5
4448 2.5
4449 2.5
4450 2.5
4451 2.5
4452 2.5
4453 2.5
4454 2.5
4455 2.5
4456 2.5
4457 2.5
4458 2.5
4459 2.5
4460 2.5
4461 2.5
4462 2.5
4463 2.5
4464 2.5
4465 2.5
4466 2.5
4467 2.5
4468 2.5
4469 2.5
4470 2.5
4471 2.5
4472 2.5
4473 2.5
4474 2.5
4475 2.5
4476 2.5
4477 2.5
4478 2.5
4479 2.5
4480 2.5
4481 2.5
4482 2.5
4483 2.5
4484 2.5
4485 2.5
4486 2.5
4487 2.5
4488 2.5
4489 2.5
4490 2.5
4491 2.5
4492 2.5
4493 2.5
4494 2.5
4495 2.5
4496 2.5
4497 2.5
4498 2.5
4499 2.5
4500 2.5
4501 2.5
4502 2.5
4503 2.5
4504 0.1
4505 0.1
4506 0.1
4507 0.1
4508 0.1
4509 0.1
4510 0.1
4511 0.1
4512 0.1
4513 0.1
4514 0.1
4515 0.1
4516 0.1
4517 0.1
4518 0.1
4519 0.1
4520 0.1
4521 0.1
4522 0.1
4523 0.1
4524 0.1
4525 0.1
4526 0.1
4527 0.1
4528 0.1
4529 0.1
4530 0.1
4531 0.1
4532 0.1
4533 0.1
4534 0.1
4535 0.1
4536 0.1
4537 0.1
4538 0.1
4539 0.1
4540 0.1
4541 0.1
4542 0.1
4543 0.1
4544 0.1
4545 0.1
4546 0.1
4547 0.1
4548 0.1
4549 0.1
4550 0.1
4551 0.1
4552 0.1
4553 0.1
4554 0.1
4555 0.1
4556 0.1
4557 0.1
4558 0.1
4559 0.1
4560 0.1
4561 0.1
4562 0.1
4563 0.1
4564 0.1
4565 0.1
4566 0.1
4567 0.1
4568 0.1
4569 0.1
4570 0.1
4571 0.1
4572 0.1
4573 0.1
4574 0.1
4575 0.1
4576 0.1
4577 0.1
4578 0.1
4579 0.1
4580 0.1
4581 0.1
4582 0.1
4583 0.1
4584 0.1
4585 0.1
4586 0.1
4587 0.1
4588 0.1
4589 0.1
4590 0.1
4591 0.1
4592 0.1
4593 0.1
4594 0.1
4595 0.1
4596 0.1
4597 0.1
4598 0.1
4599 0.1
4600 0.1
4601 0.1
4602 0.1
4603 0.1
4604 0.1
4605 0.1
4606 0.1
4607 0.1
4608 0.1
4609 0.1
4610 0.1
4611 0.1
4612 0.1
4613 0.1
4614 0.1
4615 0.1
4616 0.1
4617 0.1
4618 0.1
4619 0.1
4620 0.1
4621 0.1
4622 0.1
4623 0.1
4624 0.1
4625 0.1
4626 0.1
4627 0.1
4628 0.1
4629 0.1
4630 0.1
4631 0.1
4632 0.1
4633 0.1
4634 0.1
4635 0.1
4636 0.1
4637 0.1
4638 0.1
4639 0.1
4640 0.1
4641 0.1
4642 0.1
4643 0.1
4644 0.1
4645 0.1
4646 0.1
4647 0.1
4648 0.1
4649 0.1
4650 0.1
4651 0.1
4652 0.1
4653 0.1
4654 0.1
4655 0.1
4656 0.1
4657 0.1
4658 0.1
4659 0.1
4660 0.1
4661 0.1
4662 0.1
4663 0.1
4664 0.1
4665 0.1
4666 0.1
4667 0.1
4668 0.1
4669 0.1
4670 0.1
4671 0.1
4672 0.1
4673 0.1
4674 0.1
4675 0.1
4676 0.1
4677 0.1
4678 0.1
4679 0.1
4680 0.1
4681 0.1
4682 0.1
4683 0.1
4684 0.1
4685 0.1
4686 0.1
4687 0.1
4688 0.1
4689 0.1
4690 0.1
4691 0.1
4692 0.1
4693 0.1
4694 0.1
4695 0.1
4696 0.1
4697 0.1
4698 0.1
4699 0.1
4700 0.1
4701 0.1
4702 0.1
4703 0.1
4704 0.1
4705 0.1
4706 0.1
4707 0.1
4708 0.1
4709 0.1
4710 0.1
4711 0.1
4712 0.1
4713 0.1
4714 0.1
4715 0.1
4716 0.1
4717 0.1
4718 2.5
4719 2.5
4720 2.5
4721 2.5
4722 2.5
4723 2.5
4724 2.5
4725 2.5
4726 2.5
4727 2.5
4728 2.5
4729 2.5
4730 2.5
4731 2.5
4732 2.5
4733 2.5
4734 2.5
4735 2.5
4736 2.5
4737 2.5
4738 2.5
4739 2.5
4740 2.5
4741 2.5
4742 2.5
4743 2.5
4744 2.5
4745 2.5
4746 2.5
4747 2.5
4748 2.5
4749 2.5
4750 2.5
4751 2.5
4752 2.5
4753 2.5
4754 2.5
4755 2.5
4756 2.5
4757 2.5
4758 2.5
4759 2.5
4760 2.5
4761 2.5
4762 2.5
4763 2.5
4764 2.5
4765 2.5
4766 2.5
4767 2.5
4768 2.5
4769 2.5
4770 2.5
4771 2.5
4772 2.5
4773 2.5
4774 2.5
4775 2.5
4776 2.5
4777 2.5
4778 2.5
4779 2.5
4780 2.5
4781 2.5
4782 2.5
4783 2.5
4784 2.5
4785 2.5
4786 2.5
4787 2.5
4788 2.5
4789 2.5
4790 2.5
4791 2.5
4792 2.5
4793 2.5
4794 2.5
4795 2.5
4796 2.5
4797 2.5
4798 2.5
4799 2.5
4800 2.5
4801 2.5
4802 2.5
4803 2.5
4804 2.5
4805 2.5
4806 2.5
4807 2.5
4808 2.5
4809 2.5
4810 2.5
4811 2.5
4812 2.5
4813 2.5
4814 2.5
4815 2.5
4816 2.5
4817 2.5
4818 2.5
4819 2.5
4820 2.5
4821 2.5
4822 2.5
4823 2.5
4824 2.5
4825 2.5
4826 2.5
4827 2.5
4828 2.5
4829 2.5
4830 2.5
4831 2.5
4832 2.5
4833 2.5
4834 2.5
4835 2.5
4836 2.5
4837 2.5
4838 2.5
4839 2.5
4840 2.5
4841 2.5
4842 2.5
4843 2.5
4844 2.5
4845 2.5
4846 2.5
4847 2.5
4848 2.5
4849 2.5
4850 2.5
4851 2.5
4852 2.5
4853 2.5
4854 2.5
4855 2.5
4856 2.5
4857 2.5
4858 2.5
4859 2.5
4860 2.5
4861 2.5
4862 2.5
4863 2.5
4864 2.5
4865 2.5
4866 2.5
4867 2.5
4868 2.5
4869 2.5
4870 0.1
4871 0.1
4872 0.1
4873 0.1
4874 0.1
4875 0.1
4876 0.1
4877 0.1
4878 0.1
4879 0.1
4880 0.1
4881 0.1
4882 0.1
4883 0.1
4884 0.1
4885 0.1
4886 0.1
4887 0.1
4888 0.1
4889 0.1
4890 0.1
4891 0.1
4892 0.1
4893 0.1
4894 0.1
4895 0.1
4896 0.1
4897 0.1
4898 0.1
4899 0.1
4900 0.1
4901 0.1
4902 0.1
4903 0.1
4904 0.1
4905 0.1
4906 0.1
4907 0.1
4908 0.1
4909 0.1
4910 0.1
4911 0.1
4912 0.1
4913 0.1
4914 0.1
4915 0.1
4916 0.1
4917 0.1
4918 0.1
4919 0.1
4920 0.1
4921 0.1
4922 0.1
4923 0.1
4924 0.1
4925 0.1
4926 0.1
4927 0.1
4928 0.1
4929 0.1
4930 0.1
4931 0.1
4932 0.1
4933 0.1
4934 0.1
4935 0.1
4936 0.1
4937 0.1
4938 0.1
4939 0.1
4940 0.1
4941 0.1
4942 0.1
4943 0.1
4944 0.1
4945 0.1
4946 0.1
4947 0.1
4948 0.1
4949 0.1
4950 0.1
4951 0.1
4952 0.1
4953 0.1
4954 0.1
4955 0.1
4956 0.1
4957 0.1
4958 0.1
4959 0.1
4960 0.1
4961 0.1
4962 0.1
4963 0.1
4964 0.1
4965 0.1
4966 0.1
4967 0.1
4968 0.1
4969 0.1
4970 0.1
4971 0.1
4972 0.1
4973 0.1
4974 0.1
4975 0.1
4976 0.1
4977 0.1
4978 0.1
4979 0.1
4980 0.1
4981 0.1
4982 0.1
4983 0.1
4984 0.1
4985 0.1
4986 0.1
4987 0.1
4988 0.1
4989 0.1
4990 0.1
4991 0.1
4992 0.1
4993 0.1
4994 0.1
4995 0.1
4996 0.1
4997 0.1
4998 0.1
4999 0.1
5000 0.1
5001 0.1
5002 0.1
5003 0.1
5004 0.1
5005 0.1
5006 0.1
5007 0.1
5008 0.1
5009 0.1
5010 0.1
5011 0.1
5012 0.1
5013 0.1
5014 0.1
5015 0.1
5016 0.1
5017 0.1
5018 0.1
5019 0.1
5020 0.1
5021 0.1
5022 0.1
5023 0.1
5024 0.1
5025 0.1
5026 0.1
5027 0.1
5028 0.1
5029 0.1
5030 0.1
5031 0.1
5032 0.1
5033 0.1
5034 0.1
5035 0.1
5036 0.1
5037 0.1
5038 0.1
5039 0.1
5040 0.1
5041 0.1
5042 0.1
5043 0.1
5044 0.1
5045 0.1
5046 0.1
5047 0.1
5048 0.1
5049 0.1
5050 0.1
5051 0.1
5052 0.1
5053 0.1
5054 0.1
5055 0.1
5056 0.1
5057 0.1
5058 0.1
5059 0.1
5060 0.1
5061 0.1
5062 0.1
5063 0.1
5064 0.1
5065 0.1
5066 0.1
5067 0.1
5068 0.1
5069 0.1
5070 0.1
5071 0.1
5072 0.1
5073 0.1
5074 0.1
5075 0.1
5076 0.1
5077 0.1
5078 0.1
5079 0.1
5080 0.1
5081 0.1
5082 0.1
5083 0.1
5084 2.5
5085 2.5
5086 2.5
5087 2.5
5088 2.5
5089 2.5
5090 2.5
5091 2.5
5092 2.5
5093 2.5
5094 2.5
5095 2.5
5096 2.5
5097 2.5
5098 2.5
5099 2.5
5100 2.5
5101 2.5
5102 2.5
5103 2.5
5104 2.5
5105 2.5
5106 2.5
5107 2.5
5108 2.5
5109 2.5
5110 2.5
5111 2.5
5112 2.5
5113 2.5
5114 2.5
5115 2.5
5116 2.5
5117 2.5
5118 2.5
5119 2.5
5120 2.5
5121 2.5
5122 2.5
5123 2.5
5124 2.5
5125 2.5
5126 2.5
5127 2.5
5128 2.5
5129 2.5
5130 2.5
5131 2.5
5132 2.5
5133 2.5
5134 2.5
5135 2.5
5136 2.5
5137 2.5
5138 2.5
5139 2.5
5140 2.5
5141 2.5
5142 2.5
5143 2.5
5144 2.5
5145 2.5
5146 2.5
5147 2.5
5148 2.5
5149 2.5
5150 2.5
5151 2.5
5152 2.5
5153 2.5
5154 2.5
5155 2.5
5156 2.5
5157 2.5
5158 2.5
5159 2.5
5160 2.5
5161 2.5
5162 2.5
5163 2.5
5164 2.5
5165 2.5
5166 2.5
5167 2.5
5168 2.5
5169 2.5
5170 2.5
5171 2.5
5172 2.5
5173 2.5
5174 2.5
5175 2.5
5176 2.5
5177 2.5
5178 2.5
5179 2.5
5180 2.5
5181 2.5
5182 2.5
5183 2.5
5184 2.5
5185 2.5
5186 2.5
5187 2.5
5188 2.5
5189 2.5
5190 2.5
5191 2.5
5192 2.5
5193 2.5
5194 2.5
5195 2.5
5196 2.5
5197 2.5
5198 2.5
5199 2.5
5200 2.5
5201 2.5
5202 2.5
5203 2.5
5204 2.5
5205 2.5
5206 2.5
5207 2.5
5208 2.5
5209 2.5
5210 2.5
5211 2.5
5212 2.5
5213 2.5
5214 2.5
5215 2.5
5216 2.5
5217 2.5
5218 2.5
5219 2.5
5220 2.5
5221 2.5
5222 2.5
5223 2.5
5224 2.5
5225 2.5
5226 2.5
5227 2.5
5228 2.5
5229 2.5
5230 2.5
5231 2.5
5232 2.5
5233 2.5
5234 2.5
5235 0.1
5236 0.1
5237 0.1
5238 0.1
5239 0.1
5240 0.1
5241 0.1
5242 0.1
5243 0.1
5244 0.1
5245 0.1
5246 0.1
5247 0.1
5248 0.1
5249 0.1
5250 0.1
5251 0.1
5252 0.1
5253 0.1
5254 0.1
5255 0.1
5256 0.1
5257 0.1
5258 0.1
5259 0.1
5260 0.1
5261 0.1
5262 0.1
5263 0.1
5264 0.1
5265 0.1
5266 0.1
5267 0.1
5268 0.1
5269 0.1
5270 0.1
5271 0.1
5272 0.1
5273 0.1
5274 0.1
5275 0.1
5276 0.1
5277 0.1
5278 0.1
5279 0.1
5280 0.1
5281 0.1
5282 0.1
5283 0.1
5284 0.1
5285 0.1
5286 0.1
5287 0.1
5288 0.1
5289 0.1
5290 0.1
5291 0.1
5292 0.1
5293 0.1
5294 0.1
5295 0.1
5296 0.1
5297 0.1
5298 0.1
5299 0.1
5300 0.1
5301 0.1
5302 0.1
5303 0.1
5304 0.1
5305 0.1
5306 0.1
5307 0.1
5308 0.1
5309 0.1
5310 0.1
5311 0.1
5312 0.1
5313 0.1
5314 0.1
5315 0.1
5316 0.1
5317 0.1
5318 0.1
5319 0.1
5320 0.1
5321 0.1
5322 0.1
5323 0.1
5324 0.1
5325 0.1
5326 0.1
5327 0.1
5328 0.1
5329 0.1
5330 0.1
5331 0.1
5332 0.1
5333 0.1
5334 0.1
5335 0.1
5336 0.1
5337 0.1
5338 0.1
5339 0.1
5340 0.1
5341 0.1
5342 0.1
5343 0.1
5344 0.1
5345 0.1
5346 0.1
5347 0.1
5348 0.1
5349 0.1
5350 0.1
5351 0.1
5352 0.1
5353 0.1
5354 0.1
5355 0.1
5356 0.1
5357 0.1
5358 0.1
5359 0.1
5360 0.1
5361 0.1
5362 0.1
5363 0.1
5364 0.1
5365 0.1
5366 0.1
5367 0.1
5368 0.1
5369 0.1
5370 0.1
5371 0.1
5372 0.1
5373 0.1
5374 0.1
5375 0.1
5376 0.1
5377 0.1
5378 0.1
5379 0.1
5380 0.1
5381 0.1
5382 0.1
5383 0.1
5384 0.1
5385 0.1
5386 0.1
5387 0.1
5388 0.1
5389 0.1
5390 0.1
5391 0.1
5392 0.1
5393 0.1
5394 0.1
5395 0.1
5396 0.1
5397 0.1
5398 0.1
5399 0.1
5400 0.1
5401 0.1
5402 0.1
5403 0.1
5404 0.1
5405 0.1
5406 0.1
5407 0.1
5408 0.1
5409 0.1
5410 0.1
5411 0.1
5412 0.1
5413 0.1
5414 0.1
5415 0.1
5416 0.1
5417 0.1
5418 0.1
5419 0.1
5420 0.1
5421 0.1
5422 0.1
5423 0.1
5424 0.1
5425 0.1
5426 0.1
5427 0.1
5428 0.1
5429 0.1
5430 0.1
5431 0.1
5432 0.1
5433 0.1
5434 0.1
5435 0.1
5436 0.1
5437 0.1
5438 0.1
5439 0.1
5440 0.1
5441 0.1
5442 0.1
5443 0.1
5444 0.1
5445 0.1
5446 0.1
5447 0.1
5448 0.1
5449 2.5
5450 2.5
5451 2.5
5452 2.5
5453 2.5
5454 2.5
5455 2.5
5456 2.5
5457 2.5
5458 2.5
5459 2.5
5460 2.5
5461 2.5
5462 2.5
5463 2.5
5464 2.5
5465 2.5
5466 2.5
5467 2.5
5468 2.5
5469 2.5
5470 2.5
5471 2.5
5472 2.5
5473 2.5
5474 2.5
5475 2.5
5476 2.5
5477 2.5
5478 2.5
5479 2.5
5480 2.5
5481 2.5
5482 2.5
5483 2.5
5484 2.5
5485 2.5
5486 2.5
5487 2.5
5488 2.5
5489 2.5
5490 2.5
5491 2.5
5492 2.5
5493 2.5
5494 2.5
5495 2.5
5496 2.5
5497 2.5
5498 2.5
5499 2.5
5500 2.5
5501 2.5
5502 2.5
5503 2.5
5504 2.5
5505 2.5
5506 2.5
5507 2.5
5508 2.5
5509 2.5
5510 2.5
5511 2.5
5512 2.5
5513 2.5
5514 2.5
5515 2.5
5516 2.5
5517 2.5
5518 2.5
5519 2.5
5520 2.5
5521 2.5
5522 2.5
5523 2.5
5524 2.5
5525 2.5
5526 2.5
5527 2.5
5528 2.5
5529 2.5
5530 2.5
5531 2.5
5532 2.5
5533 2.5
5534 2.5
5535 2.5
5536 2.5
5537 2.5
5538 2.5
5539 2.5
5540 2.5
5541 2.5
5542 2.5
5543 2.5
5544 2.5
5545 2.5
5546 2.5
5547 2.5
5548 2.5
5549 2.5
5550 2.5
5551 2.5
5552 2.5
5553 2.5
5554 2.5
5555 2.5
5556 2.5
5557 2.5
5558 2.5
5559 2.5
5560 2.5
5561 2.5
5562 2.5
5563 2.5
5564 2.5
5565 2.5
5566 2.5
5567 2.5
5568 2.5
5569 2.5
5570 2.5
5571 2.5
5572 2.5
5573 2.5
5574 2.5
5575 2.5
5576 2.5
5577 2.5
5578 2.5
5579 2.5
5580 2.5
5581 2.5
5582 2.5
5583 2.5
5584 2.5
5585 2.5
5586 2.5
5587 2.5
5588 2.5
5589 2.5
5590 2.5
5591 2.5
5592 2.5
5593 2.5
5594 2.5
5595 2.5
5596 2.5
5597 2.5
5598 2.5
5599 2.5
5600 0.1
5601 0.1
5602 0.1
5603 0.1
5604 0.1
5605 0.1
5606 0.1
5607 0.1
5608 0.1
5609 0.1
5610 0.1
5611 0.1
5612 0.1
5613 0.1
5614 0.1
5615 0.1
5616 0.1
5617 0.1
5618 0.1
5619 0.1
5620 0.1
5621 0.1
5622 0.1
5623 0.1
5624 0.1
5625 0.1
5626 0.1
5627 0.1
5628 0.1
5629 0.1
5630 0.1
5631 0.1
5632 0.1
5633 0.1
5634 0.1
5635 0.1
5636 0.1
5637 0.1
5638 0.1
5639 0.1
5640 0.1
5641 0.1
5642 0.1
5643 0.1
5644 0.1
5645 0.1
5646 0.1
5647 0.1
5648 0.1
5649 0.1
5650 0.1
5651 0.1
5652 0.1
5653 0.1
5654 0.1
5655 0.1
5656 0.1
5657 0.1
5658 0.1
5659 0.1
5660 0.1
5661 0.1
5662 0.1
5663 0.1
5664 0.1
5665 0.1
5666 0.1
5667 0.1
5668 0.1
5669 0.1
5670 0.1
5671 0.1
5672 0.1
5673 0.1
5674 0.1
5675 0.1
5676 0.1
5677 0.1
5678 0.1
5679 0.1
5680 0.1
5681 0.1
5682 0.1
5683 0.1
5684 0.1
5685 0.1
5686 0.1
5687 0.1
5688 0.1
5689 0.1
5690 0.1
5691 0.1
5692 0.1
5693 0.1
5694 0.1
5695 0.1
5696 0.1
5697 0.1
5698 0.1
5699 0.1
5700 0.1
5701 0.1
5702 0.1
5703 0.1
5704 0.1
5705 0.1
5706 0.1
5707 0.1
5708 0.1
5709 0.1
5710 0.1
5711 0.1
5712 0.1
5713 0.1
5714 0.1
5715 0.1
5716 0.1
5717 0.1
5718 0.1
5719 0.1
5720 0.1
5721 0.1
5722 0.1
5723 0.1
5724 0.1
5725 0.1
5726 0.1
5727 0.1
5728 0.1
5729 0.1
5730 0.1
5731 0.1
5732 0.1
5733 0.1
5734 0.1
5735 0.1
5736 0.1
5737 0.1
5738 0.1
5739 0.1
5740 0.1
5741 0.1
5742 0.1
5743 0.1
5744 0.1
5745 0.1
5746 0.1
5747 0.1
5748 0.1
5749 0.1
5750 0.1
5751 0.1
5752 0.1
5753 0.1
5754 0.1
5755 0.1
5756 0.1
5757 0.1
5758 0.1
5759 0.1
5760 0.1
5761 0.1
5762 0.1
5763 0.1
5764 0.1
5765 0.1
5766 0.1
5767 0.1
5768 0.1
5769 0.1
5770 0.1
5771 0.1
5772 0.1
5773 0.1
5774 0.1
5775 0.1
5776 0.1
5777 0.1
5778 0.1
5779 0.1
5780 0.1
5781 0.1
5782 0.1
5783 0.1
5784 0.1
5785 0.1
5786 0.1
5787 0.1
5788 0.1
5789 0.1
5790 0.1
5791 0.1
5792 0.1
5793 0.1
5794 0.1
5795 0.1
5796 0.1
5797 0.1
5798 0.1
5799 0.1
5800 0.1
5801 0.1
5802 0.1
5803 0.1
5804 0.1
5805 0.1
5806 0.1
5807 0.1
5808 0.1
5809 0.1
5810 0.1
5811 0.1
5812 0.1
5813 0.1
5814 2.5
5815 2.5
5816 2.5
5817 2.5
5818 2.5
5819 2.5
5820 2.5
5821 2.5
5822 2.5
5823 2.5
5824 2.5
5825 2.5
5826 2.5
5827 2.5
5828 2.5
5829 2.5
5830 2.5
5831 2.5
5832 2.5
5833 2.5
5834 2.5
5835 2.5
5836 2.5
5837 2.5
5838 2.5
5839 2.5
5840 2.5
5841 2.5
5842 2.5
5843 2.5
5844 2.5
5845 2.5
5846 2.5
5847 2.5
5848 2.5
5849 2.5
5850 2.5
5851 2.5
5852 2.5
5853 2.5
5854 2.5
5855 2.5
5856 2.5
5857 2.5
5858 2.5
5859 2.5
5860 2.5
5861 2.5
5862 2.5
5863 2.5
5864 2.5
5865 2.5
5866 2.5
5867 2.5
5868 2.5
5869 2.5
5870 2.5
5871 2.5
5872 2.5
5873 2.5
5874 2.5
5875 2.5
5876 2.5
5877 2.5
5878 2.5
5879 2.5
5880 2.5
5881 2.5
5882 2.5
5883 2.5
5884 2.5
5885 2.5
5886 2.5
5887 2.5
5888 2.5
5889 2.5
5890 2.5
5891 2.5
5892 2.5
5893 2.5
5894 2.5
5895 2.5
5896 2.5
5897 2.5
5898 2.5
5899 2.5
5900 2.5
5901 2.5
5902 2.5
5903 2.5
5904 2.5
5905 2.5
5906 2.5
5907 2.5
5908 2.5
5909 2.5
5910 2.5
5911 2.5
5912 2.5
5913 2.5
5914 2.5
5915 2.5
5916 2.5
5917 2.5
5918 2.5
5919 2.5
5920 2.5
5921 2.5
5922 2.5
5923 2.5
5924 2.5
5925 2.5
5926 2.5
5927 2.5
5928 2.5
5929 2.5
5930 2.5
5931 2.5
5932 2.5
5933 2.5
5934 2.5
5935 2.5
5936 2.5
5937 2.5
5938 2.5
5939 2.5
5940 2.5
5941 2.5
5942 2.5
5943 2.5
5944 2.5
5945 2.5
5946 2.5
5947 2.5
5948 2.5
5949 2.5
5950 2.5
5951 2.5
5952 2.5
5953 2.5
5954 2.5
5955 2.5
5956 2.5
5957 2.5
5958 2.5
5959 2.5
5960 2.5
5961 2.5
5962 2.5
5963 2.5
5964 2.5
5965 0.1
5966 0.1
5967 0.1
5968 0.1
5969 0.1
5970 0.1
5971 0.1
5972 0.1
5973 0.1
5974 0.1
5975 0.1
5976 0.1
5977 0.1
5978 0.1
5979 0.1
5980 0.1
5981 0.1
5982 0.1
5983 0.1
5984 0.1
5985 0.1
5986 0.1
5987 0.1
5988 0.1
5989 0.1
5990 0.1
5991 0.1
5992 0.1
5993 0.1
5994 0.1
5995 0.1
5996 0.1
5997 0.1
5998 0.1
5999 0.1
6000 0.1
6001 0.1
6002 0.1
6003 0.1
6004 0.1
6005 0.1
6006 0.1
6007 0.1
6008 0.1
6009 0.1
6010 0.1
6011 0.1
6012 0.1
6013 0.1
6014 0.1
6015 0.1
6016 0.1
6017 0.1
6018 0.1
6019 0.1
6020 0.1
6021 0.1
6022 0.1
6023 0.1
6024 0.1
6025 0.1
6026 0.1
6027 0.1
6028 0.1
6029 0.1
6030 0.1
6031 0.1
6032 0.1
6033 0.1
6034 0.1
6035 0.1
6036 0.1
6037 0.1
6038 0.1
6039 0.1
6040 0.1
6041 0.1
6042 0.1
6043 0.1
6044 0.1
6045 0.1
6046 0.1
6047 0.1
6048 0.1
6049 0.1
6050 0.1
6051 0.1
6052 0.1
6053 0.1
6054 0.1
6055 0.1
6056 0.1
6057 0.1
6058 0.1
6059 0.1
6060 0.1
6061 0.1
6062 0.1
6063 0.1
6064 0.1
6065 0.1
6066 0.1
6067 0.1
6068 0.1
6069 0.1
6070 0.1
6071 0.1
6072 0.1
6073 0.1
6074 0.1
6075 0.1
6076 0.1
6077 0.1
6078 0.1
6079 0.1
6080 0.1
6081 0.1
6082 0.1
6083 0.1
6084 0.1
6085 0.1
6086 0.1
6087 0.1
6088 0.1
6089 0.1
6090 0.1
6091 0.1
6092 0.1
6093 0.1
6094 0.1
6095 0.1
6096 0.1
6097 0.1
6098 0.1
6099 0.1
6100 0.1
6101 0.1
6102 0.1
6103 0.1
6104 0.1
6105 0.1
6106 0.1
6107 0.1
6108 0.1
6109 0.1
6110 0.1
6111 0.1
6112 0.1
6113 0.1
6114 0.1
6115 0.1
6116 0.1
6117 0.1
6118 0.1
6119 0.1
6120 0.1
6121 0.1
6122 0.1
6123 0.1
6124 0.1
6125 0.1
6126 0.1
6127 0.1
6128 0.1
6129 0.1
6130 0.1
6131 0.1
6132 0.1
6133 0.1
6134 0.1
6135 0.1
6136 0.1
6137 0.1
6138 0.1
6139 0.1
6140 0.1
6141 0.1
6142 0.1
6143 0.1
6144 0.1
6145 0.1
6146 0.1
6147 0.1
6148 0.1
6149 0.1
6150 0.1
6151 0.1
6152 0.1
6153 0.1
6154 0.1
6155 0.1
6156 0.1
6157 0.1
6158 0.1
6159 0.1
6160 0.1
6161 0.1
6162 0.1
6163 0.1
6164 0.1
6165 0.1
6166 0.1
6167 0.1
6168 0.1
6169 0.1
6170 0.1
6171 0.1
6172 0.1
6173 0.1
6174 0.1
6175 0.1
6176 0.1
6177 0.1
6178 0.1
6179 2.5
6180 2.5
6181 2.5
6182 2.5
6183 2.5
6184 2.5
6185 2.5
6186 2.5
6187 2.5
6188 2.5
6189 2.5
6190 2.5
6191 2.5
6192 2.5
6193 2.5
6194 2.5
6195 2.5
6196 2.5
6197 2.5
6198 2.5
6199 2.5
6200 2.5
6201 2.5
6202 2.5
6203 2.5
6204 2.5
6205 2.5
6206 2.5
6207 2.5
6208 2.5
6209 2.5
6210 2.5
6211 2.5
6212 2.5
6213 2.5
6214 2.5
6215 2.5
6216 2.5
6217 2.5
6218 2.5
6219 2.5
6220 2.5
6221 2.5
6222 2.5
6223 2.5
6224 2.5
6225 2.5
6226 2.5
6227 2.5
6228 2.5
6229 2.5
6230 2.5
6231 2.5
6232 2.5
6233 2.5
6234 2.5
6235 2.5
6236 2.5
6237 2.5
6238 2.5
6239 2.5
6240 2.5
6241 2.5
6242 2.5
6243 2.5
6244 2.5
6245 2.5
6246 2.5
6247 2.5
6248 2.5
6249 2.5
6250 2.5
6251 2.5
6252 2.5
6253 2.5
6254 2.5
6255 2.5
6256 2.5
6257 2.5
6258 2.5
6259 2.5
6260 2.5
6261 2.5
6262 2.5
6263 2.5
6264 2.5
6265 2.5
6266 2.5
6267 2.5
6268 2.5
6269 2.5
6270 2.5
6271 2.5
6272 2.5
6273 2.5
6274 2.5
6275 2.5
6276 2.5
6277 2.5
6278 2.5
6279 2.5
6280 2.5
6281 2.5
6282 2.5
6283 2.5
6284 2.5
6285 2.5
6286 2.5
6287 2.5
6288 2.5
6289 2.5
6290 2.5
6291 2.5
6292 2.5
6293 2.5
6294 2.5
6295 2.5
6296 2.5
6297 2.5
6298 2.5
6299 2.5
6300 2.5
6301 2.5
6302 2.5
6303 2.5
6304 2.5
6305 2.5
6306 2.5
6307 2.5
6308 2.5
6309 2.5
6310 2.5
6311 2.5
6312 2.5
6313 2.5
6314 2.5
6315 2.5
6316 2.5
6317 2.5
6318 2.5
6319 2.5
6320 2.5
6321 2.5
6322 2.5
6323 2.5
6324 2.5
6325 2.5
6326 2.5
6327 2.5
6328 2.5
6329 2.5
6330 2.5
6331 0.1
6332 0.1
6333 0.1
6334 0.1
6335 0.1
6336 0.1
6337 0.1
6338 0.1
6339 0.1
6340 0.1
6341 0.1
6342 0.1
6343 0.1
6344 0.1
6345 0.1
6346 0.1
6347 0.1
6348 0.1
6349 0.1
6350 0.1
6351 0.1
6352 0.1
6353 0.1
6354 0.1
6355 0.1
6356 0.1
6357 0.1
6358 0.1
6359 0.1
6360 0.1
6361 0.1
6362 0.1
6363 0.1
6364 0.1
6365 0.1
6366 0.1
6367 0.1
6368 0.1
6369 0.1
6370 0.1
6371 0.1
6372 0.1
6373 0.1
6374 0.1
6375 0.1
6376 0.1
6377 0.1
6378 0.1
6379 0.1
6380 0.1
6381 0.1
6382 0.1
6383 0.1
6384 0.1
6385 0.1
6386 0.1
6387 0.1
6388 0.1
6389 0.1
6390 0.1
6391 0.1
6392 0.1
6393 0.1
6394 0.1
6395 0.1
6396 0.1
6397 0.1
6398 0.1
6399 0.1
6400 0.1
6401 0.1
6402 0.1
6403 0.1
6404 0.1
6405 0.1
6406 0.1
6407 0.1
6408 0.1
6409 0.1
6410 0.1
6411 0.1
6412 0.1
6413 0.1
6414 0.1
6415 0.1
6416 0.1
6417 0.1
6418 0.1
6419 0.1
6420 0.1
6421 0.1
6422 0.1
6423 0.1
6424 0.1
6425 0.1
6426 0.1
6427 0.1
6428 0.1
6429 0.1
6430 0.1
6431 0.1
6432 0.1
6433 0.1
6434 0.1
6435 0.1
6436 0.1
6437 0.1
6438 0.1
6439 0.1
6440 0.1
6441 0.1
6442 0.1
6443 0.1
6444 0.1
6445 0.1
6446 0.1
6447 0.1
6448 0.1
6449 0.1
6450 0.1
6451 0.1
6452 0.1
6453 0.1
6454 0.1
6455 0.1
6456 0.1
6457 0.1
6458 0.1
6459 0.1
6460 0.1
6461 0.1
6462 0.1
6463 0.1
6464 0.1
6465 0.1
6466 0.1
6467 0.1
6468 0.1
6469 0.1
6470 0.1
6471 0.1
6472 0.1
6473 0.1
6474 0.1
6475 0.1
6476 0.1
6477 0.1
6478 0.1
6479 0.1
6480 0.1
6481 0.1
6482 0.1
6483 0.1
6484 0.1
6485 0.1
6486 0.1
6487 0.1
6488 0.1
6489 0.1
6490 0.1
6491 0.1
6492 0.1
6493 0.1
6494 0.1
6495 0.1
6496 0.1
6497 0.1
6498 0.1
6499 0.1
6500 0.1
6501 0.1
6502 0.1
6503 0.1
6504 0.1
6505 0.1
6506 0.1
6507 0.1
6508 0.1
6509 0.1
6510 0.1
6511 0.1
6512 0.1
6513 0.1
6514 0.1
6515 0.1
6516 0.1
6517 0.1
6518 0.1
6519 0.1
6520 0.1
6521 0.1
6522 0.1
6523 0.1
6524 0.1
6525 0.1
6526 0.1
6527 0.1
6528 0.1
6529 0.1
6530 0.1
6531 0.1
6532 0.1
6533 0.1
6534 0.1
6535 0.1
6536 0.1
6537 0.1
6538 0.1
6539 0.1
6540 0.1
6541 0.1
6542 0.1
6543 0.1
6544 0.1
6545 2.5
6546 2.5
6547 2.5
6548 2.5
6549 2.5
6550 2.5
6551 2.5
6552 2.5
6553 2.5
6554 2.5
6555 2.5
6556 2.5
6557 2.5
6558 2.5
6559 2.5
6560 2.5
6561 2.5
6562 2.5
6563 2.5
6564 2.5
6565 2.5
6566 2.5
6567 2.5
6568 2.5
6569 2.5
6570 2.5
6571 2.5
6572 2.5
6573 2.5
6574 2.5
6575 2.5
6576 2.5
6577 2.5
6578 2.5
6579 2.5
6580 2.5
6581 2.5
6582 2.5
6583 2.5
6584 2.5
6585 2.5
6586 2.5
6587 2.5
6588 2.5
6589 2.5
6590 2.5
6591 2.5
6592 2.5
6593 2.5
6594 2.5
6595 2.5
6596 2.5
6597 2.5
6598 2.5
6599 2.5
6600 2.5
6601 2.5
6602 2.5
6603 2.5
6604 2.5
6605 2.5
6606 2.5
6607 2.5
6608 2.5
6609 2.5
6610 2.5
6611 2.5
6612 2.5
6613 2.5
6614 2.5
6615 2.5
6616 2.5
6617 2.5
6618 2.5
6619 2.5
6620 2.5
6621 2.5
6622 2.5
6623 2.5
6624 2.5
6625 2.5
6626 2.5
6627 2.5
6628 2.5
6629 2.5
6630 2.5
6631 2.5
6632 2.5
6633 2.5
6634 2.5
6635 2.5
6636 2.5
6637 2.5
6638 2.5
6639 2.5
6640 2.5
6641 2.5
6642 2.5
6643 2.5
6644 2.5
6645 2.5
6646 2.5
6647 2.5
6648 2.5
6649 2.5
6650 2.5
6651 2.5
6652 2.5
6653 2.5
6654 2.5
6655 2.5
6656 2.5
6657 2.5
6658 2.5
6659 2.5
6660 2.5
6661 2.5
6662 2.5
6663 2.5
6664 2.5
6665 2.5
6666 2.5
6667 2.5
6668 2.5
6669 2.5
6670 2.5
6671 2.5
6672 2.5
6673 2.5
6674 2.5
6675 2.5
6676 2.5
6677 2.5
6678 2.5
6679 2.5
6680 2.5
6681 2.5
6682 2.5
6683 2.5
6684 2.5
6685 2.5
6686 2.5
6687 2.5
6688 2.5
6689 2.5
6690 2.5
6691 2.5
6692 2.5
6693 2.5
6694 2.5
6695 2.5
6696 0.1
6697 0.1
6698 0.1
6699 0.1
6700 0.1
6701 0.1
6702 0.1
6703 0.1
6704 0.1
6705 0.1
6706 0.1
6707 0.1
6708 0.1
6709 0.1
6710 0.1
6711 0.1
6712 0.1
6713 0.1
6714 0.1
6715 0.1
6716 0.1
6717 0.1
6718 0.1
6719 0.1
6720 0.1
6721 0.1
6722 0.1
6723 0.1
6724 0.1
6725 0.1
6726 0.1
6727 0.1
6728 0.1
6729 0.1
6730 0.1
6731 0.1
6732 0.1
6733 0.1
6734 0.1
6735 0.1
6736 0.1
6737 0.1
6738 0.1
6739 0.1
6740 0.1
6741 0.1
6742 0.1
6743 0.1
6744 0.1
6745 0.1
6746 0.1
6747 0.1
6748 0.1
6749 0.1
6750 0.1
6751 0.1
6752 0.1
6753 0.1
6754 0.1
6755 0.1
6756 0.1
6757 0.1
6758 0.1
6759 0.1
6760 0.1
6761 0.1
6762 0.1
6763 0.1
6764 0.1
6765 0.1
6766 0.1
6767 0.1
6768 0.1
6769 0.1
6770 0.1
6771 0.1
6772 0.1
6773 0.1
6774 0.1
6775 0.1
6776 0.1
6777 0.1
6778 0.1
6779 0.1
6780 0.1
6781 0.1
6782 0.1
6783 0.1
6784 0.1
6785 0.1
6786 0.1
6787 0.1
6788 0.1
6789 0.1
6790 0.1
6791 0.1
6792 0.1
6793 0.1
6794 0.1
6795 0.1
6796 0.1
6797 0.1
6798 0.1
6799 0.1
6800 0.1
6801 0.1
6802 0.1
6803 0.1
6804 0.1
6805 0.1
6806 0.1
6807 0.1
6808 0.1
6809 0.1
6810 0.1
6811 0.1
6812 0.1
6813 0.1
6814 0.1
6815 0.1
6816 0.1
6817 0.1
6818 0.1
6819 0.1
6820 0.1
6821 0.1
6822 0.1
6823 0.1
6824 0.1
6825 0.1
6826 0.1
6827 0.1
6828 0.1
6829 0.1
6830 0.1
6831 0.1
6832 0.1
6833 0.1
6834 0.1
6835 0.1
6836 0.1
6837 0.1
6838 0.1
6839 0.1
6840 0.1
6841 0.1
6842 0.1
6843 0.1
6844 0.1
6845 0.1
6846 0.1
6847 0.1
6848 0.1
6849 0.1
6850 0.1
6851 0.1
6852 0.1
6853 0.1
6854 0.1
6855 0.1
6856 0.1
6857 0.1
6858 0.1
6859 0.1
6860 0.1
6861 0.1
6862 0.1
6863 0.1
6864 0.1
6865 0.1
6866 0.1
6867 0.1
6868 0.1
6869 0.1
6870 0.1
6871 0.1
6872 0.1
6873 0.1
6874 0.1
6875 0.1
6876 0.1
6877 0.1
6878 0.1
6879 0.1
6880 0.1
6881 0.1
6882 0.1
6883 0.1
6884 0.1
6885 0.1
6886 0.1
6887 0.1
6888 0.1
6889 0.1
6890 0.1
6891 0.1
6892 0.1
6893 0.1
6894 0.1
6895 0.1
6896 0.1
6897 0.1
6898 0.1
6899 0.1
6900 0.1
6901 0.1
6902 0.1
6903 0.1
6904 0.1
6905 0.1
6906 0.1
6907 0.1
6908 0.1
6909 0.1
6910 2.5
6911 2.5
6912 2.5
6913 2.5
6914 2.5
6915 2.5
6916 2.5
6917 2.5
6918 2.5
6919 2.5
6920 2.5
6921 2.5
6922 2.5
6923 2.5
6924 2.5
6925 2.5
6926 2.5
6927 2.5
6928 2.5
6929 2.5
6930 2.5
6931 2.5
6932 2.5
6933 2.5
6934 2.5
6935 2.5
6936 2.5
6937 2.5
6938 2.5
6939 2.5
6940 2.5
6941 2.5
6942 2.5
6943 2.5
6944 2.5
6945 2.5
6946 2.5
6947 2.5
6948 2.5
6949 2.5
6950 2.5
6951 2.5
6952 2.5
6953 2.5
6954 2.5
6955 2.5
6956 2.5
6957 2.5
6958 2.5
6959 2.5
6960 2.5
6961 2.5
6962 2.5
6963 2.5
6964 2.5
6965 2.5
6966 2.5
6967 2.5
6968 2.5
6969 2.5
6970 2.5
6971 2.5
6972 2.5
6973 2.5
6974 2.5
6975 2.5
6976 2.5
6977 2.5
6978 2.5
6979 2.5
6980 2.5
6981 2.5
6982 2.5
6983 2.5
6984 2.5
6985 2.5
6986 2.5
6987 2.5
6988 2.5
6989 2.5
6990 2.5
6991 2.5
6992 2.5
6993 2.5
6994 2.5
6995 2.5
6996 2.5
6997 2.5
6998 2.5
6999 2.5
7000 2.5
7001 2.5
7002 2.5
7003 2.5
7004 2.5
7005 2.5
7006 2.5
7007 2.5
7008 2.5
7009 2.5
7010 2.5
7011 2.5
7012 2.5
7013 2.5
7014 2.5
7015 2.5
7016 2.5
7017 2.5
7018 2.5
7019 2.5
7020 2.5
7021 2.5
7022 2.5
7023 2.5
7024 2.5
7025 2.5
7026 2.5
7027 2.5
7028 2.5
7029 2.5
7030 2.5
7031 2.5
7032 2.5
7033 2.5
7034 2.5
7035 2.5
7036 2.5
7037 2.5
7038 2.5
7039 2.5
7040 2.5
7041 2.5
7042 2.5
7043 2.5
7044 2.5
7045 2.5
7046 2.5
7047 2.5
7048 2.5
7049 2.5
7050 2.5
7051 2.5
7052 2.5
7053 2.5
7054 2.5
7055 2.5
7056 2.5
7057 2.5
7058 2.5
7059 2.5
7060 2.5
7061 0.1
7062 0.1
7063 0.1
7064 0.1
7065 0.1
7066 0.1
7067 0.1
7068 0.1
7069 0.1
7070 0.1
7071 0.1
7072 0.1
7073 0.1
7074 0.1
7075 0.1
7076 0.1
7077 0.1
7078 0.1
7079 0.1
7080 0.1
7081 0.1
7082 0.1
7083 0.1
7084 0.1
7085 0.1
7086 0.1
7087 0.1
7088 0.1
7089 0.1
7090 0.1
7091 0.1
7092 0.1
7093 0.1
7094 0.1
7095 0.1
7096 0.1
7097 0.1
7098 0.1
7099 0.1
7100 0.1
7101 0.1
7102 0.1
7103 0.1
7104 0.1
7105 0.1
7106 0.1
7107 0.1
7108 0.1
7109 0.1
7110 0.1
7111 0.1
7112 0.1
7113 0.1
7114 0.1
7115 0.1
7116 0.1
7117 0.1
7118 0.1
7119 0.1
7120 0.1
7121 0.1
7122 0.1
7123 0.1
7124 0.1
7125 0.1
7126 0.1
7127 0.1
7128 0.1
7129 0.1
7130 0.1
7131 0.1
7132 0.1
7133 0.1
7134 0.1
7135 0.1
7136 0.1
7137 0.1
7138 0.1
7139 0.1
7140 0.1
7141 0.1
7142 0.1
7143 0.1
7144 0.1
7145 0.1
7146 0.1
7147 0.1
7148 0.1
7149 0.1
7150 0.1
7151 0.1
7152 0.1
7153 0.1
7154 0.1
7155 0.1
7156 0.1
7157 0.1
7158 0.1
7159 0.1
7160 0.1
7161 0.1
7162 0.1
7163 0.1
7164 0.1
7165 0.1
7166 0.1
7167 0.1
7168 0.1
7169 0.1
7170 0.1
7171 0.1
7172 0.1
7173 0.1
7174 0.1
7175 0.1
7176 0.1
7177 0.1
7178 0.1
7179 0.1
7180 0.1
7181 0.1
7182 0.1
7183 0.1
7184 0.1
7185 0.1
7186 0.1
7187 0.1
7188 0.1
7189 0.1
7190 0.1
7191 0.1
7192 0.1
7193 0.1
7194 0.1
7195 0.1
7196 0.1
7197 0.1
7198 0.1
7199 0.1
7200 0.1
7201 0.1
7202 0.1
7203 0.1
7204 0.1
7205 0.1
7206 0.1
7207 0.1
7208 0.1
7209 0.1
7210 0.1
7211 0.1
7212 0.1
7213 0.1
7214 0.1
7215 0.1
7216 0.1
7217 0.1
7218 0.1
7219 0.1
7220 0.1
7221 0.1
7222 0.1
7223 0.1
7224 0.1
7225 0.1
7226 0.1
7227 0.1
7228 0.1
7229 0.1
7230 0.1
7231 0.1
7232 0.1
7233 0.1
7234 0.1
7235 0.1
7236 0.1
7237 0.1
7238 0.1
7239 0.1
7240 0.1
7241 0.1
7242 0.1
7243 0.1
7244 0.1
7245 0.1
7246 0.1
7247 0.1
7248 0.1
7249 0.1
7250 0.1
7251 0.1
7252 0.1
7253 0.1
7254 0.1
7255 0.1
7256 0.1
7257 0.1
7258 0.1
7259 0.1
7260 0.1
7261 0.1
7262 0.1
7263 0.1
7264 0.1
7265 0.1
7266 0.1
7267 0.1
7268 0.1
7269 0.1
7270 0.1
7271 0.1
7272 0.1
7273 0.1
7274 0.1
7275 2.5
7276 2.5
7277 2.5
7278 2.5
7279 2.5
7280 2.5
7281 2.5
7282 2.5
7283 2.5
7284 2.5
7285 2.5
7286 2.5
7287 2.5
7288 2.5
7289 2.5
7290 2.5
7291 2.5
7292 2.5
7293 2.5
7294 2.5
7295 2.5
7296 2.5
7297 2.5
7298 2.5
7299 2.5
7300 2.5
7301 2.5
7302 2.5
7303 2.5
7304 2.5
7305 2.5
7306 2.5
7307 2.5
7308 2.5
7309 2.5
7310 2.5
7311 2.5
7312 2.5
7313 2.5
7314 2.5
7315 2.5
7316 2.5
7317 2.5
7318 2.5
7319 2.5
7320 2.5
7321 2.5
7322 2.5
7323 2.5
7324 2.5
7325 2.5
7326 2.5
7327 2.5
7328 2.5
7329 2.5
7330 2.5
7331 2.5
7332 2.5
7333 2.5
7334 2.5
7335 2.5
7336 2.5
7337 2.5
7338 2.5
7339 2.5
7340 2.5
7341 2.5
7342 2.5
7343 2.5
7344 2.5
7345 2.5
7346 2.5
7347 2.5
7348 2.5
7349 2.5
7350 2.5
7351 2.5
7352 2.5
7353 2.5
7354 2.5
7355 2.5
7356 2.5
7357 2.5
7358 2.5
7359 2.5
7360 2.5
7361 2.5
7362 2.5
7363 2.5
7364 2.5
7365 2.5
7366 2.5
7367 2.5
7368 2.5
7369 2.5
7370 2.5
7371 2.5
7372 2.5
7373 2.5
7374 2.5
7375 2.5
7376 2.5
7377 2.5
7378 2.5
7379 2.5
7380 2.5
7381 2.5
7382 2.5
7383 2.5
7384 2.5
7385 2.5
7386 2.5
7387 2.5
7388 2.5
7389 2.5
7390 2.5
7391 2.5
7392 2.5
7393 2.5
7394 2.5
7395 2.5
7396 2.5
7397 2.5
7398 2.5
7399 2.5
7400 2.5
7401 2.5
7402 2.5
7403 2.5
7404 2.5
7405 2.5
7406 2.5
7407 2.5
7408 2.5
7409 2.5
7410 2.5
7411 2.5
7412 2.5
7413 2.5
7414 2.5
7415 2.5
7416 2.5
7417 2.5
7418 2.5
7419 2.5
7420 2.5
7421 2.5
7422 2.5
7423 2.5
7424 2.5
7425 2.5
7426 0.1
7427 0.1
7428 0.1
7429 0.1
7430 0.1
7431 0.1
7432 0.1
7433 0.1
7434 0.1
7435 0.1
7436 0.1
7437 0.1
7438 0.1
7439 0.1
7440 0.1
7441 0.1
7442 0.1
7443 0.1
7444 0.1
7445 0.1
7446 0.1
7447 0.1
7448 0.1
7449 0.1
7450 0.1
7451 0.1
7452 0.1
7453 0.1
7454 0.1
7455 0.1
7456 0.1
7457 0.1
7458 0.1
7459 0.1
7460 0.1
7461 0.1
7462 0.1
7463 0.1
7464 0.1
7465 0.1
7466 0.1
7467 0.1
7468 0.1
7469 0.1
7470 0.1
7471 0.1
7472 0.1
7473 0.1
7474 0.1
7475 0.1
7476 0.1
7477 0.1
7478 0.1
7479 0.1
7480 0.1
7481 0.1
7482 0.1
7483 0.1
7484 0.1
7485 0.1
7486 0.1
7487 0.1
7488 0.1
7489 0.1
7490 0.1
7491 0.1
7492 0.1
7493 0.1
7494 0.1
7495 0.1
7496 0.1
7497 0.1
7498 0.1
7499 0.1
7500 0.1
7501 0.1
7502 0.1
7503 0.1
7504 0.1
7505 0.1
7506 0.1
7507 0.1
7508 0.1
7509 0.1
7510 0.1
7511 0.1
7512 0.1
7513 0.1
7514 0.1
7515 0.1
7516 0.1
7517 0.1
7518 0.1
7519 0.1
7520 0.1
7521 0.1
7522 0.1
7523 0.1
7524 0.1
7525 0.1
7526 0.1
7527 0.1
7528 0.1
7529 0.1
7530 0.1
7531 0.1
7532 0.1
7533 0.1
7534 0.1
7535 0.1
7536 0.1
7537 0.1
7538 0.1
7539 0.1
7540 0.1
7541 0.1
7542 0.1
7543 0.1
7544 0.1
7545 0.1
7546 0.1
7547 0.1
7548 0.1
7549 0.1
7550 0.1
7551 0.1
7552 0.1
7553 0.1
7554 0.1
7555 0.1
7556 0.1
7557 0.1
7558 0.1
7559 0.1
7560 0.1
7561 0.1
7562 0.1
7563 0.1
7564 0.1
7565 0.1
7566 0.1
7567 0.1
7568 0.1
7569 0.1
7570 0.1
7571 0.1
7572 0.1
7573 0.1
7574 0.1
7575 0.1
7576 0.1
7577 0.1
7578 0.1
7579 0.1
7580 0.1
7581 0.1
7582 0.1
7583 0.1
7584 0.1
7585 0.1
7586 0.1
7587 0.1
7588 0.1
7589 0.1
7590 0.1
7591 0.1
7592 0.1
7593 0.1
7594 0.1
7595 0.1
7596 0.1
7597 0.1
7598 0.1
7599 0.1
7600 0.1
7601 0.1
7602 0.1
7603 0.1
7604 0.1
7605 0.1
7606 0.1
7607 0.1
7608 0.1
7609 0.1
7610 0.1
7611 0.1
7612 0.1
7613 0.1
7614 0.1
7615 0.1
7616 0.1
7617 0.1
7618 0.1
7619 0.1
7620 0.1
7621 0.1
7622 0.1
7623 0.1
7624 0.1
7625 0.1
7626 0.1
7627 0.1
7628 0.1
7629 0.1
7630 0.1
7631 0.1
7632 0.1
7633 0.1
7634 0.1
7635 0.1
7636 0.1
7637 0.1
7638 0.1
7639 0.1
7640 2.5
7641 2.5
7642 2.5
7643 2.5
7644 2.5
7645 2.5
7646 2.5
7647 2.5
7648 2.5
7649 2.5
7650 2.5
7651 2.5
7652 2.5
7653 2.5
7654 2.5
7655 2.5
7656 2.5
7657 2.5
7658 2.5
7659 2.5
7660 2.5
7661 2.5
7662 2.5
7663 2.5
7664 2.5
7665 2.5
7666 2.5
7667 2.5
7668 2.5
7669 2.5
